859.0
5
20
67 87 42 73 51 65 76 74 54 52 69 61 105 18 90 45 26 92 108 21 
91.0 24.0 36.0 45.0 17.0 54.0 67.0 84.0 43.0 30.0 74.0 46.0 30.0 27.0 17.0 72.0 68.0 84.0 80.0 34.0 74.0 51.0 66.0 41.0 55.0 46.0 8.0 62.0 4.0 82.0 8.0 56.0 86.0 70.0 86.0 27.0 58.0 59.0 24.0 3.0 29.0 52.0 67.0 22.0 21.0 0.0 93.0 43.0 60.0 98.0 52.0 70.0 47.0 22.0 93.0 68.0 4.0 70.0 65.0 70.0 9.0 17.0 70.0 44.0 45.0 68.0 26.0 98.0 87.0 73.0 37.0 61.0 66.0 41.0 36.0 32.0 0.0 34.0 16.0 2.0 96.0 24.0 60.0 89.0 51.0 36.0 62.0 17.0 88.0 84.0 92.0 17.0 47.0 54.0 99.0 54.0 56.0 77.0 21.0 58.0 
(54 : 55)
(55 : 67)
(74 : 64)
(90 : 79)
(79 : 78)
(108 : 98)
(98 : 89)
(89 : 90)
(61 : 49)
(64 : 63)
(63 : 51)
(108 : 109)
(63 : 62)
(62 : 61)
(65 : 75)
(75 : 74)
(52 : 40)
(55 : 56)
(55 : 43)
(65 : 66)
(66 : 76)
(76 : 77)
(77 : 67)
(77 : 78)
(89 : 88)
(88 : 77)
(51 : 50)
(50 : 49)
(18 : 10)
(73 : 72)
(72 : 62)
(56 : 44)
(44 : 43)
(56 : 57)
(57 : 45)
(57 : 69)
(73 : 84)
(45 : 46)
(75 : 86)
(50 : 38)
(38 : 26)
(40 : 28)
(49 : 48)
(26 : 27)
(27 : 28)
(105 : 95)
(43 : 31)
(21 : 13)
(84 : 83)
(83 : 72)
(87 : 96)
(105 : 106)
(88 : 97)
(97 : 96)
(97 : 98)
(13 : 5)
(44 : 32)
(105 : 114)
(45 : 33)
(114 : 113)
(5 : 6)
(69 : 70)
(105 : 104)
(104 : 113)
(5 : 4)
(67 : 68)
(65 : 53)
(53 : 52)
(57 : 58)
(58 : 70)
(106 : 107)
(107 : 97)
(107 : 108)
(106 : 115)
(115 : 114)
(46 : 34)
(34 : 33)
(4 : 3)
(83 : 82)
(40 : 41)
(41 : 53)
(6 : 7)
(113 : 112)
(115 : 116)
(116 : 107)
(84 : 85)
(85 : 74)
(85 : 86)
(98 : 99)
(99 : 109)
(31 : 20)
(70 : 80)
(7 : 15)
(18 : 17)
(17 : 28)
(13 : 14)
(14 : 15)
(10 : 11)
(112 : 111)
(4 : 12)
(90 : 91)
(3 : 2)
(2 : 10)
(21 : 22)
(22 : 14)
(22 : 33)
(116 : 117)
(112 : 103)
(103 : 104)
(15 : 23)
(23 : 22)
(51 : 39)
(39 : 27)
(39 : 38)
(39 : 40)
(91 : 100)
(100 : 99)
(72 : 71)
(100 : 110)
(84 : 93)
(42 : 30)
(110 : 119)
(61 : 60)
(60 : 48)
(28 : 29)
(29 : 41)
(29 : 30)
(82 : 81)
(17 : 9)
(9 : 1)
(1 : 0)
(48 : 47)
(48 : 36)
(49 : 37)
(37 : 38)
(92 : 102)
(102 : 103)
(17 : 16)
(16 : 27)
(104 : 94)
(94 : 95)
(36 : 35)
(35 : 24)
(37 : 25)
(25 : 26)
(47 : 59)
(20 : 19)
(19 : 11)
(19 : 30)
(102 : 101)
(109 : 118)
(118 : 119)
(9 : 8)
(8 : 0)
(8 : 16)
