4496.0
9
20
296 422 174 353 227 291 360 355 232 229 301 283 498 52 428 183 111 460 504 61 
97.0 59.0 45.0 13.0 24.0 32.0 24.0 32.0 28.0 70.0 47.0 84.0 47.0 68.0 75.0 81.0 52.0 30.0 6.0 36.0 25.0 61.0 53.0 60.0 91.0 45.0 90.0 25.0 62.0 31.0 64.0 31.0 98.0 24.0 68.0 39.0 93.0 2.0 54.0 77.0 99.0 33.0 32.0 34.0 14.0 76.0 6.0 73.0 91.0 85.0 68.0 84.0 3.0 31.0 46.0 14.0 23.0 65.0 74.0 53.0 5.0 24.0 79.0 71.0 14.0 71.0 76.0 32.0 96.0 30.0 1.0 75.0 83.0 31.0 76.0 4.0 85.0 45.0 50.0 52.0 96.0 13.0 42.0 12.0 83.0 32.0 14.0 58.0 51.0 53.0 20.0 54.0 67.0 97.0 84.0 89.0 58.0 59.0 31.0 28.0 24.0 13.0 27.0 61.0 88.0 68.0 82.0 8.0 32.0 41.0 39.0 90.0 2.0 63.0 3.0 17.0 32.0 96.0 59.0 16.0 66.0 79.0 84.0 14.0 89.0 84.0 97.0 46.0 29.0 58.0 87.0 46.0 47.0 92.0 89.0 14.0 24.0 20.0 49.0 0.0 31.0 99.0 69.0 87.0 3.0 74.0 95.0 68.0 41.0 60.0 48.0 55.0 21.0 83.0 38.0 15.0 46.0 68.0 24.0 94.0 39.0 42.0 30.0 2.0 85.0 4.0 61.0 85.0 8.0 60.0 91.0 13.0 13.0 11.0 14.0 25.0 42.0 33.0 33.0 84.0 55.0 83.0 0.0 70.0 5.0 54.0 47.0 34.0 66.0 30.0 17.0 93.0 66.0 2.0 32.0 40.0 99.0 65.0 86.0 45.0 99.0 0.0 75.0 26.0 37.0 39.0 58.0 55.0 27.0 48.0 20.0 27.0 32.0 91.0 1.0 3.0 38.0 48.0 74.0 73.0 64.0 19.0 74.0 59.0 31.0 89.0 40.0 97.0 10.0 79.0 52.0 65.0 56.0 68.0 90.0 56.0 88.0 49.0 45.0 1.0 65.0 53.0 99.0 29.0 17.0 45.0 42.0 79.0 88.0 13.0 5.0 19.0 2.0 60.0 61.0 33.0 97.0 77.0 84.0 85.0 40.0 62.0 93.0 12.0 21.0 0.0 36.0 76.0 2.0 76.0 69.0 93.0 34.0 35.0 21.0 36.0 52.0 33.0 80.0 67.0 24.0 53.0 8.0 16.0 79.0 70.0 49.0 76.0 1.0 56.0 15.0 5.0 82.0 4.0 13.0 84.0 28.0 63.0 42.0 55.0 17.0 9.0 74.0 27.0 68.0 87.0 47.0 85.0 2.0 90.0 29.0 75.0 79.0 11.0 8.0 76.0 38.0 15.0 89.0 87.0 3.0 42.0 58.0 79.0 90.0 47.0 37.0 50.0 36.0 4.0 4.0 26.0 44.0 8.0 89.0 44.0 72.0 88.0 68.0 2.0 16.0 44.0 69.0 59.0 51.0 79.0 91.0 2.0 7.0 79.0 4.0 51.0 63.0 25.0 4.0 15.0 0.0 93.0 86.0 36.0 87.0 19.0 56.0 80.0 64.0 35.0 85.0 40.0 62.0 3.0 51.0 21.0 1.0 77.0 88.0 62.0 22.0 31.0 34.0 48.0 54.0 69.0 7.0 8.0 45.0 28.0 16.0 88.0 69.0 31.0 80.0 21.0 90.0 47.0 55.0 78.0 58.0 18.0 56.0 99.0 30.0 11.0 14.0 36.0 31.0 26.0 43.0 80.0 5.0 80.0 56.0 96.0 82.0 34.0 48.0 49.0 41.0 0.0 65.0 54.0 44.0 0.0 60.0 64.0 27.0 99.0 4.0 97.0 50.0 43.0 26.0 45.0 33.0 59.0 21.0 75.0 76.0 98.0 47.0 51.0 12.0 68.0 99.0 58.0 34.0 21.0 83.0 32.0 27.0 30.0 91.0 86.0 57.0 61.0 39.0 59.0 91.0 98.0 85.0 94.0 87.0 58.0 79.0 34.0 8.0 40.0 7.0 94.0 57.0 14.0 84.0 64.0 52.0 68.0 32.0 11.0 30.0 42.0 66.0 33.0 36.0 90.0 85.0 30.0 38.0 11.0 82.0 3.0 40.0 54.0 35.0 3.0 31.0 19.0 18.0 54.0 12.0 95.0 23.0 4.0 
(291 : 272)
(296 : 277)
(296 : 295)
(52 : 53)
(53 : 28)
(295 : 276)
(111 : 112)
(232 : 233)
(355 : 356)
(428 : 429)
(301 : 280)
(174 : 154)
(355 : 334)
(52 : 27)
(28 : 8)
(296 : 297)
(61 : 62)
(62 : 35)
(301 : 300)
(498 : 497)
(333 : 334)
(227 : 226)
(226 : 206)
(8 : 7)
(226 : 225)
(232 : 211)
(280 : 261)
(52 : 51)
(206 : 207)
(232 : 231)
(295 : 294)
(229 : 248)
(35 : 34)
(291 : 290)
(61 : 60)
(232 : 253)
(112 : 129)
(305 : 306)
(291 : 292)
(61 : 84)
(111 : 92)
(62 : 63)
(428 : 412)
(229 : 209)
(353 : 354)
(231 : 230)
(354 : 332)
(284 : 306)
(34 : 33)
(33 : 60)
(230 : 210)
(248 : 247)
(429 : 444)
(412 : 390)
(54 : 53)
(295 : 318)
(208 : 209)
(183 : 161)
(9 : 10)
(13 : 33)
(226 : 246)
(84 : 85)
(253 : 254)
(290 : 271)
(359 : 358)
(359 : 337)
(63 : 86)
(7 : 6)
(360 : 361)
(280 : 281)
(174 : 175)
(361 : 383)
(504 : 505)
(174 : 173)
(183 : 184)
(29 : 55)
(91 : 92)
(292 : 273)
(51 : 50)
(271 : 250)
(276 : 275)
(275 : 254)
(305 : 304)
(233 : 234)
(412 : 411)
(260 : 261)
(251 : 273)
(304 : 303)
(60 : 59)
(318 : 340)
(300 : 323)
(270 : 289)
(270 : 269)
(269 : 247)
(412 : 413)
(291 : 315)
(504 : 503)
(273 : 274)
(390 : 368)
(29 : 30)
(225 : 224)
(274 : 252)
(252 : 251)
(91 : 69)
(323 : 322)
(173 : 172)
(359 : 381)
(6 : 5)
(254 : 255)
(211 : 194)
(332 : 331)
(69 : 42)
(267 : 246)
(42 : 43)
(184 : 202)
(83 : 59)
(52 : 77)
(30 : 31)
(390 : 391)
(391 : 413)
(400 : 399)
(190 : 206)
(175 : 155)
(155 : 154)
(339 : 340)
(43 : 21)
(51 : 76)
(76 : 77)
(281 : 262)
(503 : 502)
(362 : 341)
(175 : 195)
(502 : 489)
(189 : 164)
(30 : 56)
(269 : 268)
(283 : 282)
(498 : 510)
(322 : 321)
(86 : 87)
(380 : 401)
(56 : 80)
(26 : 25)
(175 : 176)
(505 : 506)
(504 : 515)
(401 : 419)
(13 : 12)
(305 : 327)
(383 : 384)
(339 : 338)
(338 : 360)
(497 : 496)
(411 : 410)
(390 : 389)
(290 : 314)
(314 : 315)
(222 : 204)
(164 : 146)
(146 : 129)
(183 : 182)
(129 : 130)
(341 : 342)
(505 : 491)
(233 : 212)
(212 : 195)
(342 : 319)
(319 : 297)
(30 : 11)
(92 : 93)
(93 : 112)
(497 : 486)
(293 : 294)
(322 : 344)
(277 : 256)
(256 : 255)
(389 : 388)
(388 : 410)
(289 : 312)
(323 : 345)
(345 : 344)
(136 : 120)
(316 : 317)
(317 : 293)
(56 : 57)
(410 : 409)
(268 : 288)
(409 : 387)
(505 : 516)
(287 : 286)
(306 : 307)
(491 : 492)
(256 : 257)
(277 : 278)
(278 : 257)
(278 : 297)
(333 : 311)
(256 : 235)
(235 : 234)
(312 : 313)
(313 : 314)
(250 : 249)
(297 : 298)
(262 : 241)
(265 : 264)
(379 : 398)
(398 : 399)
(516 : 517)
(50 : 49)
(389 : 367)
(367 : 368)
(498 : 499)
(499 : 511)
(21 : 20)
(183 : 201)
(201 : 202)
(319 : 320)
(320 : 321)
(195 : 196)
(353 : 378)
(234 : 213)
(213 : 212)
(264 : 244)
(344 : 343)
(400 : 418)
(91 : 90)
(42 : 41)
(146 : 145)
(391 : 369)
(369 : 346)
(327 : 328)
(328 : 306)
(444 : 443)
(5 : 4)
(344 : 366)
(327 : 326)
(399 : 417)
(50 : 75)
(403 : 381)
(380 : 357)
(55 : 79)
(57 : 81)
(404 : 405)
(405 : 383)
(222 : 223)
(492 : 483)
(176 : 156)
(156 : 155)
(387 : 365)
(365 : 366)
(491 : 482)
(482 : 483)
(506 : 507)
(441 : 442)
(265 : 266)
(362 : 363)
(363 : 342)
(145 : 163)
(78 : 54)
(284 : 285)
(285 : 307)
(87 : 64)
(64 : 63)
(25 : 24)
(79 : 103)
(427 : 426)
(124 : 123)
(303 : 302)
(502 : 514)
(57 : 58)
(336 : 335)
(335 : 334)
(196 : 197)
(378 : 377)
(83 : 82)
(168 : 149)
(191 : 167)
(167 : 168)
(241 : 220)
(220 : 202)
(149 : 148)
(416 : 397)
(190 : 165)
(498 : 487)
(328 : 350)
(161 : 160)
(160 : 182)
(331 : 330)
(422 : 421)
(330 : 329)
(329 : 352)
(41 : 40)
(496 : 495)
(483 : 471)
(112 : 113)
(145 : 144)
(144 : 128)
(417 : 432)
(378 : 396)
(396 : 397)
(385 : 363)
(69 : 68)
(68 : 90)
(161 : 141)
(169 : 168)
(244 : 243)
(418 : 433)
(433 : 432)
(76 : 100)
(507 : 518)
(43 : 44)
(403 : 420)
(261 : 240)
(240 : 241)
(43 : 70)
(70 : 69)
(70 : 92)
(258 : 257)
(197 : 198)
(279 : 259)
(204 : 188)
(307 : 308)
(308 : 286)
(308 : 329)
(93 : 94)
(433 : 434)
(100 : 101)
(309 : 287)
(201 : 219)
(444 : 459)
(188 : 187)
(497 : 509)
(509 : 510)
(20 : 1)
(511 : 512)
(385 : 386)
(75 : 99)
(507 : 508)
(491 : 490)
(169 : 150)
(192 : 170)
(363 : 364)
(364 : 386)
(350 : 349)
(303 : 325)
(325 : 326)
(441 : 457)
(113 : 114)
(432 : 431)
(49 : 48)
(148 : 147)
(258 : 237)
(326 : 348)
(81 : 105)
(441 : 440)
(457 : 456)
(432 : 448)
(127 : 128)
(459 : 473)
(114 : 95)
(95 : 94)
(457 : 470)
(219 : 218)
(122 : 123)
(90 : 89)
(125 : 126)
(126 : 107)
(126 : 141)
(31 : 32)
(32 : 58)
(443 : 458)
(458 : 459)
(110 : 109)
(352 : 351)
(351 : 350)
(237 : 236)
(236 : 235)
(236 : 257)
(105 : 121)
(121 : 120)
(489 : 480)
(421 : 435)
(100 : 118)
(508 : 519)
(519 : 518)
(105 : 104)
(508 : 494)
(302 : 324)
(324 : 325)
(422 : 436)
(436 : 435)
(148 : 132)
(480 : 469)
(460 : 445)
(41 : 19)
(489 : 488)
(70 : 71)
(71 : 44)
(71 : 93)
(487 : 476)
(490 : 481)
(481 : 482)
(381 : 382)
(514 : 513)
(36 : 37)
(221 : 243)
(166 : 147)
(166 : 167)
(325 : 347)
(347 : 348)
(386 : 408)
(408 : 426)
(408 : 409)
(353 : 331)
(460 : 461)
(78 : 102)
(102 : 103)
(510 : 511)
(2 : 22)
(273 : 272)
(37 : 16)
(285 : 286)
(212 : 211)
(299 : 298)
(299 : 321)
(19 : 0)
(0 : 1)
(287 : 267)
(433 : 449)
(449 : 448)
(245 : 224)
(471 : 472)
(472 : 458)
(472 : 473)
(356 : 357)
(35 : 14)
(516 : 515)
(79 : 80)
(271 : 272)
(235 : 214)
(214 : 197)
(214 : 213)
(122 : 138)
(254 : 233)
(352 : 376)
(376 : 377)
(406 : 407)
(407 : 385)
(407 : 408)
(248 : 270)
(248 : 249)
(54 : 55)
(118 : 134)
(348 : 372)
(376 : 375)
(375 : 351)
(443 : 428)
(174 : 194)
(137 : 138)
(429 : 413)
(507 : 493)
(493 : 492)
(493 : 494)
(214 : 215)
(215 : 198)
(215 : 236)
(284 : 266)
(14 : 15)
(366 : 388)
(366 : 367)
(124 : 140)
(314 : 336)
(204 : 205)
(89 : 67)
(67 : 40)
(67 : 68)
(332 : 310)
(470 : 471)
(87 : 107)
(406 : 425)
(223 : 224)
(197 : 177)
(177 : 176)
(162 : 187)
(327 : 349)
(99 : 98)
(350 : 374)
(374 : 375)
(343 : 365)
(422 : 423)
(423 : 405)
(473 : 484)
(484 : 494)
(283 : 304)
(387 : 386)
(423 : 437)
(437 : 436)
(149 : 150)
(153 : 135)
(135 : 134)
(40 : 18)
(18 : 19)
(349 : 373)
(373 : 372)
(373 : 374)
(7 : 27)
(205 : 223)
(44 : 45)
(45 : 22)
(10 : 11)
(221 : 203)
(142 : 141)
(25 : 4)
(449 : 466)
(68 : 41)
(334 : 312)
(264 : 263)
(263 : 243)
(263 : 282)
(144 : 143)
(143 : 127)
(339 : 361)
(74 : 48)
(373 : 392)
(445 : 430)
(119 : 103)
(119 : 120)
(499 : 500)
(500 : 512)
(258 : 259)
(396 : 395)
(395 : 377)
(358 : 357)
(403 : 402)
(85 : 86)
(275 : 294)
(26 : 50)
(58 : 82)
(136 : 155)
(219 : 240)
(215 : 216)
(216 : 237)
(10 : 29)
(340 : 341)
(74 : 73)
(304 : 326)
(190 : 189)
(74 : 97)
(97 : 98)
(321 : 343)
(448 : 465)
(465 : 466)
(48 : 47)
(47 : 73)
(95 : 72)
(72 : 73)
(402 : 401)
(465 : 464)
(479 : 488)
(479 : 480)
(424 : 423)
(424 : 425)
(153 : 152)
(152 : 134)
(152 : 171)
(251 : 230)
(243 : 242)
(264 : 283)
(417 : 418)
(465 : 474)
(57 : 31)
(4 : 3)
(3 : 24)
(62 : 85)
(132 : 115)
(115 : 114)
(138 : 139)
(139 : 123)
(139 : 140)
(98 : 116)
(420 : 421)
(81 : 80)
(81 : 82)
(448 : 447)
(447 : 431)
(447 : 464)
(392 : 414)
(389 : 411)
(195 : 194)
(313 : 335)
(179 : 180)
(180 : 199)
(18 : 17)
(228 : 227)
(437 : 452)
(47 : 46)
(46 : 45)
(46 : 72)
(67 : 66)
(447 : 446)
(400 : 401)
(259 : 238)
(238 : 237)
(238 : 239)
(238 : 217)
(217 : 199)
(217 : 216)
(199 : 200)
(95 : 96)
(96 : 73)
(96 : 115)
(96 : 97)
(454 : 455)
(455 : 469)
(502 : 501)
(501 : 488)
(501 : 513)
(177 : 157)
(157 : 137)
(157 : 156)
(108 : 107)
(123 : 106)
(114 : 131)
(131 : 130)
(131 : 147)
(131 : 132)
(187 : 186)
(186 : 203)
(89 : 88)
(88 : 66)
(88 : 109)
(451 : 450)
(450 : 434)
(450 : 449)
(490 : 504)
(367 : 345)
(66 : 65)
(349 : 348)
(427 : 409)
(427 : 440)
(24 : 23)
(23 : 47)
(466 : 475)
(475 : 474)
(116 : 117)
(117 : 99)
(117 : 118)
(464 : 463)
(463 : 446)
(158 : 139)
(158 : 179)
(419 : 418)
(419 : 434)
(255 : 276)
(438 : 455)
(335 : 356)
(61 : 34)
(277 : 276)
(476 : 477)
(485 : 474)
(485 : 495)
(75 : 76)
(375 : 393)
(150 : 151)
(151 : 170)
(151 : 152)
(66 : 39)
(39 : 17)
(39 : 40)
(372 : 371)
(371 : 347)
(370 : 371)
(463 : 462)
(298 : 320)
(454 : 453)
(453 : 452)
(453 : 468)
(376 : 394)
(394 : 393)
(394 : 395)
(332 : 333)
(158 : 159)
(159 : 140)
(159 : 180)
(438 : 439)
(439 : 426)
(439 : 440)
(193 : 173)
(36 : 64)
(104 : 80)
(104 : 103)
(104 : 120)
(179 : 178)
(178 : 177)
(178 : 198)
(151 : 133)
(133 : 117)
(133 : 134)
(479 : 478)
(478 : 468)
(39 : 38)
(38 : 65)
(79 : 78)
(186 : 185)
(468 : 467)
(467 : 452)
(180 : 181)
(181 : 200)
(181 : 182)
(430 : 415)
(415 : 393)
