1828.0
5
10
67 107 21 83 35 63 89 85 41 37 
44.0 55.0 76.0 13.0 65.0 90.0 79.0 70.0 53.0 77.0 26.0 67.0 57.0 72.0 59.0 81.0 85.0 71.0 67.0 61.0 69.0 11.0 10.0 1.0 11.0 25.0 33.0 25.0 56.0 16.0 35.0 72.0 81.0 98.0 0.0 39.0 91.0 17.0 51.0 80.0 89.0 95.0 40.0 81.0 12.0 17.0 92.0 86.0 40.0 79.0 86.0 23.0 36.0 63.0 96.0 29.0 23.0 12.0 30.0 44.0 90.0 84.0 47.0 30.0 91.0 46.0 99.0 71.0 29.0 89.0 9.0 64.0 0.0 87.0 93.0 58.0 57.0 8.0 53.0 89.0 59.0 37.0 53.0 53.0 61.0 34.0 63.0 27.0 90.0 65.0 8.0 42.0 20.0 96.0 79.0 58.0 11.0 54.0 32.0 50.0 
(85 : 84)
(84 : 83)
(41 : 30)
(83 : 71)
(41 : 40)
(21 : 20)
(63 : 62)
(30 : 31)
(41 : 53)
(67 : 66)
(41 : 42)
(37 : 26)
(42 : 43)
(66 : 65)
(85 : 96)
(53 : 54)
(54 : 66)
(21 : 12)
(31 : 22)
(26 : 27)
(30 : 29)
(62 : 61)
(40 : 39)
(65 : 77)
(71 : 59)
(31 : 32)
(77 : 78)
(62 : 74)
(85 : 73)
(30 : 21)
(26 : 25)
(74 : 75)
(75 : 63)
(40 : 52)
(22 : 23)
(23 : 32)
(53 : 52)
(53 : 65)
(71 : 70)
(77 : 76)
(71 : 72)
(72 : 84)
(39 : 38)
(38 : 27)
(75 : 87)
(25 : 24)
(24 : 35)
(52 : 64)
(20 : 11)
(21 : 22)
(75 : 76)
(87 : 86)
(86 : 74)
(86 : 85)
(78 : 90)
(90 : 89)
(52 : 51)
(51 : 39)
(78 : 79)
(29 : 28)
(28 : 27)
(28 : 39)
(32 : 33)
(63 : 51)
(63 : 64)
(67 : 68)
(83 : 82)
(12 : 3)
(70 : 58)
(61 : 60)
(60 : 59)
(60 : 72)
(79 : 91)
(51 : 50)
(50 : 38)
(12 : 13)
(3 : 4)
(22 : 13)
(89 : 88)
(88 : 87)
(25 : 36)
(36 : 35)
(36 : 37)
(58 : 57)
(91 : 101)
(27 : 18)
(67 : 55)
(55 : 43)
(3 : 2)
(70 : 69)
(84 : 95)
(59 : 47)
(4 : 5)
(37 : 49)
(49 : 50)
(29 : 40)
(58 : 46)
(91 : 92)
(18 : 17)
(89 : 99)
(99 : 107)
(28 : 19)
(19 : 18)
(96 : 97)
(69 : 81)
(68 : 80)
(80 : 79)
(47 : 48)
(48 : 60)
(48 : 49)
(68 : 56)
(38 : 37)
(56 : 44)
(18 : 9)
(2 : 1)
(101 : 100)
(100 : 90)
(44 : 43)
(73 : 61)
(73 : 72)
(31 : 42)
(17 : 16)
(1 : 0)
(0 : 9)
(19 : 10)
(95 : 104)
(104 : 103)
(57 : 45)
(45 : 46)
(47 : 35)
(47 : 46)
(79 : 67)
(101 : 102)
(77 : 89)
(5 : 14)
(14 : 13)
(16 : 7)
(5 : 6)
(83 : 94)
(94 : 95)
(48 : 36)
(94 : 93)
(9 : 8)
(8 : 17)
(55 : 56)
(55 : 54)
(82 : 81)
(97 : 106)
(17 : 26)
(96 : 105)
(105 : 104)
(105 : 106)
(96 : 95)
(20 : 29)
(87 : 98)
(106 : 109)
(24 : 15)
(15 : 16)
(46 : 34)
(34 : 35)
(101 : 108)
