9323.0
11
10
296 494 35 405 146 284 421 410 161 152 
88.0 59.0 33.0 31.0 91.0 80.0 78.0 97.0 69.0 24.0 97.0 1.0 86.0 6.0 7.0 4.0 78.0 0.0 36.0 28.0 15.0 73.0 15.0 76.0 77.0 35.0 51.0 49.0 92.0 83.0 97.0 77.0 42.0 2.0 86.0 22.0 78.0 33.0 62.0 38.0 46.0 26.0 63.0 53.0 25.0 72.0 93.0 82.0 30.0 81.0 85.0 20.0 0.0 37.0 35.0 98.0 52.0 86.0 59.0 93.0 7.0 14.0 32.0 32.0 20.0 13.0 52.0 64.0 13.0 70.0 87.0 73.0 45.0 7.0 65.0 42.0 50.0 26.0 12.0 44.0 76.0 72.0 10.0 73.0 29.0 84.0 77.0 32.0 13.0 68.0 16.0 90.0 21.0 31.0 86.0 9.0 89.0 26.0 89.0 10.0 61.0 64.0 39.0 40.0 78.0 92.0 20.0 21.0 91.0 26.0 59.0 70.0 75.0 24.0 5.0 35.0 57.0 51.0 83.0 39.0 50.0 32.0 22.0 98.0 10.0 33.0 57.0 71.0 65.0 31.0 76.0 84.0 88.0 91.0 85.0 27.0 14.0 24.0 22.0 6.0 72.0 88.0 8.0 27.0 35.0 69.0 4.0 31.0 47.0 25.0 27.0 78.0 77.0 68.0 91.0 88.0 11.0 16.0 89.0 58.0 45.0 1.0 89.0 78.0 6.0 10.0 9.0 52.0 44.0 83.0 47.0 53.0 78.0 41.0 83.0 37.0 6.0 16.0 20.0 22.0 78.0 86.0 20.0 53.0 57.0 81.0 22.0 76.0 59.0 87.0 8.0 18.0 62.0 61.0 94.0 65.0 44.0 64.0 81.0 73.0 64.0 24.0 88.0 59.0 63.0 10.0 52.0 64.0 99.0 77.0 8.0 83.0 78.0 69.0 38.0 86.0 48.0 95.0 86.0 95.0 55.0 17.0 80.0 61.0 64.0 74.0 80.0 49.0 42.0 3.0 43.0 26.0 87.0 50.0 4.0 86.0 69.0 26.0 49.0 34.0 24.0 15.0 50.0 13.0 80.0 56.0 71.0 15.0 76.0 89.0 54.0 73.0 51.0 7.0 95.0 39.0 18.0 45.0 3.0 31.0 73.0 41.0 30.0 80.0 77.0 3.0 8.0 11.0 87.0 60.0 24.0 73.0 62.0 17.0 71.0 63.0 6.0 87.0 6.0 14.0 35.0 46.0 31.0 56.0 66.0 84.0 78.0 46.0 40.0 69.0 64.0 5.0 85.0 33.0 6.0 26.0 14.0 80.0 68.0 4.0 24.0 77.0 9.0 75.0 52.0 96.0 73.0 99.0 74.0 3.0 28.0 42.0 9.0 39.0 31.0 37.0 23.0 24.0 21.0 47.0 48.0 81.0 5.0 76.0 74.0 73.0 32.0 86.0 74.0 76.0 41.0 25.0 10.0 24.0 21.0 94.0 12.0 10.0 95.0 77.0 30.0 11.0 45.0 17.0 20.0 29.0 68.0 27.0 14.0 97.0 42.0 38.0 43.0 50.0 39.0 4.0 77.0 25.0 54.0 47.0 42.0 56.0 26.0 55.0 22.0 37.0 77.0 57.0 77.0 16.0 8.0 54.0 8.0 69.0 45.0 10.0 2.0 3.0 72.0 37.0 90.0 38.0 73.0 14.0 11.0 90.0 93.0 75.0 93.0 71.0 21.0 19.0 49.0 41.0 49.0 39.0 36.0 72.0 47.0 8.0 68.0 41.0 19.0 17.0 9.0 5.0 71.0 69.0 98.0 24.0 39.0 92.0 70.0 40.0 62.0 83.0 57.0 90.0 91.0 94.0 27.0 94.0 21.0 25.0 32.0 29.0 64.0 68.0 2.0 66.0 20.0 72.0 85.0 80.0 14.0 42.0 9.0 55.0 26.0 67.0 83.0 11.0 92.0 72.0 86.0 79.0 14.0 88.0 56.0 84.0 45.0 2.0 61.0 73.0 52.0 8.0 19.0 39.0 89.0 77.0 48.0 21.0 4.0 49.0 22.0 25.0 16.0 77.0 95.0 26.0 98.0 73.0 14.0 49.0 81.0 73.0 43.0 57.0 46.0 61.0 30.0 32.0 86.0 27.0 50.0 18.0 7.0 62.0 37.0 77.0 59.0 69.0 3.0 8.0 47.0 26.0 9.0 7.0 74.0 42.0 
(152 : 151)
(296 : 295)
(296 : 279)
(494 : 495)
(284 : 283)
(151 : 127)
(35 : 34)
(495 : 486)
(279 : 280)
(486 : 476)
(35 : 53)
(161 : 160)
(160 : 137)
(476 : 475)
(34 : 33)
(296 : 314)
(33 : 32)
(34 : 19)
(314 : 313)
(421 : 422)
(475 : 474)
(476 : 477)
(160 : 159)
(295 : 278)
(278 : 279)
(53 : 54)
(151 : 150)
(32 : 31)
(34 : 52)
(52 : 53)
(405 : 378)
(284 : 267)
(52 : 74)
(151 : 174)
(137 : 113)
(296 : 297)
(421 : 420)
(420 : 419)
(474 : 466)
(284 : 285)
(159 : 136)
(279 : 261)
(137 : 138)
(476 : 468)
(146 : 147)
(477 : 478)
(278 : 277)
(150 : 149)
(494 : 493)
(149 : 148)
(313 : 312)
(136 : 112)
(112 : 113)
(312 : 294)
(410 : 384)
(312 : 311)
(147 : 123)
(280 : 262)
(262 : 261)
(486 : 485)
(485 : 494)
(285 : 286)
(421 : 443)
(294 : 293)
(74 : 73)
(74 : 75)
(75 : 53)
(161 : 162)
(286 : 269)
(419 : 394)
(410 : 411)
(161 : 184)
(54 : 36)
(75 : 76)
(475 : 467)
(467 : 466)
(466 : 465)
(286 : 287)
(75 : 95)
(269 : 268)
(36 : 37)
(468 : 457)
(31 : 30)
(160 : 183)
(420 : 395)
(312 : 329)
(123 : 122)
(122 : 146)
(419 : 418)
(314 : 331)
(149 : 172)
(150 : 173)
(173 : 174)
(73 : 51)
(268 : 250)
(419 : 441)
(36 : 21)
(152 : 128)
(33 : 18)
(172 : 171)
(405 : 406)
(269 : 251)
(251 : 250)
(35 : 20)
(20 : 19)
(20 : 21)
(285 : 303)
(277 : 276)
(276 : 293)
(329 : 330)
(32 : 50)
(50 : 51)
(122 : 121)
(495 : 496)
(74 : 94)
(94 : 95)
(112 : 93)
(93 : 73)
(149 : 125)
(20 : 5)
(37 : 38)
(95 : 96)
(96 : 76)
(411 : 385)
(183 : 208)
(494 : 503)
(297 : 315)
(315 : 332)
(332 : 331)
(418 : 393)
(393 : 394)
(148 : 124)
(441 : 440)
(385 : 386)
(262 : 239)
(287 : 270)
(394 : 366)
(96 : 115)
(18 : 3)
(418 : 417)
(420 : 442)
(442 : 443)
(442 : 455)
(329 : 328)
(328 : 311)
(328 : 327)
(267 : 266)
(266 : 283)
(138 : 139)
(139 : 162)
(73 : 72)
(72 : 50)
(31 : 49)
(440 : 439)
(439 : 417)
(293 : 292)
(38 : 23)
(183 : 182)
(182 : 159)
(127 : 126)
(126 : 125)
(455 : 454)
(454 : 465)
(468 : 469)
(485 : 484)
(173 : 197)
(113 : 114)
(114 : 138)
(328 : 347)
(283 : 282)
(172 : 196)
(395 : 367)
(495 : 504)
(504 : 505)
(505 : 496)
(311 : 310)
(310 : 292)
(38 : 56)
(146 : 169)
(38 : 39)
(486 : 487)
(487 : 477)
(487 : 496)
(162 : 185)
(174 : 175)
(175 : 152)
(128 : 106)
(493 : 502)
(287 : 288)
(417 : 392)
(162 : 163)
(439 : 452)
(439 : 438)
(139 : 140)
(422 : 444)
(444 : 457)
(182 : 181)
(96 : 97)
(175 : 176)
(493 : 492)
(123 : 101)
(136 : 135)
(121 : 99)
(176 : 200)
(502 : 501)
(184 : 209)
(209 : 208)
(283 : 301)
(163 : 164)
(330 : 349)
(169 : 170)
(170 : 147)
(170 : 171)
(122 : 100)
(100 : 99)
(100 : 101)
(164 : 141)
(422 : 397)
(310 : 309)
(292 : 291)
(196 : 195)
(393 : 365)
(365 : 366)
(366 : 342)
(284 : 302)
(302 : 301)
(302 : 303)
(496 : 497)
(288 : 306)
(286 : 304)
(304 : 303)
(197 : 222)
(397 : 369)
(443 : 456)
(456 : 467)
(152 : 153)
(153 : 176)
(208 : 207)
(76 : 77)
(77 : 97)
(365 : 364)
(106 : 86)
(141 : 117)
(121 : 120)
(469 : 458)
(266 : 265)
(265 : 282)
(125 : 103)
(440 : 453)
(453 : 452)
(103 : 104)
(104 : 126)
(100 : 80)
(397 : 396)
(396 : 421)
(469 : 470)
(470 : 478)
(397 : 398)
(124 : 102)
(169 : 168)
(302 : 319)
(99 : 98)
(23 : 24)
(369 : 345)
(24 : 9)
(270 : 271)
(282 : 300)
(365 : 341)
(341 : 342)
(140 : 116)
(116 : 115)
(287 : 305)
(222 : 223)
(181 : 158)
(158 : 135)
(106 : 107)
(265 : 247)
(405 : 428)
(428 : 429)
(176 : 177)
(168 : 167)
(484 : 483)
(483 : 492)
(223 : 224)
(384 : 357)
(72 : 71)
(21 : 22)
(22 : 37)
(22 : 23)
(474 : 473)
(121 : 145)
(145 : 168)
(145 : 146)
(301 : 318)
(318 : 319)
(319 : 320)
(465 : 464)
(438 : 416)
(438 : 437)
(177 : 154)
(154 : 153)
(282 : 281)
(501 : 500)
(288 : 289)
(18 : 17)
(17 : 32)
(22 : 7)
(405 : 404)
(305 : 322)
(404 : 403)
(247 : 248)
(248 : 266)
(318 : 317)
(317 : 300)
(93 : 92)
(92 : 72)
(291 : 274)
(5 : 4)
(251 : 252)
(252 : 270)
(31 : 16)
(332 : 351)
(277 : 259)
(49 : 48)
(276 : 275)
(275 : 274)
(275 : 292)
(167 : 144)
(144 : 120)
(144 : 145)
(24 : 25)
(306 : 307)
(307 : 289)
(3 : 2)
(2 : 17)
(319 : 338)
(174 : 198)
(158 : 157)
(259 : 236)
(411 : 412)
(422 : 423)
(322 : 321)
(406 : 379)
(379 : 378)
(252 : 231)
(369 : 370)
(370 : 398)
(404 : 377)
(470 : 459)
(379 : 353)
(483 : 482)
(86 : 87)
(87 : 107)
(487 : 488)
(307 : 324)
(7 : 6)
(30 : 29)
(265 : 264)
(264 : 281)
(222 : 221)
(221 : 196)
(181 : 180)
(473 : 472)
(472 : 482)
(320 : 339)
(87 : 66)
(128 : 129)
(208 : 233)
(384 : 383)
(410 : 409)
(349 : 348)
(348 : 347)
(25 : 40)
(458 : 445)
(445 : 444)
(339 : 363)
(102 : 82)
(318 : 337)
(209 : 210)
(274 : 256)
(416 : 415)
(23 : 8)
(8 : 9)
(169 : 194)
(324 : 323)
(323 : 306)
(323 : 342)
(339 : 340)
(340 : 364)
(82 : 61)
(377 : 376)
(112 : 111)
(48 : 70)
(70 : 71)
(251 : 230)
(252 : 253)
(253 : 271)
(66 : 45)
(77 : 55)
(55 : 37)
(55 : 56)
(129 : 130)
(9 : 10)
(345 : 326)
(326 : 327)
(106 : 105)
(105 : 127)
(386 : 387)
(317 : 316)
(331 : 350)
(350 : 351)
(392 : 391)
(391 : 363)
(391 : 416)
(378 : 352)
(352 : 353)
(409 : 432)
(345 : 346)
(346 : 327)
(346 : 370)
(346 : 347)
(185 : 186)
(423 : 424)
(70 : 69)
(198 : 199)
(275 : 257)
(257 : 256)
(497 : 498)
(345 : 344)
(141 : 142)
(367 : 343)
(135 : 134)
(134 : 157)
(348 : 372)
(398 : 399)
(399 : 424)
(264 : 246)
(200 : 225)
(256 : 255)
(300 : 299)
(299 : 316)
(167 : 192)
(391 : 390)
(10 : 11)
(276 : 258)
(258 : 257)
(258 : 259)
(180 : 179)
(492 : 491)
(491 : 500)
(409 : 408)
(307 : 308)
(308 : 309)
(101 : 81)
(105 : 85)
(192 : 216)
(69 : 68)
(104 : 84)
(84 : 85)
(387 : 360)
(353 : 333)
(192 : 193)
(193 : 168)
(437 : 436)
(261 : 238)
(186 : 187)
(187 : 164)
(181 : 206)
(498 : 489)
(489 : 488)
(498 : 507)
(130 : 131)
(353 : 354)
(387 : 388)
(349 : 373)
(25 : 26)
(26 : 11)
(179 : 156)
(156 : 157)
(410 : 433)
(299 : 298)
(373 : 400)
(264 : 263)
(406 : 407)
(61 : 62)
(29 : 14)
(326 : 325)
(325 : 308)
(111 : 110)
(110 : 134)
(247 : 227)
(130 : 108)
(278 : 260)
(260 : 259)
(482 : 481)
(383 : 356)
(388 : 414)
(30 : 15)
(15 : 16)
(248 : 228)
(87 : 88)
(274 : 273)
(273 : 255)
(472 : 471)
(373 : 374)
(374 : 350)
(103 : 83)
(83 : 84)
(372 : 371)
(371 : 399)
(369 : 368)
(236 : 237)
(237 : 238)
(337 : 336)
(363 : 362)
(238 : 214)
(498 : 499)
(291 : 290)
(290 : 289)
(290 : 308)
(354 : 380)
(383 : 382)
(216 : 217)
(66 : 65)
(156 : 155)
(85 : 64)
(142 : 165)
(165 : 164)
(165 : 166)
(142 : 118)
(316 : 335)
(180 : 205)
(205 : 230)
(217 : 241)
(40 : 58)
(438 : 451)
(45 : 46)
(499 : 508)
(508 : 507)
(459 : 446)
(61 : 60)
(60 : 81)
(69 : 90)
(65 : 44)
(44 : 45)
(388 : 361)
(225 : 244)
(437 : 450)
(2 : 1)
(1 : 16)
(411 : 434)
(434 : 433)
(387 : 413)
(489 : 490)
(490 : 499)
(15 : 0)
(0 : 1)
(110 : 91)
(91 : 71)
(432 : 431)
(431 : 408)
(414 : 435)
(227 : 226)
(497 : 506)
(506 : 505)
(177 : 178)
(386 : 359)
(446 : 447)
(508 : 509)
(44 : 43)
(400 : 401)
(90 : 89)
(89 : 68)
(166 : 189)
(403 : 426)
(77 : 78)
(478 : 479)
(134 : 133)
(133 : 156)
(58 : 57)
(57 : 39)
(57 : 56)
(253 : 232)
(232 : 207)
(232 : 233)
(179 : 204)
(447 : 460)
(374 : 375)
(433 : 448)
(273 : 272)
(272 : 271)
(272 : 289)
(200 : 201)
(201 : 177)
(214 : 215)
(244 : 245)
(245 : 263)
(248 : 249)
(249 : 250)
(48 : 47)
(47 : 69)
(210 : 235)
(235 : 256)
(68 : 67)
(214 : 213)
(221 : 220)
(220 : 195)
(220 : 219)
(460 : 461)
(213 : 212)
(212 : 236)
(428 : 427)
(427 : 404)
(427 : 426)
(11 : 12)
(12 : 27)
(27 : 26)
(382 : 381)
(89 : 109)
(61 : 42)
(142 : 143)
(143 : 166)
(187 : 188)
(188 : 212)
(227 : 202)
(375 : 402)
(451 : 462)
(216 : 240)
(204 : 203)
(215 : 191)
(450 : 449)
(43 : 28)
(335 : 334)
(429 : 430)
(98 : 79)
(354 : 355)
(355 : 381)
(255 : 254)
(254 : 233)
(62 : 63)
(214 : 190)
(190 : 189)
(221 : 242)
(401 : 425)
(194 : 218)
(223 : 243)
(28 : 13)
(143 : 119)
(385 : 358)
(358 : 357)
(481 : 480)
(26 : 41)
(133 : 132)
(235 : 234)
(471 : 463)
(463 : 452)
(463 : 462)
(249 : 229)
(229 : 203)
(210 : 211)
(211 : 186)
(261 : 260)
(458 : 459)
(295 : 313)
(317 : 336)
(58 : 59)
(59 : 41)
(388 : 389)
(389 : 390)
