934.0
5
20
58 81 36 66 43 56 69 67 46 44 60 52 102 17 83 39 23 87 105 20 
72.0 58.0 87.0 23.0 62.0 51.0 63.0 47.0 66.0 52.0 1.0 14.0 28.0 87.0 77.0 74.0 59.0 47.0 99.0 59.0 0.0 81.0 90.0 37.0 74.0 84.0 70.0 46.0 67.0 43.0 43.0 36.0 15.0 27.0 42.0 86.0 94.0 16.0 0.0 26.0 37.0 28.0 51.0 41.0 89.0 40.0 85.0 3.0 32.0 90.0 69.0 8.0 77.0 13.0 54.0 54.0 20.0 7.0 78.0 61.0 14.0 88.0 36.0 53.0 69.0 93.0 76.0 89.0 52.0 83.0 20.0 86.0 96.0 13.0 69.0 92.0 48.0 80.0 85.0 31.0 26.0 82.0 83.0 9.0 61.0 32.0 70.0 42.0 94.0 90.0 92.0 95.0 5.0 23.0 53.0 99.0 33.0 82.0 55.0 75.0 
(87 : 88)
(60 : 49)
(66 : 65)
(20 : 12)
(105 : 104)
(49 : 50)
(102 : 103)
(103 : 104)
(67 : 55)
(55 : 56)
(23 : 15)
(81 : 82)
(12 : 3)
(20 : 19)
(12 : 13)
(66 : 78)
(49 : 48)
(19 : 11)
(105 : 117)
(103 : 91)
(52 : 53)
(53 : 65)
(19 : 18)
(18 : 17)
(91 : 90)
(90 : 102)
(66 : 54)
(54 : 43)
(54 : 53)
(53 : 42)
(42 : 43)
(3 : 4)
(39 : 29)
(18 : 26)
(90 : 80)
(90 : 89)
(13 : 14)
(39 : 40)
(48 : 47)
(47 : 46)
(17 : 16)
(69 : 57)
(82 : 70)
(20 : 21)
(21 : 13)
(117 : 118)
(60 : 59)
(59 : 58)
(50 : 61)
(61 : 60)
(82 : 92)
(70 : 71)
(83 : 72)
(72 : 60)
(67 : 79)
(79 : 78)
(79 : 89)
(87 : 86)
(39 : 38)
(38 : 48)
(46 : 45)
(45 : 56)
(21 : 22)
(105 : 106)
(36 : 35)
(35 : 45)
(61 : 73)
(52 : 41)
(41 : 42)
(18 : 10)
(10 : 11)
(19 : 27)
(27 : 26)
(44 : 34)
(67 : 68)
(68 : 56)
(11 : 2)
(29 : 28)
(28 : 38)
(78 : 77)
(77 : 65)
(106 : 94)
(94 : 83)
(73 : 84)
(42 : 32)
(104 : 116)
(86 : 76)
(76 : 77)
(4 : 5)
(5 : 14)
(89 : 101)
(116 : 115)
(115 : 103)
(94 : 95)
(40 : 30)
(30 : 22)
(86 : 98)
(52 : 64)
(35 : 25)
(25 : 17)
(64 : 63)
(52 : 51)
(88 : 100)
(15 : 6)
(34 : 33)
(33 : 32)
(76 : 75)
(75 : 63)
(63 : 62)
(87 : 99)
(98 : 97)
(32 : 31)
(101 : 113)
(36 : 37)
(37 : 27)
(115 : 114)
(114 : 113)
(118 : 119)
(75 : 74)
(85 : 74)
(106 : 107)
(107 : 119)
(85 : 96)
(96 : 97)
(100 : 112)
(99 : 111)
(16 : 8)
(8 : 0)
(96 : 108)
(98 : 110)
(110 : 109)
(109 : 108)
(8 : 9)
(16 : 24)
(24 : 34)
(24 : 25)
(8 : 7)
(7 : 6)
(43 : 44)
(92 : 91)
(92 : 104)
(92 : 93)
(77 : 87)
(9 : 1)
(1 : 0)
(101 : 102)
(29 : 21)
(29 : 30)
(71 : 59)
(69 : 81)
(69 : 70)
