1673.0
6
20
128 178 70 147 94 124 152 148 99 95 130 117 217 18 183 76 40 194 219 24 
89.0 66.0 85.0 51.0 25.0 7.0 68.0 85.0 88.0 61.0 64.0 70.0 10.0 37.0 56.0 19.0 7.0 61.0 80.0 95.0 16.0 38.0 27.0 59.0 68.0 87.0 1.0 58.0 21.0 89.0 80.0 26.0 21.0 36.0 61.0 62.0 10.0 96.0 65.0 22.0 72.0 76.0 5.0 96.0 67.0 17.0 64.0 2.0 66.0 80.0 76.0 22.0 95.0 30.0 11.0 5.0 99.0 95.0 75.0 60.0 76.0 90.0 60.0 12.0 15.0 27.0 52.0 16.0 15.0 44.0 2.0 22.0 8.0 7.0 29.0 98.0 35.0 0.0 11.0 90.0 61.0 71.0 49.0 29.0 17.0 72.0 64.0 69.0 66.0 56.0 1.0 63.0 97.0 46.0 57.0 30.0 11.0 1.0 72.0 45.0 73.0 33.0 16.0 76.0 44.0 7.0 19.0 74.0 81.0 17.0 82.0 61.0 36.0 0.0 73.0 71.0 30.0 4.0 16.0 75.0 98.0 77.0 1.0 50.0 31.0 32.0 39.0 68.0 45.0 66.0 2.0 46.0 33.0 93.0 28.0 24.0 91.0 1.0 15.0 61.0 71.0 89.0 11.0 91.0 22.0 98.0 48.0 5.0 78.0 22.0 42.0 49.0 0.0 99.0 73.0 67.0 17.0 65.0 53.0 62.0 68.0 97.0 35.0 38.0 43.0 4.0 0.0 41.0 72.0 81.0 83.0 63.0 88.0 19.0 69.0 31.0 23.0 42.0 4.0 1.0 44.0 46.0 87.0 71.0 60.0 48.0 29.0 15.0 70.0 58.0 72.0 25.0 89.0 74.0 45.0 27.0 66.0 30.0 19.0 57.0 
(178 : 167)
(167 : 152)
(147 : 146)
(117 : 118)
(178 : 179)
(24 : 23)
(167 : 166)
(23 : 8)
(18 : 19)
(24 : 9)
(148 : 136)
(23 : 22)
(22 : 7)
(24 : 34)
(40 : 28)
(147 : 134)
(166 : 151)
(217 : 216)
(70 : 69)
(124 : 110)
(183 : 172)
(146 : 133)
(183 : 182)
(178 : 177)
(134 : 135)
(40 : 39)
(24 : 25)
(152 : 139)
(183 : 193)
(133 : 132)
(69 : 55)
(110 : 97)
(216 : 215)
(134 : 121)
(148 : 149)
(39 : 38)
(38 : 37)
(151 : 138)
(138 : 139)
(136 : 137)
(137 : 149)
(9 : 10)
(10 : 25)
(28 : 15)
(22 : 21)
(23 : 33)
(139 : 126)
(22 : 32)
(32 : 33)
(177 : 176)
(166 : 165)
(7 : 6)
(193 : 192)
(192 : 182)
(178 : 188)
(215 : 214)
(117 : 105)
(99 : 98)
(99 : 85)
(94 : 81)
(25 : 35)
(33 : 45)
(133 : 120)
(120 : 121)
(216 : 207)
(99 : 112)
(82 : 81)
(34 : 46)
(46 : 45)
(124 : 125)
(125 : 138)
(172 : 158)
(37 : 48)
(39 : 50)
(200 : 199)
(18 : 17)
(45 : 44)
(115 : 129)
(81 : 65)
(149 : 164)
(164 : 165)
(124 : 123)
(130 : 142)
(142 : 158)
(153 : 154)
(5 : 20)
(76 : 75)
(115 : 114)
(146 : 145)
(69 : 68)
(217 : 208)
(115 : 102)
(99 : 100)
(214 : 205)
(128 : 113)
(113 : 114)
(50 : 49)
(35 : 47)
(47 : 46)
(98 : 111)
(111 : 110)
(111 : 125)
(150 : 149)
(150 : 165)
(142 : 141)
(194 : 195)
(139 : 140)
(140 : 153)
(37 : 26)
(182 : 181)
(126 : 127)
(179 : 180)
(214 : 213)
(131 : 117)
(205 : 204)
(204 : 213)
(205 : 206)
(168 : 169)
(15 : 14)
(146 : 161)
(132 : 119)
(208 : 197)
(135 : 122)
(56 : 57)
(57 : 44)
(14 : 13)
(28 : 29)
(188 : 187)
(38 : 27)
(58 : 46)
(69 : 84)
(84 : 98)
(120 : 107)
(76 : 90)
(90 : 104)
(14 : 1)
(26 : 12)
(12 : 13)
(97 : 96)
(96 : 95)
(17 : 4)
(84 : 83)
(35 : 36)
(96 : 109)
(109 : 123)
(109 : 110)
(57 : 72)
(180 : 189)
(70 : 71)
(71 : 72)
(55 : 54)
(54 : 68)
(145 : 160)
(73 : 72)
(164 : 175)
(175 : 176)
(207 : 196)
(172 : 171)
(171 : 182)
(197 : 198)
(198 : 199)
(194 : 184)
(54 : 53)
(208 : 209)
(105 : 91)
(145 : 144)
(213 : 212)
(209 : 210)
(108 : 95)
(108 : 109)
(192 : 191)
(102 : 88)
(91 : 78)
(131 : 143)
(144 : 159)
(169 : 155)
(82 : 66)
(66 : 65)
(48 : 60)
(81 : 80)
(102 : 101)
(101 : 114)
(10 : 11)
(12 : 0)
(60 : 61)
(61 : 49)
(61 : 78)
(134 : 133)
(217 : 218)
(218 : 209)
(158 : 157)
(157 : 141)
(157 : 171)
(61 : 62)
(62 : 50)
(62 : 63)
(77 : 60)
(77 : 78)
(92 : 91)
(92 : 93)
(157 : 156)
(156 : 155)
(65 : 64)
(64 : 63)
(64 : 80)
(163 : 174)
(49 : 38)
(55 : 42)
(42 : 43)
(58 : 59)
(59 : 47)
(59 : 75)
(200 : 201)
(201 : 189)
(29 : 30)
(101 : 87)
(87 : 73)
(87 : 88)
(171 : 170)
(170 : 156)
(170 : 169)
(170 : 181)
(75 : 74)
(74 : 58)
(74 : 73)
(74 : 88)
(31 : 19)
(31 : 42)
(20 : 19)
(168 : 154)
(107 : 106)
(106 : 93)
(106 : 119)
(135 : 136)
(189 : 190)
(190 : 191)
(209 : 198)
(65 : 51)
(175 : 186)
(186 : 196)
(197 : 196)
(191 : 203)
(103 : 102)
(103 : 104)
(90 : 89)
(89 : 75)
(89 : 88)
(89 : 103)
(2 : 16)
(16 : 15)
(16 : 29)
(112 : 126)
(198 : 187)
(190 : 202)
(202 : 201)
(202 : 203)
(27 : 26)
(112 : 111)
(184 : 173)
(173 : 160)
(184 : 185)
(185 : 195)
(72 : 86)
(86 : 87)
(80 : 79)
(79 : 63)
(79 : 93)
(66 : 52)
(52 : 51)
(52 : 41)
(49 : 48)
(2 : 3)
(85 : 84)
(121 : 122)
(118 : 119)
(116 : 117)
(67 : 66)
(147 : 162)
(162 : 161)
(162 : 163)
(188 : 199)
(203 : 211)
(211 : 219)
