801.0
5
20
68 89 44 76 53 66 79 77 56 54 70 63 110 22 92 47 29 97 113 25 
18.0 6.0 24.0 48.0 77.0 34.0 17.0 89.0 74.0 12.0 76.0 57.0 83.0 27.0 41.0 63.0 40.0 9.0 79.0 84.0 1.0 13.0 31.0 21.0 41.0 14.0 61.0 85.0 11.0 57.0 72.0 71.0 5.0 11.0 31.0 83.0 75.0 91.0 38.0 62.0 32.0 28.0 99.0 58.0 79.0 26.0 94.0 68.0 41.0 73.0 67.0 6.0 12.0 2.0 43.0 67.0 87.0 6.0 32.0 39.0 22.0 23.0 10.0 30.0 56.0 90.0 28.0 15.0 36.0 73.0 74.0 9.0 88.0 36.0 4.0 38.0 48.0 93.0 72.0 83.0 77.0 33.0 95.0 72.0 87.0 75.0 38.0 95.0 54.0 33.0 51.0 28.0 34.0 8.0 65.0 5.0 57.0 39.0 32.0 43.0 
(29 : 19)
(63 : 62)
(56 : 55)
(55 : 54)
(55 : 66)
(53 : 52)
(76 : 64)
(64 : 53)
(53 : 41)
(76 : 75)
(76 : 86)
(25 : 24)
(70 : 71)
(62 : 50)
(89 : 88)
(22 : 23)
(77 : 78)
(78 : 88)
(89 : 90)
(66 : 67)
(67 : 79)
(92 : 82)
(97 : 96)
(86 : 85)
(85 : 97)
(44 : 32)
(99 : 88)
(99 : 110)
(75 : 74)
(25 : 34)
(90 : 100)
(113 : 101)
(79 : 80)
(19 : 9)
(92 : 93)
(68 : 69)
(82 : 83)
(83 : 93)
(97 : 98)
(98 : 86)
(50 : 38)
(19 : 18)
(66 : 65)
(62 : 61)
(47 : 35)
(101 : 91)
(91 : 90)
(77 : 87)
(87 : 86)
(63 : 51)
(51 : 52)
(80 : 81)
(81 : 69)
(113 : 112)
(111 : 110)
(23 : 11)
(35 : 26)
(26 : 25)
(96 : 95)
(55 : 43)
(43 : 44)
(29 : 30)
(30 : 41)
(34 : 46)
(46 : 47)
(19 : 20)
(56 : 57)
(57 : 68)
(93 : 103)
(70 : 59)
(95 : 94)
(20 : 10)
(35 : 36)
(71 : 60)
(43 : 42)
(36 : 27)
(27 : 26)
(41 : 40)
(30 : 31)
(24 : 33)
(51 : 39)
(39 : 40)
(73 : 74)
(103 : 102)
(102 : 101)
(69 : 58)
(58 : 57)
(36 : 48)
(57 : 45)
(45 : 44)
(20 : 21)
(21 : 22)
(18 : 17)
(17 : 7)
(24 : 12)
(38 : 37)
(18 : 8)
(111 : 116)
(73 : 72)
(113 : 118)
(102 : 114)
(10 : 2)
(94 : 84)
(84 : 72)
(97 : 107)
(25 : 13)
(13 : 12)
(95 : 105)
(61 : 49)
(17 : 16)
(26 : 14)
(27 : 15)
(15 : 14)
(13 : 6)
(29 : 28)
(28 : 39)
(105 : 104)
(8 : 1)
(109 : 110)
(89 : 79)
(53 : 54)
(54 : 65)
(104 : 115)
(2 : 3)
(83 : 71)
(11 : 4)
(98 : 108)
(108 : 107)
(108 : 109)
(114 : 119)
(119 : 118)
(107 : 106)
(106 : 96)
(106 : 105)
(100 : 112)
(91 : 92)
(101 : 100)
(112 : 117)
(117 : 116)
(117 : 118)
(7 : 0)
(0 : 1)
(52 : 40)
(6 : 5)
(5 : 4)
(5 : 12)
