1688.0
5
10
69 106 21 83 39 65 89 85 45 41 
57.0 81.0 28.0 29.0 5.0 60.0 29.0 82.0 8.0 34.0 98.0 60.0 50.0 22.0 48.0 15.0 6.0 72.0 79.0 50.0 43.0 56.0 37.0 85.0 18.0 87.0 14.0 90.0 86.0 83.0 63.0 24.0 33.0 79.0 85.0 56.0 49.0 1.0 63.0 83.0 41.0 14.0 58.0 76.0 47.0 32.0 26.0 9.0 27.0 52.0 61.0 41.0 71.0 51.0 77.0 91.0 50.0 12.0 3.0 72.0 3.0 32.0 99.0 92.0 77.0 53.0 20.0 22.0 45.0 38.0 71.0 88.0 69.0 70.0 4.0 86.0 22.0 32.0 14.0 63.0 53.0 44.0 46.0 48.0 61.0 3.0 65.0 28.0 35.0 90.0 5.0 80.0 51.0 12.0 32.0 73.0 17.0 95.0 88.0 66.0 
(65 : 64)
(45 : 33)
(33 : 21)
(21 : 10)
(64 : 54)
(10 : 3)
(65 : 55)
(55 : 54)
(64 : 63)
(39 : 38)
(69 : 70)
(38 : 37)
(83 : 84)
(21 : 22)
(55 : 56)
(45 : 46)
(22 : 34)
(64 : 75)
(55 : 43)
(22 : 23)
(83 : 72)
(46 : 47)
(46 : 58)
(54 : 42)
(42 : 41)
(34 : 35)
(35 : 47)
(39 : 40)
(41 : 29)
(89 : 88)
(84 : 95)
(45 : 44)
(44 : 56)
(44 : 32)
(32 : 33)
(37 : 25)
(23 : 24)
(106 : 98)
(98 : 89)
(83 : 82)
(54 : 53)
(106 : 107)
(29 : 17)
(24 : 36)
(72 : 71)
(32 : 31)
(31 : 43)
(56 : 57)
(17 : 18)
(82 : 93)
(63 : 62)
(88 : 87)
(25 : 14)
(43 : 44)
(22 : 11)
(106 : 105)
(83 : 94)
(94 : 93)
(65 : 76)
(46 : 34)
(75 : 74)
(74 : 85)
(21 : 20)
(40 : 28)
(47 : 48)
(23 : 12)
(25 : 26)
(38 : 50)
(31 : 19)
(19 : 18)
(88 : 77)
(77 : 76)
(24 : 13)
(57 : 67)
(93 : 92)
(36 : 35)
(36 : 48)
(65 : 66)
(66 : 67)
(85 : 86)
(86 : 75)
(17 : 8)
(11 : 4)
(98 : 99)
(99 : 107)
(14 : 15)
(15 : 26)
(99 : 90)
(69 : 59)
(40 : 52)
(52 : 62)
(34 : 33)
(88 : 97)
(17 : 16)
(16 : 28)
(89 : 78)
(77 : 66)
(74 : 73)
(95 : 103)
(31 : 30)
(30 : 42)
(66 : 56)
(12 : 5)
(5 : 4)
(28 : 27)
(27 : 26)
(58 : 68)
(68 : 69)
(74 : 63)
(45 : 57)
(92 : 101)
(103 : 104)
(13 : 6)
(37 : 49)
(49 : 50)
(69 : 80)
(11 : 12)
(8 : 1)
(52 : 51)
(99 : 100)
(62 : 61)
(61 : 51)
(61 : 72)
(40 : 41)
(61 : 60)
(60 : 50)
(60 : 71)
(58 : 57)
(70 : 81)
(20 : 9)
(68 : 79)
(1 : 0)
(28 : 29)
(1 : 2)
(14 : 7)
(103 : 102)
(102 : 94)
(106 : 108)
(95 : 96)
(79 : 78)
(108 : 109)
(39 : 51)
(81 : 91)
