9086.0
9
10
272 495 27 390 118 261 405 396 133 124 
91.0 65.0 90.0 47.0 14.0 94.0 37.0 57.0 81.0 4.0 51.0 13.0 15.0 4.0 10.0 70.0 96.0 59.0 45.0 90.0 34.0 51.0 60.0 81.0 22.0 99.0 21.0 77.0 7.0 74.0 67.0 56.0 21.0 88.0 36.0 9.0 11.0 70.0 4.0 78.0 95.0 65.0 31.0 77.0 56.0 79.0 41.0 29.0 12.0 19.0 82.0 83.0 38.0 43.0 2.0 8.0 52.0 32.0 85.0 70.0 50.0 55.0 45.0 85.0 53.0 68.0 11.0 81.0 10.0 36.0 9.0 14.0 53.0 9.0 29.0 44.0 53.0 13.0 46.0 62.0 61.0 65.0 99.0 83.0 88.0 81.0 48.0 14.0 7.0 27.0 69.0 93.0 34.0 81.0 13.0 65.0 37.0 27.0 29.0 52.0 63.0 25.0 33.0 14.0 80.0 18.0 27.0 44.0 29.0 40.0 79.0 17.0 85.0 5.0 14.0 0.0 67.0 21.0 28.0 68.0 3.0 79.0 1.0 17.0 70.0 17.0 56.0 2.0 79.0 36.0 39.0 89.0 93.0 84.0 81.0 56.0 53.0 83.0 50.0 53.0 41.0 80.0 51.0 28.0 14.0 66.0 71.0 50.0 44.0 85.0 88.0 10.0 35.0 73.0 90.0 56.0 6.0 81.0 45.0 90.0 91.0 86.0 88.0 21.0 2.0 11.0 40.0 57.0 36.0 1.0 17.0 17.0 60.0 7.0 68.0 49.0 91.0 30.0 71.0 5.0 31.0 62.0 1.0 16.0 77.0 52.0 33.0 50.0 60.0 77.0 37.0 9.0 81.0 88.0 16.0 57.0 89.0 17.0 59.0 3.0 44.0 7.0 11.0 1.0 72.0 44.0 96.0 18.0 16.0 89.0 19.0 74.0 78.0 31.0 18.0 97.0 11.0 4.0 49.0 79.0 97.0 51.0 5.0 55.0 61.0 89.0 69.0 31.0 2.0 12.0 57.0 10.0 39.0 23.0 75.0 58.0 16.0 82.0 48.0 51.0 17.0 33.0 13.0 7.0 74.0 14.0 34.0 18.0 78.0 80.0 38.0 96.0 15.0 73.0 81.0 89.0 74.0 22.0 41.0 66.0 11.0 20.0 55.0 1.0 35.0 39.0 41.0 31.0 30.0 19.0 97.0 48.0 47.0 56.0 36.0 25.0 93.0 46.0 85.0 40.0 53.0 33.0 71.0 90.0 65.0 39.0 38.0 14.0 60.0 78.0 41.0 69.0 6.0 16.0 31.0 20.0 47.0 12.0 68.0 76.0 39.0 34.0 15.0 39.0 3.0 94.0 95.0 72.0 48.0 78.0 62.0 95.0 54.0 84.0 92.0 70.0 97.0 6.0 85.0 75.0 36.0 1.0 84.0 44.0 21.0 83.0 2.0 60.0 48.0 99.0 22.0 8.0 56.0 76.0 33.0 43.0 73.0 81.0 67.0 97.0 82.0 1.0 60.0 79.0 59.0 13.0 61.0 76.0 19.0 48.0 0.0 87.0 4.0 9.0 6.0 37.0 85.0 7.0 34.0 23.0 62.0 4.0 70.0 76.0 12.0 86.0 32.0 59.0 5.0 31.0 81.0 60.0 79.0 97.0 48.0 68.0 68.0 70.0 7.0 14.0 99.0 34.0 71.0 87.0 83.0 44.0 7.0 99.0 95.0 83.0 70.0 99.0 82.0 63.0 1.0 59.0 15.0 39.0 55.0 78.0 6.0 54.0 24.0 55.0 96.0 10.0 57.0 70.0 72.0 23.0 19.0 19.0 79.0 34.0 78.0 6.0 71.0 39.0 13.0 84.0 12.0 55.0 87.0 78.0 0.0 40.0 79.0 92.0 25.0 12.0 46.0 25.0 60.0 83.0 63.0 72.0 32.0 49.0 7.0 90.0 61.0 15.0 51.0 37.0 14.0 56.0 95.0 75.0 26.0 18.0 73.0 61.0 90.0 79.0 80.0 81.0 83.0 56.0 7.0 13.0 62.0 77.0 11.0 18.0 74.0 38.0 6.0 70.0 7.0 12.0 44.0 28.0 45.0 61.0 57.0 40.0 47.0 93.0 7.0 50.0 73.0 17.0 71.0 57.0 22.0 6.0 67.0 16.0 52.0 47.0 32.0 34.0 37.0 20.0 5.0 61.0 53.0 6.0 72.0 85.0 
(390 : 367)
(272 : 249)
(495 : 494)
(118 : 96)
(367 : 345)
(345 : 325)
(495 : 486)
(345 : 346)
(390 : 391)
(325 : 303)
(325 : 326)
(326 : 346)
(326 : 304)
(304 : 303)
(272 : 273)
(304 : 277)
(96 : 97)
(273 : 300)
(97 : 98)
(118 : 119)
(346 : 368)
(97 : 76)
(325 : 324)
(494 : 493)
(405 : 380)
(249 : 226)
(76 : 61)
(119 : 120)
(346 : 347)
(119 : 143)
(303 : 302)
(302 : 324)
(120 : 121)
(120 : 144)
(144 : 143)
(326 : 327)
(327 : 347)
(272 : 271)
(413 : 414)
(96 : 75)
(414 : 433)
(226 : 227)
(495 : 504)
(413 : 392)
(494 : 485)
(485 : 486)
(277 : 276)
(392 : 393)
(261 : 262)
(227 : 250)
(226 : 225)
(133 : 132)
(273 : 250)
(390 : 389)
(392 : 369)
(369 : 347)
(302 : 301)
(380 : 381)
(431 : 432)
(432 : 413)
(431 : 430)
(300 : 299)
(299 : 272)
(393 : 370)
(370 : 369)
(300 : 322)
(370 : 348)
(348 : 347)
(485 : 484)
(412 : 390)
(322 : 342)
(495 : 496)
(250 : 249)
(124 : 125)
(412 : 411)
(368 : 367)
(368 : 369)
(433 : 447)
(496 : 487)
(342 : 364)
(144 : 145)
(145 : 121)
(299 : 298)
(298 : 271)
(391 : 392)
(277 : 254)
(485 : 470)
(348 : 328)
(327 : 305)
(494 : 503)
(447 : 446)
(27 : 28)
(133 : 134)
(227 : 206)
(75 : 74)
(447 : 448)
(97 : 119)
(225 : 224)
(431 : 445)
(61 : 48)
(496 : 497)
(144 : 166)
(271 : 248)
(248 : 225)
(248 : 249)
(224 : 223)
(27 : 14)
(125 : 126)
(226 : 205)
(367 : 366)
(393 : 394)
(125 : 148)
(342 : 341)
(324 : 323)
(323 : 301)
(124 : 123)
(396 : 372)
(206 : 185)
(126 : 149)
(149 : 148)
(366 : 365)
(145 : 167)
(124 : 147)
(493 : 492)
(328 : 329)
(323 : 343)
(343 : 365)
(304 : 305)
(496 : 505)
(414 : 415)
(415 : 394)
(380 : 359)
(322 : 321)
(321 : 299)
(133 : 154)
(324 : 344)
(61 : 60)
(60 : 75)
(497 : 498)
(166 : 190)
(123 : 122)
(122 : 121)
(321 : 320)
(405 : 406)
(61 : 62)
(493 : 502)
(502 : 503)
(133 : 109)
(14 : 4)
(122 : 146)
(146 : 145)
(248 : 247)
(27 : 26)
(247 : 246)
(109 : 88)
(302 : 275)
(275 : 276)
(412 : 430)
(185 : 161)
(224 : 203)
(4 : 3)
(96 : 95)
(503 : 504)
(88 : 89)
(62 : 49)
(203 : 204)
(204 : 225)
(341 : 363)
(246 : 269)
(368 : 391)
(124 : 102)
(161 : 160)
(415 : 434)
(434 : 433)
(434 : 448)
(75 : 76)
(445 : 460)
(321 : 341)
(298 : 297)
(328 : 306)
(146 : 168)
(14 : 15)
(167 : 191)
(168 : 169)
(205 : 184)
(184 : 185)
(184 : 183)
(394 : 395)
(395 : 396)
(123 : 101)
(365 : 388)
(396 : 417)
(433 : 432)
(142 : 163)
(389 : 411)
(149 : 150)
(411 : 410)
(76 : 77)
(122 : 100)
(100 : 101)
(305 : 278)
(134 : 155)
(155 : 154)
(460 : 459)
(396 : 397)
(120 : 98)
(261 : 260)
(74 : 73)
(262 : 263)
(263 : 264)
(166 : 165)
(165 : 143)
(165 : 164)
(4 : 5)
(5 : 15)
(417 : 418)
(470 : 469)
(487 : 472)
(504 : 505)
(168 : 192)
(411 : 429)
(429 : 430)
(301 : 274)
(274 : 275)
(3 : 2)
(102 : 103)
(405 : 404)
(155 : 156)
(165 : 189)
(189 : 190)
(371 : 372)
(380 : 379)
(246 : 245)
(117 : 94)
(94 : 95)
(364 : 387)
(203 : 202)
(247 : 270)
(270 : 271)
(62 : 63)
(190 : 209)
(397 : 373)
(269 : 268)
(268 : 245)
(134 : 110)
(110 : 89)
(110 : 109)
(493 : 484)
(444 : 443)
(498 : 489)
(270 : 269)
(366 : 389)
(189 : 188)
(188 : 164)
(110 : 111)
(154 : 153)
(161 : 140)
(434 : 435)
(349 : 348)
(344 : 345)
(418 : 419)
(415 : 416)
(416 : 395)
(275 : 252)
(447 : 462)
(263 : 240)
(246 : 223)
(404 : 425)
(278 : 255)
(255 : 254)
(101 : 80)
(274 : 251)
(251 : 252)
(418 : 436)
(73 : 58)
(448 : 449)
(140 : 139)
(489 : 474)
(134 : 135)
(135 : 111)
(135 : 156)
(470 : 471)
(471 : 486)
(27 : 42)
(139 : 115)
(470 : 452)
(155 : 179)
(443 : 428)
(428 : 410)
(428 : 429)
(74 : 59)
(59 : 58)
(269 : 296)
(296 : 297)
(160 : 159)
(263 : 289)
(28 : 29)
(371 : 350)
(364 : 363)
(448 : 463)
(344 : 343)
(344 : 366)
(63 : 50)
(132 : 131)
(62 : 77)
(289 : 290)
(251 : 228)
(148 : 170)
(268 : 267)
(262 : 288)
(288 : 289)
(419 : 398)
(398 : 397)
(223 : 222)
(58 : 45)
(278 : 279)
(279 : 306)
(405 : 426)
(108 : 131)
(297 : 319)
(319 : 320)
(426 : 427)
(89 : 71)
(486 : 487)
(463 : 464)
(209 : 231)
(497 : 488)
(148 : 147)
(306 : 307)
(307 : 329)
(296 : 295)
(295 : 268)
(472 : 473)
(473 : 488)
(188 : 187)
(187 : 163)
(202 : 201)
(240 : 241)
(241 : 264)
(203 : 182)
(182 : 183)
(471 : 453)
(453 : 452)
(303 : 276)
(3 : 13)
(13 : 26)
(28 : 43)
(43 : 42)
(397 : 418)
(453 : 440)
(440 : 426)
(255 : 256)
(425 : 424)
(222 : 221)
(505 : 506)
(506 : 497)
(459 : 458)
(458 : 444)
(43 : 57)
(276 : 253)
(253 : 254)
(256 : 257)
(166 : 167)
(45 : 31)
(398 : 399)
(270 : 297)
(228 : 207)
(253 : 230)
(80 : 79)
(79 : 100)
(15 : 16)
(16 : 29)
(471 : 472)
(126 : 104)
(232 : 231)
(232 : 256)
(202 : 181)
(261 : 287)
(255 : 231)
(449 : 450)
(48 : 34)
(13 : 12)
(12 : 2)
(450 : 451)
(12 : 11)
(100 : 99)
(232 : 233)
(489 : 490)
(182 : 158)
(245 : 244)
(244 : 221)
(244 : 267)
(12 : 25)
(264 : 265)
(429 : 444)
(287 : 286)
(379 : 358)
(358 : 359)
(34 : 33)
(184 : 160)
(117 : 141)
(141 : 142)
(108 : 86)
(87 : 86)
(48 : 47)
(47 : 33)
(404 : 403)
(88 : 70)
(181 : 157)
(28 : 15)
(210 : 211)
(256 : 279)
(484 : 483)
(483 : 492)
(389 : 388)
(374 : 399)
(262 : 239)
(135 : 136)
(136 : 157)
(230 : 229)
(229 : 252)
(257 : 258)
(2 : 1)
(1 : 11)
(16 : 6)
(295 : 294)
(156 : 180)
(180 : 181)
(202 : 223)
(458 : 457)
(457 : 443)
(221 : 220)
(25 : 24)
(24 : 11)
(424 : 423)
(140 : 116)
(287 : 312)
(329 : 330)
(492 : 501)
(435 : 416)
(150 : 127)
(127 : 105)
(105 : 104)
(258 : 234)
(234 : 233)
(192 : 193)
(193 : 169)
(45 : 46)
(46 : 59)
(46 : 47)
(194 : 193)
(220 : 219)
(179 : 178)
(178 : 154)
(163 : 162)
(341 : 340)
(358 : 336)
(73 : 94)
(279 : 280)
(280 : 257)
(127 : 128)
(446 : 461)
(280 : 281)
(281 : 258)
(222 : 245)
(105 : 83)
(381 : 382)
(452 : 439)
(439 : 440)
(460 : 477)
(469 : 468)
(468 : 483)
(419 : 420)
(420 : 399)
(13 : 14)
(403 : 402)
(80 : 65)
(50 : 51)
(16 : 17)
(99 : 78)
(78 : 63)
(319 : 318)
(506 : 507)
(224 : 247)
(158 : 137)
(298 : 320)
(201 : 200)
(200 : 179)
(104 : 82)
(82 : 83)
(26 : 41)
(41 : 42)
(483 : 482)
(336 : 337)
(337 : 359)
(131 : 130)
(78 : 77)
(78 : 79)
(446 : 445)
(488 : 489)
(312 : 311)
(79 : 64)
(70 : 56)
(179 : 180)
(191 : 190)
(191 : 192)
(47 : 60)
(153 : 177)
(60 : 59)
(99 : 98)
(99 : 121)
(406 : 407)
(407 : 382)
(200 : 199)
(199 : 220)
(11 : 10)
(183 : 159)
(183 : 204)
(349 : 329)
(388 : 410)
(382 : 383)
(294 : 316)
(49 : 35)
(128 : 106)
(106 : 105)
(162 : 186)
(336 : 335)
(10 : 9)
(150 : 172)
(1 : 0)
(311 : 310)
(233 : 210)
(458 : 475)
(130 : 107)
(150 : 151)
(151 : 128)
(141 : 162)
(83 : 84)
(84 : 106)
(335 : 314)
(328 : 327)
(414 : 393)
(337 : 338)
(295 : 317)
(317 : 318)
(222 : 201)
(498 : 499)
(87 : 69)
(363 : 362)
(6 : 7)
(7 : 17)
(56 : 55)
(55 : 69)
(136 : 112)
(112 : 111)
(316 : 315)
(440 : 441)
(441 : 427)
(89 : 90)
(499 : 508)
(508 : 507)
(131 : 152)
(381 : 360)
(241 : 242)
(475 : 476)
(450 : 465)
(423 : 422)
(472 : 454)
(454 : 453)
(102 : 81)
(266 : 293)
(293 : 294)
(35 : 20)
(211 : 212)
(403 : 378)
(281 : 282)
(200 : 221)
(454 : 455)
(441 : 442)
(399 : 400)
(311 : 286)
(373 : 352)
(55 : 54)
(51 : 37)
(387 : 386)
(386 : 363)
(137 : 113)
(402 : 401)
(387 : 409)
(265 : 291)
(291 : 290)
(314 : 313)
(378 : 357)
(357 : 335)
(170 : 171)
(171 : 149)
(468 : 467)
(467 : 482)
(5 : 6)
(425 : 426)
(400 : 375)
(375 : 374)
(17 : 18)
(172 : 196)
(180 : 201)
(199 : 178)
(17 : 30)
(87 : 88)
(395 : 371)
(265 : 242)
(407 : 408)
(291 : 292)
(229 : 208)
(208 : 207)
(357 : 356)
(317 : 339)
(339 : 338)
(186 : 207)
(423 : 437)
(116 : 93)
(24 : 23)
(90 : 91)
(41 : 40)
(378 : 377)
(170 : 195)
(474 : 456)
(456 : 455)
(54 : 53)
(281 : 308)
(308 : 307)
(308 : 330)
(286 : 285)
(137 : 138)
(138 : 159)
(502 : 501)
(333 : 310)
(49 : 48)
(49 : 50)
(287 : 288)
(46 : 32)
(32 : 31)
(32 : 33)
(383 : 361)
(35 : 36)
(36 : 37)
(261 : 238)
(112 : 113)
(164 : 163)
(309 : 283)
(377 : 376)
(234 : 235)
(507 : 498)
(32 : 19)
(182 : 181)
(312 : 334)
(160 : 139)
(239 : 215)
(315 : 337)
(240 : 216)
(465 : 466)
(466 : 451)
(400 : 421)
(421 : 420)
(462 : 479)
(381 : 406)
(228 : 229)
(43 : 44)
(44 : 29)
(352 : 332)
(138 : 114)
(278 : 277)
(128 : 129)
(36 : 21)
(21 : 20)
(195 : 213)
(330 : 331)
(331 : 332)
(241 : 217)
(217 : 216)
(350 : 351)
(351 : 352)
(137 : 136)
(283 : 259)
(115 : 92)
(194 : 212)
(260 : 237)
(464 : 481)
(215 : 197)
(54 : 68)
(68 : 86)
(243 : 219)
(219 : 218)
(218 : 217)
(218 : 242)
(197 : 174)
(172 : 173)
(173 : 151)
(446 : 432)
(84 : 67)
(377 : 356)
(205 : 204)
(439 : 438)
(438 : 424)
(438 : 437)
(508 : 509)
(479 : 478)
(478 : 461)
(478 : 477)
(353 : 352)
(23 : 22)
(22 : 9)
(264 : 290)
(286 : 260)
(501 : 500)
(102 : 101)
(71 : 72)
(72 : 90)
(283 : 284)
(116 : 115)
(82 : 66)
(293 : 292)
(24 : 39)
(39 : 53)
(39 : 40)
(460 : 461)
(23 : 38)
(38 : 39)
(479 : 480)
(480 : 463)
(480 : 481)
(439 : 425)
(107 : 85)
(85 : 86)
(51 : 52)
(52 : 65)
(213 : 214)
(174 : 175)
(104 : 103)
(374 : 354)
(354 : 353)
(475 : 491)
(383 : 384)
(358 : 357)
(193 : 211)
(70 : 69)
(212 : 213)
(338 : 316)
(9 : 8)
(177 : 176)
(176 : 152)
(176 : 198)
(51 : 64)
(77 : 98)
(461 : 462)
(350 : 330)
(168 : 167)
(235 : 236)
(236 : 213)
(236 : 259)
(386 : 385)
(385 : 362)
(385 : 384)
(375 : 355)
(355 : 333)
(355 : 354)
