9417.0
11
10
261 495 25 386 129 251 402 392 145 135 
45.0 92.0 30.0 89.0 11.0 99.0 47.0 65.0 64.0 96.0 52.0 51.0 51.0 96.0 99.0 22.0 25.0 72.0 64.0 99.0 43.0 24.0 68.0 84.0 11.0 86.0 9.0 35.0 18.0 71.0 12.0 29.0 81.0 11.0 56.0 15.0 68.0 34.0 45.0 59.0 73.0 95.0 3.0 92.0 95.0 25.0 73.0 42.0 32.0 20.0 46.0 39.0 65.0 28.0 21.0 38.0 33.0 20.0 14.0 75.0 5.0 50.0 84.0 7.0 60.0 38.0 77.0 77.0 76.0 77.0 67.0 9.0 51.0 9.0 51.0 43.0 71.0 29.0 29.0 60.0 36.0 30.0 72.0 26.0 51.0 92.0 26.0 11.0 20.0 36.0 13.0 86.0 19.0 51.0 22.0 48.0 79.0 97.0 45.0 96.0 73.0 62.0 29.0 44.0 92.0 11.0 0.0 17.0 8.0 35.0 62.0 96.0 6.0 47.0 64.0 32.0 47.0 20.0 51.0 45.0 16.0 79.0 7.0 84.0 29.0 7.0 40.0 52.0 14.0 90.0 41.0 84.0 80.0 92.0 41.0 71.0 26.0 66.0 60.0 58.0 35.0 73.0 58.0 64.0 51.0 87.0 88.0 70.0 13.0 65.0 79.0 30.0 59.0 1.0 55.0 33.0 35.0 52.0 97.0 43.0 26.0 20.0 85.0 85.0 51.0 34.0 22.0 36.0 11.0 90.0 31.0 8.0 18.0 3.0 89.0 60.0 95.0 23.0 28.0 7.0 39.0 81.0 70.0 13.0 30.0 74.0 36.0 79.0 54.0 6.0 50.0 21.0 97.0 31.0 80.0 44.0 46.0 24.0 22.0 5.0 46.0 24.0 37.0 9.0 9.0 51.0 15.0 80.0 67.0 90.0 99.0 87.0 81.0 97.0 56.0 53.0 31.0 33.0 26.0 13.0 43.0 71.0 28.0 34.0 87.0 84.0 79.0 96.0 30.0 8.0 88.0 70.0 10.0 38.0 64.0 22.0 27.0 83.0 35.0 53.0 28.0 24.0 64.0 91.0 20.0 17.0 65.0 85.0 86.0 41.0 17.0 56.0 36.0 74.0 36.0 87.0 19.0 54.0 73.0 85.0 98.0 3.0 37.0 84.0 29.0 59.0 40.0 79.0 66.0 96.0 39.0 12.0 12.0 20.0 97.0 13.0 50.0 44.0 58.0 18.0 69.0 75.0 46.0 68.0 18.0 12.0 73.0 59.0 82.0 52.0 11.0 5.0 22.0 85.0 68.0 16.0 63.0 21.0 25.0 55.0 22.0 37.0 1.0 75.0 2.0 14.0 56.0 62.0 90.0 29.0 5.0 54.0 56.0 49.0 54.0 88.0 13.0 41.0 91.0 63.0 71.0 66.0 38.0 66.0 27.0 1.0 96.0 36.0 22.0 49.0 42.0 66.0 52.0 46.0 93.0 64.0 18.0 92.0 91.0 98.0 20.0 47.0 77.0 31.0 1.0 47.0 78.0 90.0 3.0 79.0 66.0 16.0 42.0 40.0 63.0 89.0 87.0 4.0 0.0 20.0 6.0 55.0 15.0 90.0 49.0 25.0 20.0 44.0 45.0 28.0 66.0 81.0 41.0 98.0 61.0 97.0 40.0 93.0 51.0 69.0 71.0 34.0 99.0 42.0 95.0 65.0 48.0 20.0 52.0 20.0 14.0 85.0 68.0 70.0 49.0 18.0 53.0 30.0 84.0 81.0 76.0 38.0 22.0 53.0 63.0 28.0 11.0 3.0 15.0 38.0 47.0 55.0 68.0 66.0 40.0 1.0 82.0 6.0 28.0 71.0 96.0 29.0 29.0 46.0 5.0 96.0 22.0 29.0 76.0 92.0 74.0 38.0 84.0 69.0 47.0 40.0 17.0 83.0 14.0 22.0 29.0 79.0 33.0 47.0 7.0 64.0 44.0 36.0 44.0 42.0 47.0 90.0 90.0 84.0 24.0 97.0 69.0 85.0 12.0 80.0 60.0 59.0 76.0 85.0 14.0 3.0 83.0 86.0 89.0 78.0 83.0 96.0 24.0 96.0 55.0 73.0 80.0 50.0 38.0 52.0 64.0 43.0 28.0 54.0 2.0 42.0 27.0 18.0 13.0 36.0 41.0 40.0 57.0 65.0 13.0 38.0 8.0 95.0 57.0 1.0 
(129 : 130)
(129 : 128)
(392 : 393)
(393 : 416)
(392 : 368)
(251 : 252)
(252 : 278)
(402 : 401)
(130 : 153)
(129 : 152)
(130 : 109)
(251 : 250)
(495 : 487)
(278 : 277)
(277 : 251)
(250 : 249)
(128 : 107)
(152 : 151)
(25 : 26)
(250 : 229)
(386 : 385)
(152 : 172)
(401 : 400)
(250 : 276)
(25 : 24)
(400 : 399)
(129 : 108)
(107 : 106)
(153 : 173)
(135 : 114)
(145 : 144)
(151 : 150)
(368 : 369)
(368 : 367)
(151 : 171)
(171 : 172)
(277 : 302)
(402 : 403)
(24 : 23)
(392 : 391)
(150 : 170)
(170 : 171)
(302 : 301)
(400 : 424)
(150 : 127)
(127 : 106)
(487 : 478)
(170 : 188)
(416 : 415)
(391 : 414)
(400 : 377)
(24 : 12)
(368 : 346)
(188 : 189)
(189 : 171)
(25 : 13)
(391 : 390)
(424 : 423)
(486 : 476)
(261 : 238)
(249 : 248)
(248 : 227)
(251 : 230)
(230 : 229)
(229 : 228)
(228 : 249)
(144 : 122)
(26 : 44)
(278 : 303)
(393 : 394)
(303 : 329)
(303 : 304)
(145 : 165)
(106 : 87)
(394 : 370)
(227 : 209)
(394 : 395)
(390 : 366)
(367 : 345)
(345 : 346)
(109 : 110)
(135 : 134)
(249 : 275)
(377 : 376)
(377 : 355)
(415 : 438)
(278 : 279)
(279 : 304)
(252 : 231)
(231 : 230)
(386 : 362)
(12 : 2)
(130 : 131)
(13 : 14)
(495 : 504)
(362 : 340)
(252 : 253)
(329 : 330)
(189 : 190)
(122 : 101)
(386 : 410)
(477 : 464)
(362 : 363)
(190 : 191)
(231 : 213)
(229 : 211)
(188 : 203)
(504 : 503)
(403 : 404)
(101 : 100)
(402 : 379)
(114 : 113)
(438 : 437)
(437 : 414)
(376 : 354)
(354 : 355)
(134 : 133)
(438 : 439)
(494 : 493)
(153 : 154)
(330 : 353)
(478 : 465)
(355 : 356)
(465 : 466)
(466 : 445)
(110 : 90)
(228 : 210)
(210 : 209)
(210 : 211)
(189 : 204)
(362 : 361)
(345 : 322)
(504 : 505)
(204 : 220)
(165 : 164)
(164 : 144)
(145 : 146)
(213 : 200)
(385 : 384)
(345 : 344)
(344 : 366)
(134 : 157)
(261 : 262)
(355 : 332)
(204 : 205)
(304 : 305)
(363 : 341)
(424 : 443)
(173 : 174)
(301 : 327)
(401 : 378)
(378 : 377)
(379 : 380)
(380 : 403)
(203 : 219)
(387 : 363)
(387 : 386)
(376 : 375)
(87 : 66)
(341 : 342)
(133 : 112)
(466 : 467)
(220 : 241)
(131 : 132)
(395 : 396)
(486 : 485)
(44 : 45)
(437 : 436)
(248 : 274)
(274 : 275)
(505 : 506)
(495 : 496)
(23 : 22)
(340 : 339)
(339 : 361)
(344 : 343)
(133 : 156)
(301 : 300)
(366 : 365)
(436 : 413)
(413 : 390)
(375 : 374)
(14 : 3)
(132 : 111)
(111 : 110)
(238 : 237)
(302 : 328)
(328 : 329)
(322 : 321)
(321 : 344)
(402 : 425)
(2 : 1)
(353 : 352)
(352 : 374)
(156 : 155)
(155 : 132)
(352 : 351)
(387 : 388)
(488 : 489)
(341 : 318)
(135 : 136)
(398 : 375)
(342 : 319)
(319 : 318)
(343 : 320)
(320 : 319)
(320 : 321)
(346 : 323)
(135 : 158)
(200 : 183)
(261 : 260)
(370 : 347)
(425 : 426)
(411 : 388)
(158 : 159)
(159 : 136)
(191 : 206)
(206 : 205)
(219 : 240)
(155 : 175)
(175 : 174)
(211 : 212)
(319 : 293)
(191 : 192)
(192 : 174)
(241 : 242)
(426 : 427)
(427 : 404)
(293 : 292)
(390 : 389)
(146 : 147)
(411 : 435)
(435 : 434)
(241 : 264)
(274 : 273)
(363 : 364)
(220 : 221)
(221 : 242)
(122 : 121)
(111 : 91)
(91 : 90)
(145 : 123)
(379 : 357)
(206 : 222)
(26 : 27)
(27 : 45)
(253 : 254)
(305 : 331)
(331 : 354)
(423 : 442)
(442 : 443)
(389 : 412)
(412 : 411)
(467 : 446)
(446 : 427)
(446 : 445)
(45 : 63)
(339 : 316)
(136 : 137)
(240 : 263)
(242 : 243)
(146 : 166)
(166 : 165)
(242 : 265)
(265 : 264)
(15 : 5)
(212 : 199)
(199 : 200)
(137 : 115)
(467 : 480)
(480 : 479)
(3 : 4)
(357 : 334)
(427 : 428)
(263 : 289)
(260 : 259)
(192 : 207)
(166 : 167)
(167 : 147)
(273 : 299)
(114 : 93)
(93 : 94)
(385 : 409)
(108 : 88)
(434 : 433)
(433 : 410)
(100 : 99)
(428 : 405)
(405 : 404)
(27 : 28)
(262 : 288)
(93 : 92)
(115 : 95)
(95 : 94)
(339 : 338)
(23 : 11)
(11 : 12)
(243 : 266)
(266 : 265)
(91 : 71)
(493 : 492)
(492 : 485)
(437 : 457)
(395 : 371)
(371 : 370)
(288 : 314)
(292 : 291)
(291 : 265)
(323 : 297)
(273 : 272)
(272 : 247)
(266 : 267)
(435 : 455)
(395 : 418)
(264 : 290)
(63 : 84)
(84 : 83)
(322 : 296)
(15 : 16)
(71 : 53)
(66 : 49)
(200 : 201)
(289 : 315)
(439 : 459)
(262 : 239)
(356 : 333)
(109 : 89)
(338 : 360)
(360 : 384)
(260 : 286)
(446 : 447)
(442 : 463)
(405 : 382)
(207 : 223)
(261 : 287)
(287 : 286)
(321 : 295)
(295 : 296)
(506 : 507)
(492 : 501)
(398 : 397)
(397 : 422)
(488 : 497)
(497 : 506)
(99 : 79)
(316 : 317)
(146 : 124)
(259 : 258)
(332 : 306)
(258 : 235)
(235 : 217)
(438 : 458)
(280 : 255)
(255 : 254)
(507 : 508)
(99 : 98)
(434 : 454)
(454 : 455)
(93 : 74)
(404 : 381)
(428 : 429)
(447 : 448)
(45 : 46)
(323 : 324)
(503 : 502)
(502 : 501)
(232 : 231)
(232 : 253)
(167 : 187)
(209 : 196)
(255 : 256)
(121 : 120)
(296 : 270)
(92 : 73)
(73 : 74)
(79 : 60)
(16 : 6)
(6 : 5)
(280 : 281)
(480 : 481)
(481 : 489)
(485 : 484)
(243 : 244)
(244 : 267)
(120 : 119)
(49 : 33)
(238 : 218)
(89 : 69)
(447 : 468)
(468 : 481)
(209 : 208)
(208 : 226)
(211 : 198)
(198 : 199)
(347 : 325)
(492 : 491)
(491 : 484)
(28 : 29)
(83 : 82)
(82 : 62)
(394 : 417)
(417 : 416)
(293 : 294)
(294 : 320)
(294 : 295)
(53 : 52)
(326 : 348)
(348 : 349)
(433 : 432)
(46 : 47)
(47 : 29)
(22 : 10)
(463 : 462)
(226 : 225)
(225 : 247)
(497 : 498)
(67 : 68)
(454 : 453)
(498 : 499)
(499 : 508)
(165 : 186)
(270 : 246)
(10 : 9)
(484 : 483)
(95 : 76)
(442 : 441)
(441 : 462)
(444 : 443)
(444 : 464)
(158 : 178)
(499 : 490)
(183 : 161)
(95 : 96)
(67 : 50)
(381 : 358)
(181 : 180)
(181 : 196)
(468 : 469)
(351 : 350)
(210 : 197)
(197 : 196)
(76 : 57)
(69 : 70)
(314 : 313)
(157 : 177)
(177 : 178)
(180 : 195)
(484 : 475)
(475 : 462)
(167 : 168)
(123 : 102)
(164 : 163)
(71 : 72)
(72 : 73)
(448 : 449)
(74 : 75)
(75 : 76)
(46 : 64)
(197 : 182)
(297 : 271)
(75 : 56)
(56 : 57)
(29 : 30)
(232 : 214)
(52 : 51)
(51 : 69)
(371 : 372)
(372 : 349)
(43 : 61)
(61 : 62)
(56 : 55)
(55 : 74)
(508 : 509)
(10 : 0)
(0 : 1)
(16 : 17)
(17 : 30)
(396 : 419)
(419 : 418)
(335 : 334)
(313 : 312)
(481 : 482)
(482 : 469)
(350 : 373)
(382 : 359)
(436 : 456)
(456 : 457)
(270 : 269)
(269 : 295)
(137 : 138)
(121 : 143)
(143 : 163)
(83 : 103)
(103 : 124)
(53 : 36)
(382 : 383)
(453 : 452)
(452 : 432)
(161 : 140)
(30 : 31)
(82 : 81)
(81 : 101)
(384 : 408)
(215 : 202)
(202 : 201)
(103 : 104)
(60 : 59)
(55 : 54)
(54 : 73)
(17 : 18)
(334 : 308)
(54 : 38)
(297 : 298)
(298 : 324)
(298 : 299)
(225 : 224)
(76 : 77)
(119 : 118)
(422 : 421)
(483 : 474)
(474 : 475)
(178 : 194)
(56 : 40)
(405 : 406)
(406 : 429)
(233 : 234)
(237 : 236)
(168 : 148)
(148 : 149)
(38 : 20)
(40 : 21)
(104 : 125)
(125 : 147)
(33 : 19)
(281 : 282)
(449 : 450)
(50 : 34)
(55 : 39)
(39 : 38)
(39 : 40)
(234 : 216)
(64 : 85)
(85 : 84)
(359 : 337)
(161 : 162)
(455 : 472)
(47 : 65)
(65 : 64)
(23 : 42)
(192 : 193)
(193 : 175)
(509 : 500)
(432 : 431)
(143 : 142)
(142 : 120)
(47 : 48)
(48 : 30)
(308 : 307)
(307 : 281)
(307 : 306)
(307 : 333)
(138 : 116)
(163 : 184)
(258 : 284)
(161 : 160)
(178 : 179)
(179 : 159)
(179 : 180)
(369 : 370)
(461 : 460)
(342 : 364)
(323 : 322)
(77 : 58)
(58 : 57)
(17 : 7)
(7 : 6)
(31 : 32)
(256 : 257)
(257 : 282)
(132 : 133)
(260 : 237)
(226 : 227)
(140 : 139)
(139 : 160)
(461 : 473)
(473 : 474)
(77 : 78)
(431 : 451)
(451 : 452)
(308 : 309)
(309 : 335)
(350 : 327)
(67 : 66)
(331 : 332)
(108 : 107)
(318 : 292)
(450 : 430)
(65 : 86)
(86 : 85)
(37 : 36)
(37 : 38)
(63 : 64)
(219 : 220)
(406 : 407)
(116 : 117)
(240 : 241)
(162 : 141)
(141 : 119)
(141 : 140)
(141 : 142)
(335 : 336)
(336 : 358)
(336 : 337)
(421 : 420)
(420 : 419)
(195 : 208)
(385 : 361)
(349 : 350)
(276 : 301)
(276 : 277)
(276 : 275)
(104 : 105)
(105 : 85)
(286 : 285)
(285 : 259)
(285 : 284)
(453 : 471)
(381 : 382)
(221 : 205)
(148 : 126)
(126 : 105)
(126 : 125)
(255 : 233)
(21 : 8)
(267 : 268)
(268 : 294)
(268 : 269)
(426 : 445)
(336 : 310)
(310 : 309)
(268 : 245)
(245 : 244)
(177 : 176)
(176 : 156)
(176 : 175)
(282 : 283)
(283 : 309)
(308 : 282)
(293 : 267)
(52 : 35)
(35 : 36)
(81 : 80)
(80 : 79)
(80 : 100)
(461 : 440)
(440 : 421)
(469 : 470)
(470 : 449)
(213 : 212)
(57 : 41)
(41 : 40)
(96 : 97)
(97 : 78)
(97 : 117)
(168 : 169)
(169 : 149)
(164 : 185)
(185 : 184)
(185 : 186)
(337 : 311)
(311 : 284)
(311 : 310)
