1809.0
5
10
62 103 19 78 33 58 84 80 39 35 
0.0 21.0 62.0 64.0 59.0 77.0 35.0 98.0 51.0 82.0 78.0 83.0 77.0 76.0 87.0 88.0 49.0 22.0 1.0 97.0 28.0 48.0 61.0 67.0 82.0 61.0 69.0 93.0 34.0 75.0 16.0 83.0 7.0 33.0 73.0 55.0 91.0 68.0 60.0 12.0 44.0 22.0 13.0 90.0 36.0 53.0 76.0 52.0 63.0 37.0 43.0 68.0 61.0 54.0 53.0 24.0 8.0 23.0 4.0 30.0 80.0 61.0 47.0 86.0 22.0 89.0 32.0 55.0 1.0 97.0 72.0 21.0 83.0 2.0 89.0 84.0 29.0 26.0 58.0 64.0 75.0 78.0 55.0 45.0 31.0 71.0 68.0 62.0 30.0 67.0 76.0 27.0 39.0 20.0 35.0 81.0 30.0 9.0 55.0 92.0 
(35 : 34)
(34 : 33)
(35 : 25)
(39 : 38)
(78 : 77)
(84 : 72)
(103 : 102)
(84 : 85)
(39 : 40)
(35 : 36)
(72 : 60)
(84 : 83)
(85 : 73)
(80 : 68)
(83 : 82)
(25 : 15)
(34 : 24)
(24 : 25)
(24 : 23)
(23 : 33)
(39 : 29)
(29 : 19)
(35 : 45)
(39 : 49)
(49 : 60)
(15 : 7)
(83 : 71)
(62 : 51)
(24 : 14)
(14 : 15)
(62 : 61)
(15 : 16)
(23 : 22)
(19 : 18)
(25 : 26)
(26 : 16)
(102 : 101)
(14 : 6)
(60 : 59)
(59 : 58)
(59 : 71)
(26 : 27)
(103 : 108)
(49 : 48)
(48 : 38)
(26 : 36)
(62 : 63)
(85 : 86)
(77 : 76)
(27 : 17)
(17 : 18)
(14 : 13)
(13 : 23)
(77 : 65)
(38 : 28)
(28 : 27)
(85 : 95)
(59 : 48)
(16 : 8)
(45 : 44)
(44 : 34)
(65 : 64)
(64 : 76)
(64 : 52)
(82 : 81)
(102 : 93)
(45 : 56)
(101 : 100)
(40 : 50)
(62 : 74)
(74 : 86)
(74 : 75)
(73 : 61)
(73 : 74)
(82 : 92)
(44 : 43)
(43 : 33)
(27 : 37)
(37 : 38)
(18 : 10)
(102 : 107)
(107 : 108)
(82 : 70)
(70 : 71)
(76 : 88)
(70 : 69)
(69 : 81)
(29 : 30)
(48 : 47)
(47 : 58)
(43 : 42)
(45 : 46)
(46 : 36)
(77 : 89)
(80 : 79)
(69 : 57)
(57 : 58)
(103 : 94)
(94 : 84)
(94 : 93)
(94 : 95)
(13 : 5)
(5 : 6)
(19 : 20)
(60 : 61)
(79 : 67)
(67 : 68)
(88 : 98)
(28 : 18)
(28 : 29)
(50 : 49)
(37 : 36)
(42 : 32)
(20 : 11)
(43 : 54)
(30 : 31)
(17 : 9)
(65 : 53)
(53 : 42)
(53 : 52)
(108 : 109)
(44 : 55)
(55 : 54)
(55 : 67)
(55 : 56)
(86 : 96)
(109 : 104)
(80 : 91)
(61 : 50)
(30 : 40)
(8 : 2)
(11 : 12)
(5 : 1)
(9 : 3)
(75 : 87)
(47 : 37)
(47 : 46)
(5 : 4)
(101 : 106)
(106 : 107)
(54 : 66)
(66 : 78)
(57 : 56)
(87 : 97)
(97 : 96)
(106 : 105)
(71 : 72)
(22 : 21)
(40 : 41)
(41 : 31)
(1 : 0)
(0 : 4)
(98 : 99)
(99 : 89)
(78 : 90)
(90 : 89)
