1686.0
5
10
66 104 19 78 36 62 83 80 42 38 
0.0 62.0 34.0 11.0 9.0 18.0 96.0 40.0 49.0 35.0 98.0 15.0 25.0 96.0 99.0 80.0 62.0 80.0 41.0 65.0 43.0 80.0 12.0 64.0 25.0 16.0 17.0 48.0 56.0 88.0 22.0 34.0 58.0 29.0 17.0 8.0 52.0 32.0 90.0 94.0 37.0 16.0 18.0 57.0 36.0 99.0 50.0 89.0 99.0 7.0 32.0 75.0 94.0 37.0 73.0 42.0 16.0 47.0 97.0 58.0 27.0 87.0 0.0 69.0 43.0 52.0 4.0 13.0 38.0 40.0 99.0 21.0 48.0 58.0 60.0 92.0 30.0 93.0 6.0 28.0 0.0 18.0 28.0 22.0 67.0 41.0 65.0 48.0 76.0 47.0 91.0 78.0 6.0 31.0 56.0 34.0 91.0 84.0 42.0 84.0 
(36 : 35)
(42 : 43)
(80 : 71)
(19 : 20)
(71 : 70)
(42 : 31)
(31 : 19)
(42 : 41)
(38 : 27)
(80 : 79)
(42 : 53)
(62 : 63)
(71 : 60)
(80 : 90)
(38 : 39)
(45 : 56)
(78 : 77)
(83 : 84)
(60 : 59)
(59 : 70)
(63 : 73)
(43 : 32)
(32 : 31)
(36 : 47)
(60 : 49)
(19 : 11)
(43 : 54)
(54 : 53)
(39 : 50)
(41 : 40)
(40 : 39)
(80 : 81)
(81 : 91)
(32 : 33)
(70 : 69)
(60 : 61)
(53 : 52)
(52 : 41)
(77 : 68)
(84 : 94)
(40 : 29)
(23 : 13)
(94 : 95)
(49 : 48)
(48 : 47)
(36 : 25)
(20 : 12)
(12 : 11)
(104 : 103)
(35 : 24)
(24 : 23)
(95 : 85)
(85 : 84)
(25 : 15)
(77 : 87)
(24 : 14)
(15 : 8)
(103 : 92)
(79 : 89)
(89 : 90)
(94 : 93)
(93 : 92)
(83 : 74)
(74 : 73)
(54 : 65)
(65 : 66)
(89 : 88)
(56 : 57)
(38 : 37)
(37 : 36)
(37 : 26)
(61 : 72)
(72 : 71)
(72 : 81)
(35 : 46)
(46 : 45)
(46 : 47)
(14 : 7)
(11 : 3)
(90 : 100)
(26 : 16)
(12 : 4)
(89 : 99)
(99 : 100)
(47 : 58)
(99 : 98)
(53 : 64)
(64 : 63)
(4 : 5)
(100 : 101)
(41 : 30)
(19 : 18)
(27 : 17)
(17 : 16)
(95 : 96)
(3 : 2)
(8 : 0)
(95 : 106)
(104 : 105)
(105 : 94)
(105 : 106)
(50 : 51)
(51 : 52)
(13 : 6)
(103 : 102)
(102 : 101)
(11 : 10)
(84 : 75)
(75 : 65)
(33 : 34)
(34 : 44)
(34 : 22)
(81 : 82)
(10 : 9)
(104 : 109)
(101 : 108)
(76 : 86)
(86 : 87)
(27 : 28)
(28 : 39)
(28 : 29)
(20 : 21)
(21 : 33)
(55 : 54)
(55 : 66)
(25 : 24)
(25 : 26)
(86 : 97)
(52 : 63)
(100 : 107)
(107 : 108)
(0 : 1)
(61 : 50)
(61 : 62)
(66 : 67)
(79 : 78)
