8985.0
10
10
282 497 10 411 128 271 424 416 144 134 
39.0 14.0 97.0 88.0 90.0 79.0 24.0 15.0 62.0 27.0 39.0 6.0 82.0 10.0 0.0 62.0 44.0 31.0 54.0 81.0 34.0 20.0 73.0 39.0 35.0 39.0 17.0 15.0 57.0 89.0 68.0 41.0 81.0 37.0 30.0 43.0 6.0 78.0 8.0 85.0 8.0 7.0 53.0 89.0 78.0 11.0 76.0 95.0 71.0 52.0 85.0 13.0 44.0 34.0 22.0 73.0 97.0 73.0 53.0 40.0 3.0 17.0 35.0 10.0 55.0 34.0 91.0 31.0 81.0 30.0 8.0 44.0 59.0 3.0 22.0 30.0 99.0 32.0 87.0 82.0 79.0 84.0 70.0 4.0 91.0 42.0 96.0 48.0 3.0 52.0 65.0 61.0 44.0 81.0 38.0 12.0 94.0 53.0 26.0 96.0 97.0 5.0 55.0 15.0 30.0 60.0 16.0 23.0 13.0 77.0 77.0 10.0 8.0 71.0 25.0 83.0 10.0 33.0 90.0 56.0 67.0 99.0 22.0 28.0 25.0 47.0 21.0 60.0 55.0 84.0 60.0 34.0 36.0 1.0 97.0 47.0 35.0 41.0 57.0 90.0 79.0 22.0 45.0 90.0 27.0 14.0 65.0 59.0 15.0 22.0 28.0 50.0 3.0 90.0 99.0 10.0 51.0 67.0 38.0 96.0 12.0 19.0 13.0 79.0 22.0 75.0 99.0 11.0 78.0 24.0 16.0 93.0 73.0 79.0 37.0 88.0 0.0 94.0 70.0 68.0 4.0 44.0 20.0 0.0 78.0 10.0 35.0 73.0 78.0 11.0 98.0 77.0 92.0 46.0 28.0 13.0 85.0 96.0 65.0 25.0 51.0 24.0 19.0 77.0 32.0 83.0 42.0 84.0 77.0 31.0 89.0 48.0 92.0 75.0 54.0 88.0 73.0 40.0 12.0 85.0 22.0 8.0 33.0 99.0 20.0 61.0 38.0 5.0 61.0 31.0 91.0 12.0 79.0 37.0 1.0 38.0 36.0 4.0 33.0 53.0 5.0 61.0 59.0 36.0 62.0 72.0 5.0 18.0 89.0 62.0 53.0 42.0 98.0 27.0 94.0 43.0 98.0 11.0 45.0 64.0 1.0 47.0 42.0 69.0 67.0 16.0 59.0 14.0 98.0 85.0 20.0 72.0 67.0 32.0 50.0 90.0 47.0 46.0 75.0 58.0 61.0 97.0 56.0 27.0 76.0 75.0 69.0 41.0 10.0 57.0 32.0 35.0 23.0 44.0 50.0 72.0 91.0 64.0 55.0 1.0 95.0 2.0 29.0 54.0 51.0 42.0 42.0 40.0 36.0 50.0 57.0 98.0 7.0 61.0 47.0 87.0 74.0 21.0 27.0 77.0 45.0 68.0 1.0 0.0 70.0 9.0 40.0 1.0 3.0 57.0 23.0 99.0 12.0 56.0 14.0 8.0 38.0 83.0 22.0 57.0 5.0 1.0 22.0 45.0 97.0 51.0 56.0 38.0 65.0 47.0 87.0 3.0 51.0 32.0 26.0 20.0 12.0 99.0 80.0 93.0 65.0 91.0 14.0 71.0 19.0 78.0 85.0 14.0 12.0 25.0 1.0 55.0 69.0 22.0 30.0 35.0 49.0 54.0 23.0 93.0 14.0 22.0 15.0 82.0 12.0 99.0 45.0 94.0 55.0 46.0 60.0 15.0 8.0 50.0 63.0 44.0 68.0 73.0 65.0 38.0 7.0 15.0 67.0 15.0 63.0 12.0 72.0 70.0 52.0 80.0 24.0 19.0 43.0 0.0 39.0 64.0 50.0 46.0 65.0 43.0 91.0 89.0 85.0 69.0 15.0 11.0 80.0 20.0 19.0 78.0 75.0 61.0 66.0 6.0 57.0 26.0 51.0 39.0 31.0 81.0 10.0 21.0 29.0 13.0 12.0 48.0 97.0 76.0 52.0 66.0 99.0 22.0 61.0 29.0 11.0 17.0 27.0 55.0 61.0 19.0 88.0 51.0 38.0 37.0 32.0 12.0 50.0 66.0 51.0 55.0 66.0 21.0 11.0 38.0 76.0 11.0 33.0 93.0 3.0 45.0 23.0 86.0 25.0 55.0 49.0 8.0 86.0 31.0 80.0 20.0 37.0 48.0 18.0 83.0 8.0 76.0 64.0 81.0 94.0 98.0 
(144 : 118)
(271 : 253)
(271 : 272)
(411 : 385)
(134 : 108)
(144 : 143)
(282 : 264)
(134 : 135)
(134 : 133)
(272 : 293)
(424 : 402)
(133 : 132)
(264 : 246)
(108 : 81)
(402 : 401)
(132 : 131)
(385 : 386)
(401 : 400)
(246 : 247)
(246 : 226)
(402 : 376)
(118 : 117)
(282 : 281)
(281 : 263)
(132 : 158)
(108 : 109)
(497 : 496)
(131 : 105)
(386 : 412)
(412 : 411)
(143 : 142)
(226 : 201)
(118 : 119)
(400 : 374)
(416 : 417)
(497 : 487)
(401 : 423)
(143 : 167)
(167 : 168)
(128 : 129)
(132 : 106)
(226 : 227)
(374 : 375)
(246 : 245)
(245 : 263)
(386 : 387)
(119 : 93)
(253 : 254)
(254 : 272)
(376 : 350)
(282 : 283)
(168 : 195)
(272 : 273)
(283 : 304)
(281 : 280)
(245 : 244)
(226 : 225)
(225 : 245)
(254 : 235)
(253 : 252)
(106 : 107)
(107 : 108)
(487 : 478)
(350 : 349)
(293 : 292)
(107 : 80)
(80 : 81)
(253 : 234)
(349 : 348)
(376 : 377)
(106 : 79)
(79 : 80)
(158 : 159)
(159 : 133)
(377 : 378)
(411 : 431)
(387 : 388)
(118 : 92)
(92 : 93)
(247 : 265)
(424 : 425)
(271 : 270)
(270 : 252)
(348 : 321)
(402 : 403)
(403 : 377)
(403 : 425)
(158 : 157)
(195 : 196)
(81 : 82)
(82 : 109)
(270 : 291)
(291 : 292)
(119 : 120)
(431 : 449)
(386 : 360)
(227 : 202)
(403 : 404)
(487 : 488)
(167 : 194)
(425 : 426)
(80 : 57)
(292 : 317)
(225 : 224)
(224 : 244)
(128 : 102)
(291 : 290)
(265 : 264)
(265 : 283)
(196 : 169)
(431 : 430)
(425 : 444)
(224 : 199)
(120 : 94)
(94 : 93)
(128 : 127)
(131 : 130)
(159 : 160)
(160 : 134)
(496 : 495)
(129 : 155)
(144 : 145)
(145 : 119)
(129 : 103)
(444 : 443)
(103 : 76)
(290 : 289)
(127 : 126)
(199 : 198)
(128 : 154)
(199 : 172)
(75 : 74)
(377 : 351)
(79 : 78)
(78 : 105)
(225 : 200)
(432 : 451)
(244 : 243)
(293 : 294)
(294 : 273)
(202 : 175)
(126 : 100)
(100 : 74)
(102 : 101)
(101 : 75)
(282 : 303)
(252 : 251)
(92 : 69)
(109 : 110)
(120 : 146)
(103 : 104)
(104 : 130)
(378 : 352)
(172 : 148)
(224 : 223)
(223 : 198)
(92 : 91)
(78 : 55)
(352 : 353)
(148 : 147)
(385 : 359)
(195 : 220)
(244 : 262)
(262 : 280)
(496 : 506)
(135 : 136)
(262 : 261)
(168 : 169)
(271 : 292)
(290 : 315)
(169 : 170)
(170 : 146)
(172 : 171)
(171 : 198)
(388 : 362)
(200 : 173)
(173 : 172)
(350 : 323)
(148 : 149)
(315 : 316)
(316 : 291)
(146 : 145)
(146 : 147)
(148 : 122)
(303 : 328)
(235 : 215)
(247 : 227)
(159 : 182)
(424 : 423)
(321 : 320)
(388 : 389)
(423 : 422)
(91 : 90)
(126 : 152)
(94 : 70)
(149 : 123)
(123 : 122)
(432 : 433)
(433 : 413)
(160 : 161)
(142 : 116)
(116 : 90)
(110 : 83)
(83 : 82)
(360 : 333)
(262 : 263)
(426 : 427)
(321 : 322)
(264 : 263)
(198 : 197)
(497 : 498)
(498 : 488)
(69 : 68)
(68 : 91)
(194 : 219)
(219 : 220)
(234 : 214)
(214 : 215)
(322 : 297)
(506 : 505)
(120 : 121)
(121 : 122)
(94 : 95)
(426 : 445)
(350 : 351)
(430 : 410)
(410 : 411)
(200 : 201)
(79 : 56)
(56 : 57)
(303 : 302)
(302 : 281)
(430 : 429)
(304 : 329)
(315 : 314)
(261 : 279)
(423 : 442)
(442 : 443)
(400 : 399)
(129 : 130)
(104 : 77)
(167 : 166)
(74 : 50)
(168 : 144)
(399 : 398)
(290 : 269)
(269 : 270)
(433 : 452)
(136 : 137)
(320 : 295)
(426 : 404)
(104 : 105)
(506 : 507)
(507 : 497)
(173 : 174)
(174 : 201)
(316 : 343)
(75 : 51)
(194 : 193)
(110 : 111)
(82 : 59)
(416 : 391)
(215 : 190)
(389 : 414)
(414 : 413)
(424 : 443)
(234 : 233)
(130 : 156)
(156 : 155)
(156 : 157)
(51 : 28)
(329 : 357)
(28 : 13)
(416 : 435)
(171 : 170)
(385 : 384)
(220 : 221)
(182 : 183)
(123 : 97)
(56 : 33)
(160 : 183)
(320 : 319)
(101 : 127)
(452 : 462)
(127 : 153)
(153 : 152)
(153 : 154)
(202 : 201)
(352 : 325)
(166 : 165)
(149 : 150)
(243 : 242)
(404 : 405)
(59 : 58)
(58 : 57)
(58 : 81)
(123 : 124)
(124 : 150)
(333 : 332)
(332 : 359)
(13 : 14)
(314 : 313)
(137 : 163)
(416 : 415)
(415 : 414)
(495 : 494)
(197 : 222)
(222 : 242)
(222 : 223)
(111 : 84)
(297 : 298)
(13 : 5)
(410 : 409)
(161 : 184)
(451 : 450)
(477 : 478)
(443 : 456)
(84 : 61)
(505 : 504)
(143 : 117)
(417 : 392)
(90 : 89)
(254 : 255)
(255 : 273)
(317 : 344)
(61 : 62)
(357 : 356)
(137 : 138)
(351 : 324)
(324 : 323)
(324 : 325)
(399 : 373)
(373 : 374)
(101 : 100)
(405 : 379)
(111 : 112)
(112 : 138)
(190 : 189)
(409 : 383)
(383 : 384)
(321 : 296)
(296 : 295)
(296 : 297)
(155 : 179)
(322 : 349)
(333 : 334)
(323 : 298)
(323 : 322)
(449 : 448)
(243 : 261)
(451 : 461)
(152 : 176)
(200 : 199)
(362 : 363)
(363 : 389)
(494 : 493)
(507 : 508)
(398 : 372)
(508 : 509)
(166 : 142)
(69 : 44)
(398 : 397)
(348 : 347)
(347 : 320)
(158 : 181)
(138 : 139)
(334 : 308)
(488 : 479)
(462 : 471)
(314 : 341)
(493 : 492)
(376 : 375)
(183 : 210)
(197 : 196)
(332 : 331)
(331 : 330)
(391 : 365)
(135 : 161)
(77 : 54)
(54 : 55)
(77 : 76)
(184 : 185)
(417 : 436)
(251 : 250)
(319 : 318)
(54 : 53)
(53 : 76)
(289 : 288)
(486 : 485)
(485 : 494)
(13 : 12)
(183 : 184)
(150 : 151)
(151 : 175)
(372 : 371)
(371 : 397)
(215 : 216)
(51 : 52)
(356 : 355)
(334 : 335)
(397 : 419)
(313 : 340)
(221 : 241)
(241 : 242)
(359 : 358)
(358 : 384)
(57 : 34)
(288 : 267)
(359 : 360)
(398 : 420)
(106 : 105)
(427 : 428)
(343 : 342)
(342 : 341)
(124 : 98)
(98 : 97)
(279 : 278)
(358 : 331)
(216 : 191)
(389 : 390)
(390 : 415)
(10 : 11)
(493 : 484)
(484 : 485)
(462 : 463)
(53 : 30)
(210 : 211)
(344 : 345)
(345 : 318)
(313 : 312)
(95 : 71)
(71 : 70)
(347 : 346)
(379 : 380)
(117 : 91)
(11 : 24)
(288 : 287)
(287 : 312)
(61 : 60)
(60 : 59)
(214 : 213)
(213 : 233)
(133 : 107)
(223 : 243)
(250 : 249)
(429 : 447)
(335 : 309)
(34 : 18)
(357 : 382)
(373 : 347)
(391 : 390)
(68 : 67)
(83 : 60)
(422 : 421)
(421 : 420)
(50 : 27)
(27 : 12)
(280 : 301)
(371 : 370)
(24 : 25)
(142 : 141)
(141 : 165)
(220 : 240)
(240 : 241)
(477 : 476)
(476 : 486)
(25 : 26)
(296 : 275)
(273 : 274)
(274 : 295)
(274 : 275)
(24 : 45)
(193 : 192)
(447 : 458)
(484 : 483)
(483 : 492)
(374 : 348)
(332 : 307)
(451 : 452)
(484 : 474)
(85 : 63)
(63 : 62)
(97 : 96)
(96 : 95)
(96 : 122)
(34 : 35)
(319 : 294)
(77 : 78)
(165 : 192)
(52 : 29)
(29 : 14)
(29 : 28)
(117 : 116)
(419 : 438)
(414 : 434)
(280 : 279)
(90 : 67)
(24 : 23)
(23 : 44)
(98 : 73)
(325 : 300)
(300 : 278)
(154 : 178)
(178 : 179)
(67 : 66)
(334 : 361)
(361 : 387)
(361 : 362)
(116 : 115)
(115 : 89)
(235 : 236)
(236 : 216)
(236 : 255)
(275 : 257)
(173 : 149)
(505 : 495)
(274 : 256)
(256 : 255)
(193 : 218)
(218 : 219)
(485 : 475)
(475 : 474)
(448 : 459)
(459 : 458)
(83 : 84)
(492 : 491)
(216 : 217)
(483 : 482)
(458 : 467)
(25 : 46)
(46 : 45)
(46 : 70)
(449 : 460)
(176 : 203)
(218 : 238)
(297 : 276)
(330 : 305)
(388 : 413)
(463 : 453)
(453 : 434)
(267 : 268)
(268 : 250)
(268 : 269)
(328 : 327)
(327 : 302)
(397 : 396)
(179 : 205)
(206 : 229)
(141 : 140)
(491 : 490)
(459 : 468)
(340 : 339)
(339 : 312)
(240 : 239)
(275 : 276)
(66 : 65)
(109 : 135)
(360 : 361)
(486 : 495)
(399 : 421)
(396 : 395)
(471 : 470)
(470 : 461)
(392 : 366)
(366 : 365)
(422 : 441)
(30 : 15)
(15 : 14)
(261 : 260)
(260 : 278)
(427 : 446)
(446 : 445)
(176 : 177)
(177 : 153)
(351 : 352)
(373 : 372)
(23 : 22)
(23 : 10)
(206 : 207)
(355 : 381)
(381 : 380)
(307 : 306)
(306 : 331)
(189 : 164)
(180 : 157)
(249 : 232)
(35 : 36)
(36 : 59)
(71 : 47)
(47 : 26)
(491 : 501)
(170 : 197)
(140 : 114)
(115 : 141)
(47 : 48)
(241 : 259)
(145 : 169)
(366 : 367)
(365 : 364)
(436 : 437)
(409 : 429)
(240 : 258)
(65 : 40)
(114 : 88)
(236 : 237)
(237 : 217)
(488 : 489)
(61 : 38)
(252 : 233)
(96 : 72)
(287 : 266)
(438 : 439)
(439 : 420)
(89 : 66)
(89 : 88)
(258 : 277)
(277 : 276)
(73 : 49)
(193 : 166)
(38 : 37)
(139 : 113)
(5 : 4)
(10 : 3)
(375 : 349)
(214 : 189)
(63 : 64)
(211 : 231)
(493 : 503)
(504 : 494)
(428 : 406)
(406 : 380)
(55 : 32)
(32 : 33)
(256 : 257)
(470 : 469)
(363 : 336)
(392 : 393)
(218 : 217)
(22 : 21)
(5 : 2)
(305 : 284)
(410 : 384)
(22 : 9)
(9 : 10)
(483 : 473)
(473 : 474)
(32 : 31)
(406 : 407)
(407 : 381)
(229 : 228)
(228 : 205)
(88 : 87)
(353 : 326)
(326 : 325)
(382 : 408)
(67 : 42)
(442 : 455)
(364 : 337)
(124 : 125)
(125 : 151)
(444 : 457)
(150 : 174)
(343 : 369)
(479 : 466)
(466 : 457)
(302 : 301)
(111 : 137)
(509 : 499)
(499 : 498)
(222 : 221)
(155 : 154)
(85 : 86)
(86 : 64)
(161 : 162)
(162 : 185)
(2 : 0)
(390 : 364)
(499 : 500)
(103 : 102)
(329 : 328)
(231 : 248)
(163 : 186)
(186 : 185)
(186 : 187)
(147 : 121)
(336 : 310)
(207 : 208)
(207 : 230)
(33 : 17)
(63 : 39)
(238 : 257)
(238 : 239)
(475 : 465)
(60 : 37)
(2 : 1)
(47 : 46)
(191 : 190)
(492 : 502)
(205 : 204)
(204 : 178)
(365 : 338)
(338 : 337)
(341 : 368)
(368 : 367)
(353 : 354)
(354 : 380)
(53 : 52)
(473 : 472)
(472 : 482)
(187 : 212)
(498 : 508)
(395 : 394)
(474 : 464)
(4 : 1)
(4 : 12)
(356 : 328)
(289 : 314)
(337 : 311)
(311 : 310)
(40 : 20)
(304 : 303)
(206 : 205)
(125 : 99)
(419 : 418)
(306 : 285)
(285 : 284)
(37 : 19)
(467 : 480)
(15 : 7)
(490 : 481)
(481 : 482)
(339 : 338)
(42 : 41)
(41 : 40)
(41 : 66)
(370 : 369)
(421 : 440)
(440 : 439)
(440 : 441)
(14 : 6)
(6 : 5)
(6 : 7)
(182 : 209)
(209 : 208)
(209 : 210)
(298 : 299)
(299 : 324)
(299 : 300)
(439 : 454)
(454 : 464)
(32 : 16)
(16 : 17)
(42 : 43)
(43 : 22)
(43 : 68)
(43 : 44)
(287 : 286)
(19 : 8)
(187 : 188)
(188 : 213)
(188 : 189)
