1757.0
5
20
115 163 52 138 78 111 142 140 82 79 119 104 216 15 167 58 32 185 219 20 
7.0 37.0 77.0 19.0 25.0 72.0 97.0 60.0 32.0 19.0 36.0 22.0 23.0 68.0 81.0 72.0 23.0 79.0 75.0 24.0 75.0 47.0 44.0 14.0 95.0 11.0 14.0 88.0 94.0 85.0 37.0 90.0 94.0 57.0 86.0 2.0 86.0 58.0 79.0 36.0 57.0 48.0 29.0 74.0 24.0 54.0 69.0 75.0 77.0 26.0 57.0 76.0 27.0 48.0 68.0 5.0 91.0 76.0 26.0 83.0 30.0 91.0 36.0 30.0 64.0 93.0 46.0 67.0 72.0 49.0 31.0 57.0 49.0 57.0 91.0 69.0 65.0 92.0 91.0 26.0 43.0 9.0 17.0 36.0 87.0 99.0 59.0 57.0 63.0 28.0 99.0 95.0 36.0 53.0 32.0 12.0 14.0 67.0 17.0 19.0 31.0 25.0 47.0 17.0 27.0 93.0 81.0 93.0 46.0 77.0 6.0 96.0 91.0 41.0 73.0 85.0 13.0 37.0 39.0 99.0 93.0 78.0 24.0 87.0 27.0 18.0 35.0 40.0 58.0 30.0 75.0 77.0 55.0 85.0 97.0 66.0 40.0 24.0 87.0 15.0 2.0 8.0 3.0 26.0 14.0 49.0 83.0 81.0 18.0 25.0 67.0 22.0 64.0 38.0 62.0 8.0 30.0 28.0 58.0 38.0 69.0 16.0 3.0 79.0 34.0 44.0 84.0 1.0 38.0 79.0 41.0 77.0 89.0 56.0 82.0 10.0 32.0 90.0 3.0 27.0 93.0 4.0 59.0 38.0 93.0 12.0 28.0 49.0 35.0 57.0 67.0 94.0 47.0 11.0 98.0 17.0 45.0 40.0 18.0 95.0 
(78 : 63)
(185 : 184)
(15 : 16)
(58 : 45)
(15 : 14)
(119 : 102)
(163 : 162)
(142 : 130)
(167 : 155)
(216 : 201)
(102 : 87)
(14 : 13)
(184 : 183)
(167 : 166)
(185 : 199)
(102 : 101)
(87 : 86)
(138 : 124)
(101 : 100)
(45 : 37)
(216 : 217)
(183 : 182)
(111 : 95)
(183 : 197)
(140 : 126)
(201 : 202)
(202 : 217)
(167 : 181)
(184 : 170)
(32 : 33)
(219 : 207)
(37 : 29)
(104 : 89)
(207 : 208)
(89 : 88)
(130 : 113)
(155 : 146)
(126 : 109)
(202 : 189)
(86 : 85)
(85 : 100)
(197 : 198)
(198 : 184)
(45 : 44)
(155 : 154)
(154 : 166)
(207 : 206)
(138 : 139)
(139 : 140)
(199 : 211)
(13 : 2)
(199 : 200)
(154 : 145)
(85 : 84)
(89 : 74)
(100 : 99)
(99 : 84)
(100 : 117)
(20 : 21)
(78 : 77)
(189 : 190)
(64 : 63)
(2 : 1)
(115 : 98)
(32 : 31)
(126 : 127)
(216 : 215)
(14 : 3)
(1 : 0)
(198 : 210)
(31 : 23)
(1 : 12)
(12 : 13)
(104 : 105)
(190 : 191)
(98 : 97)
(109 : 94)
(78 : 92)
(83 : 97)
(84 : 70)
(92 : 91)
(183 : 169)
(146 : 136)
(136 : 119)
(170 : 158)
(127 : 128)
(128 : 111)
(117 : 118)
(118 : 101)
(118 : 119)
(169 : 168)
(64 : 49)
(198 : 199)
(146 : 145)
(69 : 70)
(77 : 76)
(20 : 19)
(19 : 18)
(145 : 135)
(3 : 4)
(162 : 161)
(79 : 65)
(189 : 188)
(188 : 201)
(117 : 134)
(134 : 135)
(124 : 123)
(115 : 114)
(123 : 122)
(29 : 28)
(206 : 193)
(188 : 173)
(173 : 161)
(86 : 72)
(188 : 187)
(206 : 205)
(88 : 103)
(103 : 104)
(92 : 108)
(130 : 129)
(166 : 165)
(125 : 126)
(63 : 48)
(48 : 49)
(44 : 43)
(190 : 203)
(210 : 209)
(115 : 132)
(37 : 36)
(36 : 44)
(118 : 135)
(72 : 57)
(69 : 68)
(129 : 141)
(103 : 120)
(64 : 65)
(158 : 157)
(117 : 116)
(116 : 99)
(116 : 115)
(120 : 137)
(215 : 214)
(3 : 2)
(14 : 25)
(63 : 62)
(62 : 77)
(139 : 148)
(87 : 73)
(82 : 81)
(166 : 180)
(136 : 135)
(111 : 110)
(110 : 109)
(110 : 127)
(185 : 171)
(185 : 186)
(189 : 174)
(174 : 162)
(142 : 143)
(79 : 80)
(62 : 47)
(47 : 48)
(12 : 11)
(11 : 10)
(174 : 175)
(175 : 190)
(170 : 169)
(193 : 192)
(192 : 205)
(114 : 131)
(131 : 132)
(52 : 51)
(16 : 17)
(165 : 164)
(69 : 54)
(120 : 121)
(121 : 104)
(148 : 149)
(21 : 8)
(93 : 94)
(197 : 196)
(196 : 182)
(186 : 172)
(172 : 171)
(210 : 211)
(114 : 113)
(51 : 50)
(124 : 108)
(51 : 67)
(67 : 81)
(163 : 152)
(143 : 144)
(144 : 132)
(202 : 203)
(62 : 61)
(73 : 58)
(31 : 30)
(192 : 177)
(20 : 7)
(181 : 195)
(162 : 151)
(4 : 5)
(5 : 16)
(23 : 22)
(47 : 46)
(93 : 92)
(85 : 71)
(71 : 70)
(57 : 56)
(108 : 107)
(107 : 91)
(107 : 123)
(200 : 186)
(36 : 35)
(35 : 43)
(31 : 39)
(165 : 179)
(179 : 180)
(137 : 147)
(107 : 106)
(111 : 112)
(112 : 129)
(39 : 38)
(54 : 53)
(53 : 52)
(74 : 75)
(75 : 76)
(205 : 204)
(204 : 191)
(16 : 26)
(76 : 90)
(90 : 106)
(82 : 96)
(180 : 194)
(194 : 208)
(194 : 195)
(143 : 153)
(153 : 152)
(7 : 6)
(35 : 34)
(74 : 60)
(158 : 159)
(159 : 171)
(33 : 24)
(24 : 10)
(99 : 98)
(168 : 156)
(156 : 147)
(156 : 157)
(204 : 218)
(52 : 42)
(150 : 160)
(160 : 161)
(51 : 41)
(41 : 42)
(212 : 213)
(213 : 214)
(175 : 176)
(176 : 191)
(176 : 177)
(10 : 9)
(39 : 40)
(40 : 32)
(40 : 46)
(67 : 66)
(66 : 50)
(132 : 133)
(133 : 116)
(133 : 134)
(193 : 178)
(178 : 164)
(178 : 177)
(178 : 179)
(60 : 59)
(56 : 55)
(55 : 54)
(55 : 70)
(71 : 56)
(28 : 27)
(27 : 20)
(27 : 35)
