3573.0
7
10
115 206 10 157 48 108 167 161 57 52 
42.0 36.0 75.0 82.0 89.0 42.0 61.0 17.0 95.0 51.0 47.0 38.0 40.0 37.0 2.0 48.0 37.0 0.0 7.0 46.0 70.0 74.0 37.0 98.0 81.0 40.0 0.0 63.0 46.0 46.0 24.0 76.0 39.0 94.0 81.0 22.0 76.0 0.0 58.0 38.0 17.0 22.0 25.0 75.0 63.0 25.0 67.0 40.0 28.0 82.0 78.0 6.0 43.0 21.0 92.0 86.0 63.0 64.0 57.0 43.0 83.0 57.0 12.0 83.0 87.0 78.0 31.0 58.0 82.0 80.0 36.0 27.0 30.0 15.0 75.0 32.0 21.0 42.0 80.0 85.0 2.0 7.0 67.0 26.0 23.0 68.0 90.0 58.0 64.0 82.0 52.0 84.0 38.0 55.0 95.0 24.0 2.0 56.0 28.0 54.0 69.0 1.0 77.0 4.0 12.0 33.0 0.0 12.0 88.0 92.0 16.0 4.0 96.0 88.0 16.0 17.0 15.0 97.0 40.0 19.0 99.0 69.0 82.0 41.0 62.0 51.0 76.0 4.0 65.0 38.0 18.0 38.0 66.0 22.0 95.0 46.0 79.0 23.0 10.0 60.0 54.0 0.0 93.0 96.0 31.0 75.0 54.0 31.0 21.0 45.0 56.0 50.0 6.0 32.0 8.0 27.0 16.0 83.0 88.0 72.0 92.0 48.0 5.0 32.0 60.0 52.0 14.0 10.0 77.0 31.0 70.0 75.0 44.0 10.0 77.0 48.0 40.0 93.0 68.0 51.0 88.0 78.0 97.0 93.0 96.0 24.0 67.0 85.0 47.0 80.0 65.0 83.0 27.0 27.0 85.0 11.0 97.0 90.0 72.0 76.0 
(48 : 34)
(206 : 205)
(108 : 96)
(115 : 114)
(161 : 147)
(108 : 107)
(10 : 3)
(115 : 127)
(157 : 143)
(57 : 44)
(34 : 21)
(205 : 204)
(205 : 197)
(107 : 95)
(95 : 96)
(108 : 120)
(157 : 158)
(10 : 9)
(157 : 156)
(108 : 109)
(158 : 172)
(167 : 166)
(161 : 160)
(96 : 97)
(156 : 170)
(161 : 175)
(114 : 102)
(120 : 121)
(34 : 35)
(120 : 119)
(119 : 107)
(52 : 38)
(102 : 88)
(35 : 22)
(22 : 21)
(170 : 171)
(171 : 157)
(206 : 198)
(102 : 101)
(107 : 106)
(38 : 25)
(57 : 58)
(198 : 188)
(109 : 110)
(121 : 122)
(44 : 30)
(96 : 86)
(158 : 144)
(57 : 73)
(170 : 180)
(171 : 181)
(181 : 180)
(2 : 1)
(52 : 53)
(206 : 207)
(53 : 66)
(175 : 174)
(174 : 160)
(198 : 199)
(199 : 207)
(122 : 123)
(95 : 85)
(85 : 86)
(199 : 189)
(189 : 188)
(114 : 113)
(34 : 33)
(121 : 137)
(143 : 129)
(129 : 128)
(127 : 126)
(44 : 43)
(189 : 190)
(122 : 138)
(138 : 137)
(9 : 8)
(8 : 2)
(48 : 49)
(160 : 159)
(110 : 98)
(144 : 130)
(123 : 111)
(111 : 110)
(53 : 54)
(66 : 65)
(65 : 52)
(121 : 109)
(95 : 94)
(48 : 61)
(160 : 146)
(137 : 136)
(136 : 120)
(38 : 37)
(197 : 187)
(22 : 23)
(30 : 31)
(158 : 159)
(161 : 162)
(167 : 151)
(44 : 45)
(49 : 50)
(127 : 142)
(172 : 182)
(142 : 141)
(37 : 24)
(50 : 36)
(31 : 18)
(85 : 68)
(33 : 20)
(20 : 21)
(1 : 0)
(207 : 208)
(3 : 4)
(166 : 165)
(68 : 55)
(55 : 54)
(113 : 112)
(142 : 155)
(4 : 11)
(11 : 10)
(146 : 132)
(197 : 196)
(38 : 39)
(21 : 13)
(113 : 125)
(50 : 63)
(111 : 99)
(65 : 82)
(61 : 60)
(174 : 173)
(173 : 159)
(23 : 14)
(82 : 81)
(35 : 36)
(165 : 164)
(166 : 150)
(150 : 151)
(88 : 76)
(68 : 67)
(67 : 54)
(67 : 66)
(196 : 195)
(136 : 135)
(66 : 83)
(83 : 82)
(159 : 145)
(173 : 183)
(182 : 192)
(187 : 178)
(178 : 166)
(10 : 17)
(17 : 18)
(54 : 40)
(58 : 74)
(74 : 73)
(23 : 36)
(145 : 131)
(131 : 132)
(135 : 134)
(68 : 69)
(189 : 179)
(179 : 168)
(8 : 7)
(60 : 78)
(145 : 144)
(181 : 182)
(115 : 103)
(131 : 118)
(195 : 194)
(141 : 154)
(204 : 203)
(35 : 49)
(194 : 185)
(204 : 196)
(110 : 122)
(55 : 41)
(58 : 59)
(180 : 191)
(182 : 183)
(208 : 209)
(31 : 32)
(154 : 153)
(162 : 176)
(30 : 29)
(29 : 43)
(83 : 93)
(93 : 94)
(192 : 193)
(123 : 139)
(150 : 149)
(149 : 138)
(149 : 165)
(93 : 92)
(92 : 91)
(129 : 116)
(164 : 148)
(148 : 137)
(148 : 149)
(40 : 27)
(73 : 72)
(32 : 46)
(46 : 47)
(43 : 42)
(172 : 173)
(9 : 16)
(16 : 29)
(16 : 17)
(25 : 15)
(150 : 139)
(155 : 169)
(185 : 184)
(93 : 105)
(76 : 77)
(195 : 186)
(7 : 6)
(6 : 0)
(18 : 19)
(81 : 64)
(64 : 63)
(64 : 65)
(141 : 140)
(147 : 133)
(133 : 132)
(55 : 56)
(52 : 51)
(51 : 64)
(123 : 124)
(63 : 62)
(62 : 61)
(53 : 39)
(112 : 100)
(100 : 101)
(168 : 152)
(116 : 104)
(11 : 12)
(130 : 117)
(76 : 75)
(75 : 59)
(72 : 71)
(194 : 202)
(99 : 87)
(87 : 72)
(81 : 80)
(178 : 177)
(27 : 28)
(11 : 18)
(163 : 164)
(69 : 70)
(70 : 71)
(209 : 201)
(61 : 79)
(79 : 78)
(6 : 5)
(145 : 146)
(67 : 84)
(84 : 83)
(84 : 94)
(84 : 85)
(129 : 130)
(195 : 203)
(27 : 26)
(26 : 25)
(26 : 39)
(80 : 90)
(90 : 91)
(208 : 200)
(200 : 190)
(200 : 199)
(200 : 201)
(104 : 89)
(89 : 79)
