3755.0
7
10
100 206 8 152 43 93 161 156 51 47 
46.0 9.0 73.0 2.0 63.0 84.0 80.0 61.0 84.0 86.0 38.0 47.0 88.0 76.0 10.0 5.0 43.0 3.0 38.0 74.0 43.0 98.0 5.0 48.0 47.0 99.0 40.0 63.0 8.0 80.0 89.0 29.0 22.0 44.0 16.0 26.0 88.0 75.0 50.0 36.0 82.0 41.0 97.0 84.0 2.0 21.0 20.0 42.0 13.0 40.0 79.0 86.0 87.0 54.0 99.0 35.0 51.0 85.0 21.0 99.0 52.0 97.0 95.0 31.0 70.0 0.0 98.0 14.0 88.0 62.0 17.0 78.0 30.0 91.0 58.0 66.0 21.0 6.0 42.0 7.0 48.0 92.0 17.0 57.0 58.0 60.0 28.0 93.0 8.0 16.0 91.0 26.0 74.0 14.0 63.0 14.0 99.0 65.0 37.0 4.0 27.0 6.0 63.0 31.0 54.0 14.0 70.0 52.0 12.0 79.0 59.0 30.0 53.0 85.0 59.0 73.0 79.0 87.0 38.0 92.0 74.0 63.0 35.0 44.0 81.0 60.0 19.0 85.0 32.0 21.0 48.0 95.0 34.0 76.0 2.0 99.0 35.0 73.0 72.0 53.0 92.0 79.0 93.0 59.0 38.0 42.0 43.0 26.0 75.0 59.0 11.0 86.0 89.0 37.0 58.0 63.0 10.0 74.0 25.0 8.0 78.0 73.0 96.0 63.0 62.0 79.0 74.0 22.0 54.0 58.0 35.0 84.0 65.0 0.0 78.0 67.0 60.0 59.0 56.0 87.0 95.0 56.0 25.0 54.0 97.0 6.0 80.0 18.0 26.0 27.0 13.0 77.0 27.0 88.0 74.0 3.0 69.0 22.0 65.0 85.0 
(156 : 141)
(206 : 198)
(161 : 160)
(141 : 124)
(124 : 125)
(8 : 1)
(152 : 153)
(8 : 9)
(93 : 92)
(125 : 107)
(51 : 50)
(107 : 106)
(156 : 155)
(152 : 137)
(153 : 168)
(152 : 167)
(167 : 168)
(198 : 189)
(198 : 197)
(161 : 146)
(189 : 177)
(177 : 161)
(51 : 63)
(93 : 81)
(51 : 52)
(43 : 31)
(51 : 39)
(92 : 91)
(146 : 131)
(9 : 18)
(92 : 109)
(93 : 94)
(146 : 147)
(50 : 49)
(197 : 196)
(94 : 111)
(197 : 205)
(125 : 142)
(189 : 190)
(167 : 166)
(153 : 154)
(154 : 155)
(124 : 123)
(146 : 145)
(92 : 80)
(177 : 178)
(131 : 114)
(189 : 188)
(114 : 97)
(160 : 159)
(80 : 79)
(94 : 82)
(47 : 46)
(190 : 199)
(199 : 198)
(50 : 62)
(62 : 63)
(123 : 105)
(93 : 110)
(110 : 109)
(31 : 22)
(160 : 176)
(176 : 188)
(176 : 177)
(176 : 175)
(46 : 45)
(46 : 34)
(168 : 169)
(49 : 37)
(22 : 21)
(142 : 143)
(123 : 122)
(18 : 19)
(49 : 61)
(141 : 140)
(140 : 155)
(155 : 170)
(170 : 169)
(31 : 32)
(166 : 181)
(43 : 44)
(9 : 2)
(105 : 104)
(104 : 122)
(205 : 204)
(50 : 38)
(38 : 37)
(106 : 89)
(100 : 99)
(147 : 132)
(81 : 70)
(178 : 162)
(162 : 147)
(162 : 161)
(206 : 207)
(114 : 113)
(190 : 191)
(47 : 48)
(19 : 10)
(168 : 183)
(100 : 118)
(114 : 115)
(115 : 132)
(22 : 23)
(23 : 32)
(19 : 29)
(181 : 193)
(104 : 103)
(175 : 174)
(61 : 60)
(91 : 90)
(90 : 89)
(47 : 57)
(199 : 200)
(200 : 191)
(105 : 88)
(188 : 187)
(187 : 175)
(187 : 196)
(46 : 56)
(56 : 57)
(118 : 117)
(18 : 17)
(17 : 8)
(44 : 54)
(156 : 171)
(107 : 108)
(187 : 186)
(122 : 121)
(121 : 103)
(89 : 77)
(162 : 163)
(99 : 85)
(85 : 74)
(166 : 151)
(111 : 128)
(122 : 139)
(85 : 84)
(52 : 40)
(40 : 28)
(28 : 18)
(28 : 29)
(200 : 208)
(208 : 207)
(193 : 194)
(38 : 26)
(57 : 66)
(29 : 41)
(79 : 68)
(191 : 179)
(147 : 148)
(148 : 163)
(191 : 192)
(196 : 195)
(195 : 186)
(118 : 135)
(41 : 53)
(53 : 52)
(26 : 16)
(16 : 17)
(100 : 86)
(109 : 127)
(131 : 130)
(79 : 78)
(103 : 102)
(21 : 30)
(54 : 55)
(57 : 58)
(23 : 14)
(37 : 36)
(148 : 149)
(2 : 3)
(193 : 202)
(58 : 67)
(67 : 66)
(94 : 95)
(181 : 182)
(182 : 194)
(36 : 35)
(66 : 65)
(65 : 56)
(156 : 157)
(157 : 142)
(68 : 69)
(69 : 70)
(111 : 112)
(179 : 180)
(163 : 164)
(164 : 180)
(19 : 20)
(117 : 116)
(61 : 72)
(22 : 13)
(13 : 14)
(99 : 98)
(200 : 201)
(16 : 7)
(7 : 8)
(43 : 42)
(174 : 173)
(23 : 24)
(113 : 96)
(96 : 97)
(159 : 144)
(84 : 73)
(73 : 74)
(169 : 184)
(143 : 158)
(104 : 87)
(164 : 165)
(121 : 120)
(14 : 15)
(165 : 150)
(150 : 135)
(150 : 149)
(139 : 138)
(138 : 137)
(95 : 83)
(83 : 72)
(83 : 82)
(32 : 33)
(17 : 27)
(72 : 71)
(24 : 25)
(21 : 12)
(12 : 13)
(13 : 6)
(194 : 203)
(54 : 64)
(10 : 11)
(11 : 20)
(125 : 126)
(126 : 108)
(126 : 143)
(126 : 127)
(186 : 185)
(185 : 173)
(3 : 4)
(208 : 209)
(173 : 172)
(86 : 75)
(151 : 136)
(136 : 137)
(58 : 59)
(59 : 68)
(148 : 133)
(136 : 119)
(117 : 134)
(12 : 5)
(119 : 101)
(6 : 0)
(88 : 76)
(76 : 65)
(76 : 77)
(128 : 129)
(129 : 112)
(129 : 144)
(129 : 130)
(44 : 45)
