9470.0
9
10
222 490 30 345 111 213 361 351 122 117 
3.0 92.0 22.0 51.0 54.0 72.0 69.0 80.0 18.0 36.0 84.0 97.0 70.0 30.0 86.0 79.0 64.0 49.0 27.0 78.0 10.0 53.0 23.0 52.0 38.0 8.0 51.0 22.0 86.0 38.0 52.0 97.0 18.0 7.0 21.0 86.0 58.0 23.0 74.0 33.0 78.0 27.0 46.0 57.0 56.0 18.0 3.0 55.0 48.0 95.0 0.0 58.0 47.0 99.0 8.0 46.0 66.0 86.0 71.0 28.0 53.0 25.0 19.0 6.0 83.0 76.0 11.0 42.0 69.0 3.0 83.0 87.0 14.0 59.0 46.0 92.0 9.0 21.0 32.0 47.0 61.0 79.0 58.0 26.0 82.0 23.0 5.0 64.0 40.0 49.0 49.0 32.0 93.0 87.0 20.0 83.0 87.0 40.0 47.0 9.0 99.0 43.0 4.0 67.0 32.0 78.0 18.0 61.0 78.0 28.0 22.0 84.0 54.0 89.0 0.0 7.0 93.0 84.0 55.0 56.0 78.0 48.0 56.0 92.0 45.0 22.0 28.0 49.0 53.0 56.0 20.0 45.0 64.0 24.0 90.0 78.0 30.0 36.0 99.0 14.0 75.0 61.0 84.0 55.0 43.0 19.0 25.0 81.0 26.0 26.0 67.0 4.0 40.0 69.0 93.0 31.0 87.0 36.0 73.0 26.0 26.0 63.0 23.0 24.0 47.0 36.0 21.0 92.0 25.0 29.0 24.0 14.0 58.0 11.0 11.0 75.0 62.0 97.0 64.0 85.0 18.0 99.0 68.0 71.0 12.0 37.0 59.0 18.0 88.0 44.0 18.0 69.0 98.0 67.0 35.0 9.0 77.0 47.0 7.0 57.0 3.0 69.0 46.0 96.0 51.0 98.0 8.0 76.0 43.0 36.0 27.0 54.0 46.0 96.0 61.0 77.0 23.0 50.0 24.0 92.0 87.0 93.0 52.0 21.0 47.0 56.0 41.0 44.0 43.0 16.0 20.0 37.0 91.0 79.0 83.0 34.0 82.0 55.0 56.0 30.0 29.0 8.0 80.0 72.0 94.0 20.0 24.0 94.0 75.0 35.0 43.0 95.0 92.0 6.0 17.0 90.0 8.0 36.0 67.0 76.0 24.0 16.0 46.0 71.0 61.0 11.0 84.0 55.0 49.0 40.0 95.0 85.0 94.0 44.0 49.0 61.0 52.0 78.0 20.0 75.0 12.0 31.0 86.0 39.0 14.0 56.0 56.0 58.0 65.0 95.0 41.0 1.0 53.0 88.0 64.0 61.0 48.0 92.0 28.0 55.0 11.0 67.0 38.0 39.0 10.0 62.0 42.0 85.0 39.0 92.0 46.0 98.0 4.0 93.0 95.0 97.0 13.0 65.0 84.0 9.0 68.0 92.0 91.0 37.0 96.0 22.0 52.0 82.0 10.0 90.0 42.0 59.0 2.0 69.0 1.0 28.0 19.0 16.0 4.0 87.0 46.0 43.0 95.0 44.0 58.0 27.0 68.0 13.0 82.0 24.0 87.0 87.0 80.0 70.0 48.0 16.0 63.0 59.0 18.0 18.0 90.0 10.0 46.0 93.0 73.0 83.0 72.0 44.0 47.0 70.0 90.0 45.0 12.0 40.0 49.0 93.0 60.0 44.0 65.0 46.0 46.0 42.0 45.0 72.0 44.0 90.0 91.0 7.0 44.0 20.0 48.0 25.0 28.0 15.0 25.0 90.0 54.0 58.0 88.0 83.0 26.0 0.0 71.0 56.0 16.0 6.0 98.0 47.0 31.0 42.0 43.0 35.0 91.0 17.0 83.0 86.0 76.0 0.0 13.0 61.0 64.0 59.0 94.0 19.0 77.0 67.0 20.0 14.0 50.0 90.0 50.0 5.0 59.0 21.0 53.0 42.0 2.0 95.0 78.0 86.0 19.0 16.0 10.0 81.0 16.0 34.0 40.0 29.0 82.0 19.0 1.0 83.0 72.0 43.0 71.0 82.0 56.0 0.0 53.0 13.0 51.0 83.0 61.0 33.0 95.0 35.0 37.0 89.0 24.0 36.0 43.0 32.0 9.0 86.0 11.0 73.0 13.0 87.0 68.0 25.0 4.0 50.0 57.0 27.0 46.0 54.0 90.0 3.0 26.0 9.0 68.0 96.0 74.0 35.0 80.0 65.0 35.0 7.0 88.0 0.0 
(351 : 350)
(361 : 362)
(111 : 110)
(30 : 31)
(222 : 206)
(222 : 223)
(490 : 489)
(31 : 20)
(31 : 32)
(111 : 130)
(489 : 488)
(361 : 360)
(361 : 386)
(345 : 321)
(32 : 21)
(21 : 20)
(31 : 40)
(345 : 344)
(223 : 244)
(360 : 337)
(361 : 338)
(338 : 337)
(20 : 19)
(19 : 30)
(19 : 18)
(489 : 474)
(344 : 320)
(320 : 321)
(321 : 322)
(111 : 92)
(337 : 311)
(490 : 491)
(111 : 112)
(117 : 116)
(489 : 503)
(110 : 109)
(350 : 326)
(491 : 476)
(476 : 477)
(109 : 128)
(344 : 343)
(344 : 369)
(491 : 505)
(503 : 504)
(504 : 505)
(338 : 312)
(312 : 311)
(110 : 91)
(322 : 297)
(117 : 98)
(351 : 327)
(244 : 243)
(320 : 295)
(337 : 336)
(223 : 207)
(351 : 376)
(369 : 368)
(386 : 387)
(387 : 362)
(360 : 359)
(359 : 336)
(21 : 7)
(326 : 301)
(488 : 473)
(473 : 474)
(32 : 33)
(98 : 97)
(345 : 346)
(122 : 104)
(345 : 370)
(19 : 5)
(368 : 393)
(473 : 472)
(336 : 310)
(33 : 34)
(5 : 4)
(4 : 18)
(359 : 358)
(18 : 17)
(33 : 42)
(359 : 384)
(17 : 16)
(130 : 131)
(131 : 112)
(362 : 339)
(351 : 352)
(488 : 487)
(207 : 192)
(376 : 377)
(5 : 6)
(6 : 20)
(6 : 7)
(116 : 135)
(117 : 136)
(477 : 459)
(297 : 296)
(296 : 321)
(352 : 328)
(328 : 327)
(192 : 175)
(16 : 15)
(322 : 323)
(207 : 206)
(491 : 492)
(492 : 477)
(327 : 302)
(40 : 41)
(41 : 42)
(91 : 90)
(346 : 371)
(371 : 370)
(244 : 268)
(90 : 72)
(339 : 313)
(30 : 29)
(377 : 402)
(21 : 22)
(112 : 113)
(487 : 486)
(268 : 293)
(473 : 455)
(328 : 303)
(17 : 3)
(371 : 396)
(492 : 506)
(506 : 505)
(376 : 375)
(375 : 350)
(336 : 335)
(301 : 300)
(369 : 394)
(394 : 393)
(313 : 287)
(243 : 242)
(396 : 397)
(343 : 319)
(98 : 80)
(486 : 485)
(323 : 347)
(377 : 378)
(362 : 363)
(476 : 458)
(492 : 493)
(311 : 285)
(98 : 99)
(320 : 319)
(458 : 436)
(370 : 395)
(395 : 394)
(395 : 396)
(371 : 372)
(92 : 93)
(93 : 112)
(436 : 412)
(372 : 373)
(104 : 103)
(99 : 118)
(118 : 117)
(175 : 174)
(474 : 456)
(313 : 314)
(93 : 75)
(373 : 348)
(348 : 347)
(370 : 369)
(506 : 507)
(110 : 129)
(129 : 128)
(297 : 272)
(104 : 85)
(343 : 368)
(386 : 411)
(411 : 412)
(116 : 115)
(296 : 271)
(271 : 272)
(285 : 286)
(286 : 287)
(97 : 96)
(286 : 263)
(378 : 353)
(353 : 352)
(378 : 379)
(30 : 39)
(39 : 40)
(402 : 401)
(293 : 318)
(263 : 262)
(262 : 285)
(395 : 417)
(378 : 403)
(403 : 402)
(493 : 478)
(348 : 349)
(174 : 173)
(129 : 146)
(243 : 267)
(339 : 340)
(340 : 363)
(300 : 299)
(358 : 357)
(401 : 400)
(400 : 375)
(213 : 212)
(486 : 500)
(396 : 418)
(418 : 417)
(115 : 114)
(485 : 470)
(335 : 334)
(16 : 27)
(242 : 221)
(323 : 324)
(324 : 299)
(324 : 348)
(503 : 502)
(502 : 488)
(455 : 454)
(212 : 211)
(402 : 424)
(314 : 288)
(296 : 295)
(474 : 475)
(475 : 490)
(115 : 134)
(122 : 123)
(116 : 97)
(318 : 317)
(287 : 264)
(264 : 263)
(475 : 457)
(457 : 458)
(174 : 191)
(191 : 206)
(191 : 192)
(436 : 435)
(435 : 411)
(334 : 308)
(27 : 28)
(376 : 401)
(135 : 152)
(347 : 346)
(347 : 372)
(313 : 312)
(477 : 478)
(80 : 62)
(308 : 309)
(146 : 145)
(145 : 128)
(424 : 425)
(22 : 8)
(8 : 7)
(41 : 51)
(118 : 137)
(137 : 136)
(309 : 283)
(435 : 434)
(33 : 22)
(283 : 284)
(284 : 310)
(412 : 413)
(123 : 105)
(286 : 312)
(206 : 205)
(105 : 86)
(293 : 292)
(292 : 267)
(456 : 434)
(456 : 457)
(242 : 241)
(16 : 2)
(2 : 3)
(375 : 374)
(485 : 484)
(328 : 329)
(412 : 387)
(92 : 74)
(413 : 388)
(388 : 387)
(86 : 67)
(104 : 105)
(358 : 383)
(507 : 508)
(318 : 342)
(114 : 95)
(15 : 14)
(302 : 276)
(174 : 160)
(97 : 79)
(342 : 341)
(341 : 317)
(28 : 37)
(118 : 119)
(425 : 448)
(115 : 96)
(80 : 81)
(372 : 397)
(287 : 288)
(72 : 54)
(324 : 325)
(130 : 147)
(417 : 416)
(221 : 220)
(220 : 241)
(373 : 398)
(51 : 52)
(342 : 367)
(416 : 440)
(329 : 304)
(131 : 132)
(27 : 26)
(263 : 237)
(424 : 423)
(132 : 149)
(487 : 501)
(501 : 500)
(109 : 90)
(271 : 247)
(448 : 449)
(212 : 198)
(222 : 221)
(54 : 44)
(113 : 94)
(94 : 95)
(149 : 150)
(314 : 315)
(367 : 392)
(411 : 410)
(284 : 261)
(54 : 55)
(501 : 502)
(173 : 159)
(211 : 197)
(393 : 415)
(415 : 416)
(22 : 23)
(23 : 34)
(302 : 301)
(302 : 303)
(150 : 151)
(151 : 152)
(94 : 76)
(72 : 73)
(73 : 55)
(73 : 74)
(308 : 307)
(40 : 50)
(50 : 67)
(39 : 38)
(335 : 309)
(335 : 358)
(261 : 260)
(260 : 283)
(475 : 476)
(261 : 235)
(472 : 471)
(471 : 486)
(34 : 35)
(363 : 364)
(4 : 3)
(485 : 499)
(459 : 460)
(114 : 133)
(133 : 132)
(133 : 134)
(303 : 277)
(277 : 276)
(309 : 310)
(262 : 236)
(329 : 330)
(262 : 261)
(15 : 1)
(1 : 2)
(205 : 204)
(151 : 168)
(417 : 441)
(425 : 426)
(426 : 449)
(122 : 121)
(400 : 422)
(422 : 423)
(92 : 91)
(295 : 270)
(459 : 437)
(437 : 436)
(67 : 66)
(235 : 234)
(94 : 93)
(220 : 219)
(122 : 139)
(175 : 161)
(161 : 160)
(242 : 266)
(357 : 356)
(334 : 333)
(333 : 356)
(288 : 265)
(265 : 264)
(507 : 493)
(205 : 190)
(190 : 173)
(268 : 267)
(220 : 204)
(197 : 183)
(130 : 129)
(357 : 382)
(470 : 469)
(455 : 433)
(433 : 434)
(23 : 9)
(9 : 8)
(338 : 339)
(353 : 354)
(354 : 330)
(103 : 84)
(277 : 278)
(147 : 164)
(85 : 84)
(85 : 86)
(50 : 49)
(147 : 148)
(299 : 274)
(317 : 316)
(79 : 78)
(78 : 96)
(270 : 269)
(42 : 43)
(74 : 56)
(383 : 408)
(43 : 53)
(53 : 52)
(398 : 420)
(105 : 106)
(219 : 203)
(367 : 366)
(470 : 452)
(235 : 214)
(441 : 462)
(394 : 416)
(150 : 167)
(159 : 143)
(410 : 385)
(385 : 360)
(385 : 384)
(134 : 135)
(423 : 446)
(241 : 240)
(397 : 419)
(143 : 127)
(183 : 170)
(134 : 151)
(283 : 282)
(282 : 308)
(74 : 75)
(484 : 483)
(299 : 298)
(298 : 297)
(14 : 13)
(330 : 305)
(319 : 294)
(139 : 140)
(440 : 439)
(448 : 447)
(447 : 424)
(81 : 63)
(212 : 230)
(148 : 165)
(51 : 68)
(68 : 67)
(234 : 233)
(499 : 498)
(498 : 484)
(99 : 100)
(478 : 479)
(346 : 322)
(357 : 334)
(373 : 374)
(264 : 238)
(149 : 166)
(166 : 167)
(379 : 380)
(484 : 469)
(277 : 252)
(35 : 24)
(435 : 457)
(449 : 450)
(305 : 279)
(279 : 278)
(133 : 150)
(121 : 120)
(203 : 202)
(392 : 391)
(408 : 409)
(409 : 384)
(81 : 82)
(82 : 100)
(103 : 102)
(102 : 120)
(301 : 275)
(294 : 269)
(170 : 169)
(386 : 385)
(408 : 407)
(272 : 248)
(248 : 247)
(238 : 217)
(269 : 245)
(159 : 158)
(211 : 210)
(388 : 389)
(267 : 266)
(278 : 253)
(86 : 87)
(87 : 68)
(87 : 106)
(282 : 259)
(259 : 233)
(259 : 260)
(374 : 399)
(399 : 398)
(379 : 404)
(454 : 453)
(146 : 163)
(423 : 401)
(66 : 65)
(55 : 45)
(45 : 44)
(68 : 69)
(69 : 52)
(198 : 184)
(222 : 243)
(152 : 153)
(333 : 332)
(183 : 182)
(202 : 201)
(82 : 64)
(165 : 177)
(23 : 24)
(326 : 327)
(66 : 49)
(66 : 85)
(366 : 365)
(483 : 468)
(468 : 469)
(29 : 28)
(29 : 38)
(143 : 142)
(380 : 405)
(405 : 404)
(55 : 56)
(374 : 349)
(426 : 427)
(407 : 406)
(493 : 494)
(494 : 508)
(349 : 325)
(184 : 171)
(127 : 108)
(9 : 10)
(508 : 509)
(399 : 421)
(453 : 431)
(383 : 382)
(230 : 229)
(460 : 438)
(137 : 154)
(154 : 153)
(409 : 433)
(409 : 410)
(419 : 443)
(282 : 281)
(281 : 307)
(259 : 258)
(190 : 189)
(189 : 204)
(456 : 455)
(440 : 461)
(461 : 462)
(316 : 291)
(158 : 172)
(15 : 26)
(509 : 495)
(382 : 381)
(381 : 356)
(454 : 432)
(432 : 408)
(432 : 433)
(182 : 181)
(95 : 77)
(77 : 78)
(452 : 451)
(113 : 132)
(236 : 215)
(215 : 214)
(10 : 11)
(422 : 445)
(445 : 446)
(406 : 430)
(430 : 431)
(471 : 470)
(298 : 273)
(273 : 274)
(140 : 157)
(123 : 124)
(124 : 106)
(230 : 231)
(453 : 452)
(202 : 218)
(218 : 217)
(236 : 235)
(201 : 200)
(63 : 47)
(392 : 414)
(278 : 304)
(272 : 273)
(400 : 399)
(87 : 88)
(79 : 61)
(273 : 249)
(100 : 101)
(237 : 216)
(216 : 200)
(216 : 217)
(443 : 444)
(77 : 59)
(61 : 60)
(60 : 59)
(458 : 459)
(249 : 250)
(295 : 294)
(121 : 138)
(35 : 36)
(258 : 257)
(257 : 231)
(446 : 464)
(311 : 310)
(437 : 413)
(437 : 438)
(249 : 227)
(1 : 0)
(0 : 14)
(88 : 89)
(279 : 254)
(254 : 253)
(140 : 141)
(197 : 196)
(196 : 182)
(449 : 466)
(483 : 497)
(461 : 480)
(415 : 439)
(56 : 46)
(76 : 58)
(497 : 496)
(330 : 331)
(288 : 289)
(95 : 96)
(469 : 451)
(166 : 178)
(178 : 177)
(75 : 57)
(57 : 56)
(69 : 70)
(70 : 89)
(427 : 428)
(51 : 50)
(200 : 186)
(447 : 465)
(257 : 256)
(271 : 270)
(465 : 481)
(245 : 224)
(468 : 467)
(467 : 450)
(467 : 466)
(101 : 83)
(240 : 239)
(239 : 218)
(203 : 188)
(11 : 25)
(25 : 24)
(248 : 226)
(307 : 306)
(306 : 332)
(254 : 255)
(255 : 256)
(499 : 500)
(213 : 199)
(403 : 404)
(160 : 144)
(144 : 143)
(226 : 209)
(167 : 179)
(179 : 178)
(179 : 180)
(180 : 168)
(13 : 12)
(70 : 71)
(163 : 162)
(162 : 145)
(245 : 246)
(246 : 247)
(163 : 176)
(205 : 221)
(256 : 280)
(224 : 225)
(225 : 246)
(199 : 185)
(80 : 79)
(441 : 442)
(442 : 418)
(442 : 443)
(224 : 208)
(481 : 482)
(227 : 228)
(228 : 250)
(139 : 156)
(89 : 107)
(389 : 390)
(127 : 126)
(188 : 187)
(178 : 194)
(47 : 48)
(444 : 463)
(131 : 148)
(428 : 429)
(429 : 430)
(126 : 125)
(125 : 124)
(291 : 290)
(179 : 195)
(195 : 194)
(169 : 155)
(276 : 251)
(354 : 355)
(355 : 331)
(231 : 232)
(232 : 258)
(209 : 193)
(193 : 177)
(193 : 194)
