4599.0
8
20
281 390 157 334 209 275 343 337 218 212 284 266 492 39 396 161 89 426 498 44 
83.0 90.0 47.0 33.0 1.0 48.0 31.0 8.0 98.0 88.0 61.0 73.0 24.0 20.0 15.0 47.0 66.0 22.0 49.0 4.0 62.0 79.0 76.0 57.0 65.0 52.0 11.0 13.0 70.0 55.0 26.0 78.0 45.0 32.0 64.0 79.0 42.0 20.0 4.0 58.0 74.0 26.0 62.0 7.0 34.0 50.0 47.0 3.0 90.0 4.0 17.0 16.0 76.0 46.0 82.0 95.0 14.0 89.0 15.0 55.0 16.0 36.0 85.0 16.0 41.0 65.0 76.0 13.0 62.0 42.0 25.0 13.0 25.0 76.0 6.0 53.0 4.0 2.0 93.0 75.0 20.0 67.0 24.0 99.0 38.0 51.0 82.0 45.0 48.0 48.0 78.0 33.0 29.0 23.0 72.0 53.0 97.0 96.0 76.0 95.0 78.0 28.0 26.0 61.0 76.0 11.0 2.0 99.0 76.0 0.0 12.0 56.0 79.0 83.0 84.0 90.0 73.0 40.0 99.0 11.0 35.0 66.0 32.0 16.0 86.0 83.0 1.0 42.0 48.0 42.0 87.0 96.0 23.0 74.0 58.0 87.0 50.0 16.0 15.0 89.0 8.0 27.0 78.0 6.0 19.0 6.0 58.0 17.0 13.0 97.0 86.0 83.0 49.0 85.0 26.0 85.0 55.0 11.0 54.0 65.0 56.0 3.0 83.0 94.0 4.0 8.0 97.0 79.0 59.0 5.0 68.0 59.0 3.0 0.0 71.0 6.0 96.0 11.0 46.0 64.0 9.0 57.0 4.0 10.0 26.0 20.0 91.0 18.0 94.0 70.0 40.0 42.0 46.0 68.0 41.0 98.0 80.0 53.0 88.0 71.0 33.0 48.0 74.0 87.0 80.0 71.0 2.0 23.0 74.0 58.0 93.0 53.0 78.0 32.0 23.0 3.0 48.0 60.0 33.0 14.0 74.0 57.0 78.0 60.0 76.0 43.0 9.0 96.0 66.0 23.0 6.0 9.0 59.0 31.0 87.0 76.0 50.0 51.0 48.0 5.0 49.0 85.0 27.0 55.0 69.0 68.0 44.0 62.0 49.0 88.0 48.0 28.0 30.0 83.0 2.0 36.0 23.0 3.0 7.0 28.0 67.0 42.0 43.0 35.0 54.0 44.0 80.0 53.0 37.0 57.0 31.0 5.0 6.0 22.0 15.0 27.0 56.0 26.0 53.0 25.0 54.0 27.0 66.0 45.0 31.0 91.0 92.0 94.0 95.0 67.0 46.0 84.0 32.0 86.0 20.0 2.0 61.0 87.0 53.0 5.0 7.0 91.0 5.0 22.0 90.0 32.0 48.0 75.0 55.0 91.0 93.0 46.0 31.0 12.0 10.0 66.0 82.0 92.0 32.0 74.0 77.0 5.0 78.0 26.0 30.0 52.0 31.0 15.0 71.0 5.0 55.0 28.0 36.0 37.0 80.0 72.0 15.0 73.0 57.0 31.0 67.0 97.0 70.0 97.0 78.0 85.0 97.0 28.0 48.0 25.0 92.0 67.0 91.0 66.0 66.0 41.0 60.0 54.0 98.0 94.0 66.0 45.0 45.0 10.0 89.0 88.0 62.0 82.0 83.0 95.0 38.0 76.0 46.0 87.0 73.0 93.0 30.0 22.0 44.0 44.0 1.0 46.0 34.0 69.0 86.0 26.0 85.0 7.0 81.0 35.0 63.0 62.0 92.0 44.0 63.0 33.0 38.0 91.0 26.0 16.0 44.0 48.0 22.0 63.0 93.0 94.0 27.0 41.0 92.0 73.0 17.0 74.0 95.0 42.0 43.0 69.0 54.0 72.0 39.0 97.0 63.0 17.0 4.0 56.0 55.0 34.0 41.0 5.0 95.0 29.0 9.0 10.0 68.0 28.0 53.0 88.0 71.0 46.0 66.0 22.0 1.0 38.0 94.0 10.0 67.0 62.0 88.0 47.0 68.0 99.0 14.0 99.0 72.0 66.0 65.0 74.0 40.0 81.0 24.0 9.0 76.0 13.0 29.0 52.0 47.0 40.0 99.0 69.0 48.0 96.0 40.0 87.0 2.0 59.0 55.0 99.0 55.0 86.0 96.0 18.0 48.0 43.0 47.0 65.0 73.0 88.0 28.0 28.0 56.0 38.0 32.0 90.0 82.0 11.0 26.0 69.0 25.0 87.0 89.0 61.0 
(275 : 276)
(44 : 27)
(209 : 191)
(276 : 256)
(266 : 265)
(337 : 318)
(343 : 344)
(426 : 414)
(344 : 324)
(492 : 470)
(89 : 88)
(426 : 425)
(88 : 70)
(426 : 443)
(443 : 444)
(343 : 323)
(323 : 324)
(39 : 20)
(396 : 395)
(396 : 397)
(70 : 50)
(88 : 105)
(212 : 211)
(395 : 394)
(492 : 491)
(27 : 26)
(256 : 236)
(343 : 342)
(284 : 283)
(209 : 208)
(498 : 475)
(161 : 162)
(281 : 259)
(162 : 141)
(492 : 511)
(498 : 499)
(161 : 160)
(44 : 61)
(284 : 262)
(27 : 10)
(266 : 245)
(266 : 288)
(162 : 183)
(498 : 497)
(511 : 510)
(510 : 491)
(212 : 213)
(70 : 69)
(426 : 427)
(245 : 244)
(244 : 265)
(498 : 517)
(284 : 285)
(397 : 381)
(443 : 442)
(442 : 425)
(344 : 357)
(396 : 410)
(10 : 11)
(88 : 87)
(475 : 456)
(212 : 232)
(11 : 12)
(318 : 296)
(211 : 193)
(470 : 469)
(357 : 358)
(343 : 356)
(470 : 450)
(443 : 463)
(470 : 471)
(337 : 338)
(275 : 274)
(141 : 140)
(218 : 217)
(43 : 25)
(25 : 26)
(288 : 289)
(275 : 255)
(44 : 45)
(444 : 464)
(61 : 60)
(105 : 104)
(104 : 87)
(337 : 336)
(285 : 263)
(191 : 192)
(255 : 235)
(491 : 490)
(191 : 168)
(245 : 226)
(414 : 401)
(324 : 302)
(410 : 411)
(411 : 397)
(213 : 195)
(358 : 373)
(105 : 106)
(411 : 422)
(61 : 62)
(62 : 45)
(105 : 123)
(289 : 267)
(87 : 86)
(425 : 424)
(499 : 500)
(381 : 363)
(456 : 457)
(463 : 484)
(141 : 120)
(396 : 380)
(456 : 455)
(511 : 512)
(337 : 350)
(285 : 309)
(334 : 315)
(484 : 483)
(50 : 51)
(442 : 462)
(512 : 513)
(192 : 210)
(210 : 209)
(210 : 211)
(160 : 159)
(245 : 246)
(444 : 445)
(26 : 9)
(9 : 10)
(394 : 393)
(356 : 355)
(500 : 501)
(262 : 241)
(193 : 170)
(12 : 29)
(9 : 8)
(8 : 25)
(510 : 509)
(517 : 518)
(309 : 329)
(394 : 378)
(244 : 225)
(244 : 243)
(288 : 311)
(170 : 150)
(210 : 230)
(402 : 386)
(336 : 317)
(317 : 318)
(471 : 472)
(195 : 172)
(457 : 436)
(150 : 128)
(394 : 408)
(172 : 152)
(160 : 139)
(139 : 140)
(170 : 169)
(169 : 168)
(169 : 192)
(483 : 482)
(235 : 215)
(25 : 24)
(275 : 299)
(309 : 308)
(51 : 52)
(52 : 71)
(161 : 182)
(464 : 485)
(485 : 484)
(482 : 481)
(373 : 372)
(159 : 158)
(217 : 198)
(69 : 49)
(49 : 50)
(445 : 465)
(465 : 464)
(259 : 258)
(277 : 301)
(160 : 181)
(29 : 30)
(241 : 242)
(242 : 263)
(289 : 290)
(11 : 28)
(217 : 216)
(216 : 215)
(509 : 508)
(39 : 38)
(128 : 129)
(246 : 227)
(157 : 156)
(513 : 493)
(172 : 173)
(39 : 40)
(386 : 364)
(193 : 194)
(475 : 474)
(474 : 455)
(474 : 497)
(39 : 56)
(301 : 322)
(261 : 239)
(106 : 107)
(215 : 197)
(213 : 233)
(233 : 232)
(169 : 149)
(149 : 150)
(51 : 33)
(225 : 203)
(217 : 237)
(425 : 413)
(413 : 414)
(413 : 412)
(412 : 424)
(424 : 423)
(277 : 278)
(194 : 171)
(171 : 172)
(296 : 297)
(197 : 174)
(235 : 234)
(493 : 494)
(290 : 313)
(233 : 253)
(338 : 351)
(351 : 350)
(237 : 238)
(265 : 264)
(264 : 243)
(436 : 437)
(104 : 103)
(410 : 421)
(421 : 422)
(195 : 196)
(196 : 173)
(196 : 197)
(336 : 335)
(355 : 370)
(445 : 446)
(484 : 503)
(213 : 214)
(214 : 215)
(218 : 199)
(199 : 198)
(227 : 228)
(446 : 447)
(86 : 68)
(20 : 19)
(19 : 38)
(490 : 489)
(489 : 508)
(485 : 504)
(504 : 503)
(318 : 319)
(319 : 297)
(447 : 429)
(156 : 134)
(401 : 385)
(45 : 46)
(471 : 451)
(451 : 450)
(128 : 108)
(378 : 360)
(446 : 466)
(466 : 465)
(317 : 316)
(316 : 315)
(241 : 240)
(350 : 349)
(134 : 135)
(152 : 151)
(151 : 129)
(134 : 113)
(174 : 175)
(329 : 328)
(123 : 145)
(415 : 428)
(428 : 427)
(174 : 154)
(483 : 502)
(415 : 403)
(403 : 402)
(208 : 190)
(46 : 63)
(63 : 62)
(283 : 307)
(401 : 400)
(49 : 31)
(190 : 167)
(134 : 133)
(241 : 222)
(424 : 441)
(441 : 442)
(227 : 205)
(297 : 273)
(273 : 253)
(273 : 274)
(301 : 300)
(457 : 476)
(19 : 3)
(370 : 371)
(371 : 356)
(513 : 514)
(476 : 477)
(222 : 221)
(221 : 240)
(175 : 155)
(485 : 486)
(486 : 465)
(255 : 254)
(254 : 234)
(254 : 253)
(412 : 399)
(68 : 67)
(319 : 320)
(156 : 176)
(62 : 80)
(486 : 505)
(505 : 504)
(218 : 219)
(139 : 138)
(230 : 231)
(421 : 438)
(302 : 279)
(173 : 153)
(153 : 154)
(451 : 430)
(472 : 473)
(436 : 435)
(435 : 456)
(133 : 132)
(232 : 252)
(19 : 18)
(466 : 487)
(487 : 486)
(120 : 100)
(279 : 280)
(280 : 258)
(280 : 281)
(435 : 418)
(60 : 59)
(140 : 119)
(315 : 293)
(231 : 251)
(167 : 147)
(43 : 42)
(42 : 24)
(372 : 391)
(351 : 352)
(139 : 118)
(472 : 452)
(321 : 300)
(321 : 322)
(50 : 32)
(32 : 31)
(363 : 362)
(362 : 380)
(279 : 257)
(144 : 163)
(20 : 4)
(4 : 3)
(108 : 92)
(421 : 420)
(363 : 346)
(346 : 329)
(60 : 79)
(52 : 34)
(34 : 33)
(203 : 204)
(373 : 392)
(392 : 391)
(52 : 53)
(56 : 57)
(57 : 40)
(107 : 90)
(90 : 71)
(90 : 89)
(373 : 374)
(205 : 187)
(187 : 163)
(334 : 333)
(420 : 409)
(409 : 408)
(334 : 348)
(311 : 310)
(31 : 14)
(296 : 272)
(272 : 252)
(272 : 273)
(247 : 246)
(435 : 434)
(333 : 332)
(167 : 166)
(338 : 339)
(339 : 352)
(400 : 384)
(384 : 385)
(103 : 102)
(34 : 35)
(307 : 306)
(466 : 467)
(102 : 101)
(317 : 295)
(293 : 269)
(106 : 124)
(56 : 55)
(113 : 95)
(100 : 83)
(384 : 383)
(261 : 260)
(452 : 431)
(501 : 478)
(333 : 314)
(152 : 130)
(53 : 72)
(342 : 341)
(341 : 321)
(183 : 201)
(176 : 177)
(113 : 114)
(114 : 135)
(190 : 189)
(265 : 287)
(350 : 366)
(355 : 354)
(354 : 341)
(32 : 15)
(348 : 347)
(347 : 333)
(86 : 85)
(85 : 102)
(55 : 74)
(391 : 405)
(132 : 131)
(131 : 153)
(289 : 312)
(204 : 186)
(514 : 515)
(128 : 127)
(242 : 223)
(223 : 201)
(159 : 180)
(103 : 122)
(434 : 433)
(477 : 458)
(458 : 457)
(280 : 303)
(303 : 325)
(354 : 369)
(145 : 146)
(146 : 124)
(247 : 248)
(370 : 389)
(389 : 390)
(24 : 23)
(436 : 419)
(418 : 407)
(407 : 408)
(168 : 148)
(148 : 147)
(144 : 143)
(189 : 188)
(63 : 81)
(81 : 80)
(431 : 416)
(462 : 461)
(81 : 98)
(461 : 460)
(351 : 367)
(390 : 404)
(186 : 185)
(185 : 203)
(189 : 207)
(383 : 382)
(14 : 1)
(303 : 304)
(304 : 281)
(90 : 91)
(20 : 21)
(481 : 480)
(85 : 84)
(84 : 101)
(455 : 454)
(454 : 433)
(434 : 417)
(297 : 298)
(298 : 274)
(298 : 320)
(298 : 299)
(290 : 291)
(35 : 36)
(508 : 507)
(221 : 220)
(220 : 239)
(84 : 66)
(36 : 54)
(54 : 53)
(352 : 353)
(283 : 282)
(282 : 261)
(40 : 41)
(80 : 97)
(97 : 96)
(145 : 164)
(449 : 448)
(448 : 447)
(100 : 99)
(99 : 98)
(99 : 119)
(306 : 305)
(132 : 112)
(358 : 359)
(489 : 488)
(291 : 268)
(181 : 200)
(374 : 375)
(96 : 117)
(291 : 292)
(438 : 459)
(459 : 458)
(353 : 340)
(340 : 339)
(431 : 432)
(117 : 116)
(441 : 440)
(34 : 16)
(251 : 250)
(12 : 13)
(13 : 30)
(21 : 5)
(5 : 4)
(46 : 47)
(47 : 30)
(21 : 22)
(107 : 125)
(164 : 165)
(165 : 166)
(362 : 361)
(94 : 95)
(5 : 6)
(6 : 22)
(138 : 137)
(312 : 331)
(392 : 406)
(406 : 405)
(497 : 496)
(496 : 516)
(505 : 506)
(506 : 487)
(367 : 387)
(295 : 294)
(294 : 293)
(294 : 316)
(177 : 178)
(1 : 0)
(295 : 271)
(185 : 184)
(501 : 519)
(81 : 82)
(92 : 73)
(248 : 229)
(82 : 64)
(311 : 330)
(399 : 398)
(130 : 110)
(364 : 365)
(365 : 347)
(95 : 76)
(24 : 7)
(7 : 8)
(287 : 286)
(94 : 93)
(93 : 112)
(419 : 408)
(419 : 420)
(243 : 224)
(224 : 225)
(207 : 206)
(206 : 188)
(206 : 229)
(378 : 377)
(377 : 393)
(38 : 37)
(37 : 18)
(440 : 439)
(385 : 386)
(27 : 28)
(307 : 327)
(327 : 328)
(204 : 226)
(204 : 205)
(389 : 388)
(388 : 369)
(342 : 355)
(64 : 65)
(65 : 83)
(463 : 462)
(463 : 464)
(278 : 279)
(477 : 478)
(248 : 249)
(271 : 270)
(270 : 250)
(270 : 269)
(270 : 294)
(16 : 17)
(17 : 35)
(56 : 75)
(75 : 74)
(75 : 93)
(129 : 109)
(109 : 108)
(109 : 110)
(131 : 111)
(111 : 110)
(111 : 112)
(380 : 379)
(379 : 361)
(379 : 378)
(379 : 395)
(69 : 68)
(68 : 48)
(48 : 49)
(59 : 58)
(58 : 42)
(515 : 495)
(495 : 494)
(444 : 427)
(224 : 202)
(202 : 184)
(202 : 203)
(226 : 227)
(325 : 326)
(326 : 304)
(326 : 345)
(236 : 235)
(236 : 237)
(114 : 115)
(102 : 121)
(121 : 122)
(248 : 268)
(135 : 136)
(136 : 115)
(478 : 479)
(488 : 468)
(468 : 448)
(468 : 467)
(191 : 190)
(143 : 142)
(142 : 121)
(64 : 47)
(64 : 63)
(76 : 77)
(353 : 368)
(368 : 369)
(89 : 106)
(176 : 198)
(158 : 179)
(179 : 180)
(132 : 154)
(147 : 126)
(126 : 125)
(432 : 453)
(453 : 452)
(453 : 473)
(15 : 2)
(2 : 1)
(59 : 78)
(78 : 79)
(377 : 376)
(376 : 375)
