880.0
4
20
65 86 43 72 51 63 75 73 54 52 67 59 106 19 89 46 27 94 109 22 
83.0 0.0 73.0 73.0 31.0 79.0 66.0 60.0 88.0 64.0 71.0 19.0 42.0 31.0 57.0 45.0 74.0 73.0 39.0 16.0 89.0 10.0 98.0 90.0 15.0 4.0 64.0 88.0 21.0 36.0 75.0 18.0 89.0 26.0 97.0 8.0 72.0 82.0 59.0 8.0 41.0 31.0 12.0 91.0 98.0 2.0 87.0 2.0 64.0 49.0 51.0 99.0 67.0 52.0 4.0 90.0 82.0 54.0 62.0 90.0 50.0 6.0 29.0 4.0 65.0 32.0 97.0 17.0 88.0 59.0 82.0 61.0 4.0 55.0 17.0 54.0 51.0 52.0 67.0 9.0 35.0 77.0 36.0 87.0 10.0 87.0 33.0 78.0 74.0 59.0 98.0 25.0 79.0 6.0 27.0 37.0 11.0 76.0 59.0 94.0 
(59 : 60)
(86 : 85)
(65 : 55)
(55 : 54)
(55 : 44)
(86 : 98)
(67 : 57)
(86 : 87)
(85 : 74)
(74 : 63)
(74 : 73)
(74 : 75)
(106 : 97)
(97 : 98)
(55 : 56)
(97 : 96)
(94 : 95)
(67 : 66)
(66 : 56)
(66 : 65)
(75 : 64)
(64 : 63)
(54 : 53)
(98 : 99)
(106 : 107)
(107 : 98)
(109 : 108)
(43 : 31)
(19 : 18)
(31 : 30)
(30 : 19)
(87 : 76)
(66 : 77)
(107 : 115)
(115 : 116)
(31 : 32)
(32 : 21)
(21 : 22)
(51 : 50)
(50 : 60)
(76 : 75)
(22 : 23)
(52 : 62)
(89 : 78)
(22 : 13)
(21 : 20)
(20 : 31)
(72 : 71)
(87 : 88)
(88 : 89)
(43 : 42)
(42 : 30)
(42 : 53)
(109 : 117)
(117 : 116)
(106 : 105)
(60 : 61)
(61 : 51)
(61 : 62)
(19 : 10)
(76 : 77)
(67 : 68)
(61 : 72)
(27 : 16)
(73 : 84)
(84 : 85)
(78 : 79)
(72 : 83)
(83 : 95)
(83 : 84)
(20 : 11)
(11 : 10)
(84 : 96)
(71 : 70)
(65 : 64)
(65 : 76)
(51 : 40)
(79 : 90)
(75 : 86)
(27 : 26)
(46 : 34)
(18 : 9)
(90 : 102)
(70 : 69)
(42 : 41)
(41 : 40)
(41 : 52)
(56 : 45)
(105 : 113)
(54 : 64)
(88 : 100)
(56 : 57)
(83 : 82)
(82 : 71)
(50 : 39)
(39 : 40)
(51 : 52)
(39 : 38)
(38 : 26)
(22 : 33)
(33 : 45)
(33 : 34)
(68 : 58)
(39 : 27)
(45 : 44)
(96 : 105)
(26 : 25)
(27 : 28)
(28 : 40)
(34 : 35)
(89 : 101)
(87 : 99)
(97 : 85)
(72 : 73)
(30 : 29)
(29 : 41)
(117 : 118)
(70 : 81)
(81 : 82)
(102 : 111)
(89 : 90)
(88 : 77)
(115 : 114)
(114 : 106)
(16 : 7)
(79 : 68)
(28 : 17)
(17 : 18)
(57 : 46)
(50 : 49)
(49 : 38)
(32 : 44)
(32 : 33)
(7 : 1)
(53 : 52)
(53 : 63)
(94 : 93)
(93 : 81)
(118 : 119)
(1 : 0)
(49 : 48)
(95 : 104)
(26 : 15)
(15 : 16)
(16 : 17)
(15 : 14)
(14 : 25)
(93 : 92)
(111 : 110)
(45 : 46)
(113 : 112)
(112 : 104)
(110 : 109)
(29 : 28)
(92 : 80)
(92 : 91)
(21 : 12)
(12 : 11)
(15 : 6)
(6 : 0)
(11 : 3)
(3 : 4)
(9 : 8)
(35 : 47)
(100 : 101)
(23 : 24)
(24 : 35)
(10 : 2)
(38 : 37)
(91 : 103)
(7 : 8)
(29 : 18)
(37 : 36)
(111 : 119)
(108 : 99)
(108 : 107)
(13 : 5)
(5 : 4)
