3552.0
7
10
119 206 21 158 63 112 169 162 74 67 
28.0 87.0 39.0 53.0 39.0 66.0 97.0 18.0 28.0 27.0 41.0 4.0 54.0 29.0 82.0 67.0 56.0 8.0 22.0 52.0 51.0 86.0 69.0 23.0 20.0 36.0 85.0 37.0 15.0 34.0 96.0 52.0 58.0 76.0 52.0 29.0 90.0 83.0 19.0 63.0 48.0 24.0 11.0 5.0 51.0 54.0 76.0 5.0 29.0 10.0 19.0 97.0 48.0 79.0 65.0 29.0 2.0 68.0 0.0 69.0 48.0 91.0 22.0 30.0 67.0 10.0 80.0 13.0 98.0 34.0 12.0 19.0 6.0 94.0 52.0 59.0 76.0 17.0 85.0 84.0 25.0 85.0 60.0 46.0 23.0 81.0 59.0 56.0 20.0 28.0 51.0 3.0 47.0 73.0 18.0 82.0 19.0 99.0 34.0 29.0 64.0 37.0 58.0 57.0 21.0 96.0 37.0 75.0 13.0 59.0 2.0 93.0 40.0 80.0 55.0 63.0 40.0 40.0 75.0 7.0 11.0 98.0 40.0 7.0 69.0 74.0 7.0 58.0 30.0 28.0 62.0 6.0 85.0 55.0 4.0 85.0 20.0 28.0 39.0 25.0 95.0 51.0 17.0 90.0 63.0 0.0 39.0 7.0 60.0 6.0 79.0 2.0 29.0 76.0 74.0 45.0 94.0 55.0 99.0 3.0 86.0 99.0 55.0 37.0 84.0 85.0 43.0 90.0 88.0 64.0 78.0 91.0 78.0 59.0 31.0 27.0 64.0 21.0 48.0 53.0 35.0 81.0 18.0 93.0 58.0 74.0 76.0 80.0 49.0 87.0 69.0 42.0 89.0 20.0 95.0 66.0 74.0 81.0 21.0 20.0 
(162 : 163)
(162 : 161)
(162 : 149)
(67 : 68)
(169 : 168)
(149 : 148)
(148 : 161)
(21 : 7)
(21 : 20)
(21 : 35)
(7 : 6)
(67 : 55)
(20 : 19)
(68 : 56)
(56 : 55)
(158 : 145)
(162 : 176)
(21 : 22)
(161 : 160)
(67 : 80)
(206 : 202)
(56 : 45)
(80 : 81)
(119 : 118)
(68 : 69)
(63 : 62)
(149 : 134)
(45 : 46)
(81 : 92)
(202 : 203)
(202 : 192)
(160 : 159)
(63 : 64)
(118 : 106)
(46 : 29)
(81 : 82)
(176 : 175)
(175 : 161)
(158 : 157)
(118 : 117)
(62 : 75)
(168 : 167)
(117 : 105)
(176 : 177)
(134 : 121)
(177 : 188)
(119 : 129)
(149 : 150)
(56 : 57)
(57 : 69)
(177 : 178)
(46 : 47)
(82 : 93)
(63 : 51)
(167 : 166)
(6 : 5)
(157 : 144)
(168 : 155)
(35 : 34)
(34 : 20)
(80 : 79)
(7 : 8)
(64 : 65)
(79 : 66)
(66 : 65)
(66 : 67)
(192 : 193)
(80 : 91)
(142 : 126)
(206 : 205)
(47 : 48)
(22 : 36)
(8 : 9)
(55 : 54)
(54 : 66)
(142 : 141)
(141 : 155)
(112 : 113)
(51 : 40)
(9 : 23)
(51 : 52)
(157 : 172)
(19 : 18)
(144 : 130)
(48 : 59)
(91 : 100)
(205 : 201)
(201 : 200)
(54 : 53)
(53 : 52)
(141 : 140)
(106 : 97)
(206 : 207)
(166 : 153)
(57 : 58)
(58 : 59)
(62 : 50)
(153 : 139)
(139 : 140)
(112 : 104)
(54 : 43)
(5 : 4)
(64 : 77)
(23 : 24)
(145 : 131)
(158 : 173)
(48 : 31)
(55 : 44)
(44 : 43)
(145 : 146)
(31 : 17)
(146 : 147)
(173 : 174)
(150 : 135)
(135 : 134)
(168 : 181)
(192 : 191)
(40 : 25)
(75 : 88)
(4 : 3)
(148 : 133)
(155 : 154)
(139 : 138)
(166 : 165)
(176 : 187)
(187 : 188)
(79 : 78)
(135 : 122)
(104 : 95)
(139 : 124)
(124 : 113)
(44 : 27)
(45 : 28)
(28 : 27)
(28 : 29)
(79 : 90)
(172 : 185)
(126 : 125)
(29 : 30)
(30 : 31)
(165 : 152)
(152 : 153)
(78 : 89)
(89 : 90)
(30 : 16)
(16 : 17)
(50 : 39)
(173 : 186)
(186 : 185)
(117 : 116)
(74 : 73)
(25 : 12)
(9 : 10)
(119 : 107)
(107 : 106)
(178 : 189)
(189 : 188)
(192 : 182)
(182 : 169)
(34 : 33)
(33 : 19)
(182 : 183)
(183 : 193)
(28 : 14)
(95 : 94)
(185 : 196)
(138 : 137)
(94 : 83)
(73 : 61)
(90 : 99)
(99 : 100)
(18 : 32)
(32 : 33)
(99 : 98)
(14 : 15)
(15 : 29)
(126 : 115)
(115 : 116)
(167 : 180)
(92 : 101)
(101 : 100)
(183 : 170)
(170 : 169)
(73 : 85)
(10 : 11)
(131 : 120)
(73 : 72)
(93 : 102)
(102 : 101)
(112 : 111)
(188 : 198)
(203 : 204)
(53 : 42)
(170 : 171)
(178 : 179)
(111 : 103)
(103 : 102)
(40 : 41)
(41 : 52)
(83 : 70)
(99 : 109)
(15 : 2)
(147 : 132)
(132 : 133)
(112 : 123)
(123 : 138)
(123 : 124)
(198 : 199)
(97 : 86)
(121 : 110)
(110 : 109)
(198 : 197)
(197 : 187)
(207 : 208)
(193 : 194)
(118 : 128)
(113 : 114)
(27 : 13)
(83 : 84)
(96 : 95)
(194 : 184)
(2 : 1)
(120 : 108)
(137 : 136)
(136 : 151)
(70 : 71)
(38 : 37)
(37 : 24)
(156 : 143)
(143 : 142)
(86 : 87)
(194 : 195)
(128 : 127)
(164 : 179)
(164 : 165)
(94 : 93)
(72 : 60)
(60 : 61)
(203 : 207)
(179 : 190)
(190 : 189)
(13 : 0)
(0 : 1)
(42 : 26)
(63 : 76)
(76 : 75)
(76 : 77)
(208 : 209)
(3 : 17)
(33 : 49)
(49 : 60)
