1684.0
5
10
51 97 8 67 22 47 73 69 28 24 
14.0 43.0 23.0 40.0 49.0 41.0 28.0 15.0 90.0 45.0 70.0 82.0 86.0 55.0 3.0 4.0 55.0 68.0 8.0 28.0 43.0 9.0 97.0 29.0 61.0 43.0 62.0 80.0 19.0 58.0 23.0 21.0 84.0 50.0 98.0 0.0 99.0 9.0 99.0 96.0 24.0 86.0 24.0 38.0 68.0 90.0 66.0 34.0 64.0 9.0 17.0 11.0 95.0 29.0 57.0 72.0 54.0 29.0 2.0 99.0 20.0 76.0 0.0 63.0 67.0 85.0 31.0 76.0 20.0 61.0 61.0 51.0 41.0 32.0 28.0 82.0 73.0 79.0 64.0 58.0 77.0 21.0 95.0 94.0 24.0 57.0 44.0 83.0 0.0 44.0 9.0 73.0 22.0 25.0 20.0 61.0 65.0 94.0 45.0 68.0 
(69 : 57)
(73 : 61)
(28 : 29)
(69 : 68)
(68 : 67)
(68 : 56)
(68 : 80)
(24 : 13)
(28 : 27)
(80 : 81)
(97 : 85)
(67 : 66)
(97 : 96)
(51 : 50)
(97 : 108)
(47 : 36)
(47 : 48)
(48 : 37)
(37 : 36)
(57 : 58)
(108 : 107)
(48 : 49)
(50 : 62)
(62 : 61)
(81 : 82)
(81 : 93)
(61 : 60)
(60 : 48)
(93 : 92)
(92 : 80)
(66 : 54)
(22 : 23)
(23 : 24)
(27 : 16)
(58 : 46)
(46 : 47)
(50 : 39)
(39 : 29)
(67 : 79)
(46 : 35)
(35 : 36)
(80 : 79)
(16 : 17)
(17 : 8)
(92 : 91)
(91 : 79)
(8 : 9)
(36 : 26)
(49 : 38)
(38 : 28)
(38 : 39)
(57 : 45)
(79 : 78)
(78 : 66)
(69 : 70)
(70 : 58)
(82 : 83)
(49 : 61)
(8 : 3)
(51 : 52)
(16 : 15)
(78 : 90)
(108 : 109)
(85 : 86)
(17 : 18)
(47 : 59)
(83 : 71)
(71 : 59)
(66 : 65)
(13 : 14)
(14 : 15)
(15 : 6)
(67 : 55)
(55 : 54)
(15 : 26)
(93 : 104)
(26 : 25)
(57 : 56)
(60 : 72)
(62 : 63)
(82 : 94)
(45 : 34)
(78 : 77)
(6 : 5)
(5 : 14)
(90 : 89)
(89 : 77)
(18 : 19)
(104 : 105)
(105 : 94)
(38 : 37)
(104 : 103)
(63 : 64)
(25 : 24)
(93 : 94)
(59 : 58)
(59 : 60)
(82 : 70)
(55 : 43)
(86 : 87)
(62 : 74)
(74 : 73)
(73 : 72)
(14 : 25)
(89 : 100)
(16 : 7)
(90 : 101)
(101 : 100)
(72 : 84)
(50 : 49)
(86 : 98)
(98 : 97)
(8 : 7)
(56 : 44)
(105 : 106)
(106 : 107)
(81 : 69)
(86 : 74)
(103 : 102)
(102 : 91)
(106 : 95)
(95 : 83)
(95 : 94)
(95 : 96)
(51 : 40)
(40 : 41)
(87 : 75)
(75 : 74)
(23 : 12)
(12 : 11)
(11 : 22)
(3 : 0)
(64 : 76)
(76 : 75)
(77 : 65)
(44 : 33)
(107 : 96)
(13 : 4)
(71 : 72)
(56 : 55)
(102 : 101)
(76 : 88)
(46 : 45)
(54 : 42)
(88 : 99)
(44 : 43)
(43 : 32)
(32 : 22)
(3 : 2)
(2 : 7)
(19 : 10)
(19 : 20)
(19 : 30)
(30 : 29)
(22 : 21)
(103 : 92)
(52 : 64)
(4 : 1)
(65 : 53)
(53 : 54)
(32 : 31)
(31 : 21)
(31 : 42)
