3290.0
7
10
133 206 11 171 56 128 180 175 68 60 
90.0 51.0 69.0 46.0 76.0 79.0 92.0 65.0 2.0 74.0 11.0 16.0 3.0 13.0 31.0 92.0 44.0 72.0 64.0 33.0 36.0 24.0 81.0 22.0 32.0 5.0 70.0 18.0 6.0 36.0 57.0 8.0 4.0 47.0 8.0 63.0 41.0 62.0 3.0 47.0 10.0 19.0 27.0 41.0 87.0 96.0 75.0 81.0 40.0 18.0 95.0 27.0 27.0 7.0 43.0 61.0 51.0 62.0 14.0 46.0 50.0 35.0 50.0 4.0 16.0 66.0 8.0 35.0 42.0 55.0 73.0 48.0 21.0 29.0 77.0 82.0 68.0 44.0 58.0 61.0 57.0 3.0 60.0 79.0 2.0 3.0 26.0 95.0 2.0 50.0 74.0 20.0 3.0 89.0 90.0 69.0 76.0 25.0 3.0 5.0 45.0 64.0 99.0 15.0 27.0 50.0 63.0 43.0 59.0 79.0 23.0 45.0 77.0 40.0 63.0 70.0 35.0 39.0 44.0 5.0 24.0 24.0 42.0 21.0 5.0 14.0 95.0 25.0 2.0 50.0 48.0 15.0 76.0 0.0 94.0 92.0 24.0 81.0 85.0 50.0 29.0 50.0 38.0 94.0 70.0 20.0 65.0 17.0 66.0 14.0 67.0 17.0 93.0 6.0 13.0 77.0 73.0 62.0 18.0 88.0 54.0 93.0 23.0 61.0 63.0 91.0 9.0 4.0 15.0 84.0 76.0 85.0 82.0 24.0 41.0 91.0 41.0 94.0 46.0 91.0 1.0 69.0 10.0 65.0 98.0 52.0 70.0 64.0 43.0 75.0 53.0 10.0 43.0 82.0 57.0 75.0 2.0 19.0 69.0 89.0 
(206 : 200)
(68 : 67)
(206 : 207)
(68 : 51)
(67 : 66)
(206 : 205)
(200 : 193)
(11 : 4)
(175 : 161)
(4 : 3)
(133 : 132)
(66 : 49)
(193 : 190)
(67 : 50)
(50 : 49)
(50 : 51)
(128 : 129)
(60 : 59)
(56 : 57)
(4 : 5)
(66 : 84)
(68 : 86)
(205 : 199)
(199 : 200)
(161 : 150)
(86 : 85)
(85 : 67)
(207 : 201)
(51 : 34)
(66 : 65)
(34 : 33)
(132 : 117)
(51 : 52)
(34 : 21)
(200 : 201)
(161 : 162)
(3 : 2)
(150 : 149)
(171 : 172)
(171 : 158)
(65 : 64)
(34 : 35)
(52 : 69)
(175 : 176)
(56 : 55)
(201 : 194)
(194 : 193)
(33 : 20)
(57 : 40)
(205 : 204)
(49 : 48)
(65 : 83)
(59 : 58)
(58 : 57)
(57 : 75)
(149 : 138)
(138 : 123)
(55 : 38)
(75 : 74)
(40 : 41)
(41 : 58)
(162 : 151)
(117 : 102)
(83 : 82)
(82 : 64)
(128 : 127)
(83 : 98)
(127 : 126)
(2 : 9)
(60 : 61)
(133 : 118)
(118 : 117)
(171 : 170)
(138 : 137)
(194 : 191)
(129 : 143)
(151 : 140)
(176 : 177)
(129 : 112)
(52 : 53)
(68 : 69)
(21 : 22)
(180 : 168)
(69 : 70)
(70 : 53)
(74 : 91)
(60 : 43)
(132 : 131)
(126 : 125)
(86 : 101)
(86 : 87)
(87 : 69)
(191 : 181)
(181 : 180)
(207 : 208)
(191 : 192)
(126 : 109)
(123 : 122)
(82 : 97)
(162 : 163)
(112 : 113)
(56 : 39)
(127 : 110)
(110 : 109)
(21 : 11)
(137 : 148)
(168 : 167)
(35 : 36)
(36 : 53)
(74 : 73)
(177 : 178)
(22 : 12)
(133 : 144)
(64 : 63)
(22 : 23)
(23 : 36)
(194 : 195)
(158 : 146)
(128 : 142)
(142 : 143)
(61 : 62)
(62 : 63)
(5 : 6)
(11 : 10)
(10 : 3)
(10 : 20)
(2 : 1)
(63 : 81)
(81 : 82)
(137 : 136)
(158 : 159)
(61 : 44)
(138 : 139)
(35 : 52)
(122 : 121)
(63 : 46)
(49 : 32)
(32 : 33)
(195 : 196)
(23 : 13)
(13 : 6)
(150 : 139)
(181 : 169)
(6 : 7)
(109 : 108)
(117 : 116)
(140 : 141)
(140 : 139)
(125 : 124)
(124 : 123)
(22 : 35)
(176 : 187)
(149 : 160)
(126 : 141)
(23 : 24)
(146 : 135)
(135 : 136)
(110 : 96)
(96 : 81)
(175 : 174)
(204 : 198)
(36 : 37)
(98 : 99)
(59 : 42)
(64 : 47)
(47 : 48)
(61 : 79)
(44 : 29)
(59 : 77)
(13 : 14)
(91 : 92)
(92 : 75)
(43 : 28)
(92 : 93)
(178 : 189)
(208 : 202)
(42 : 27)
(27 : 28)
(48 : 31)
(31 : 32)
(20 : 19)
(178 : 164)
(28 : 17)
(158 : 157)
(157 : 170)
(102 : 103)
(103 : 118)
(7 : 8)
(98 : 97)
(39 : 26)
(151 : 152)
(152 : 141)
(92 : 104)
(174 : 173)
(173 : 172)
(143 : 154)
(168 : 156)
(20 : 21)
(154 : 155)
(39 : 38)
(39 : 40)
(53 : 54)
(191 : 190)
(148 : 147)
(147 : 159)
(10 : 9)
(180 : 179)
(38 : 25)
(75 : 76)
(171 : 183)
(164 : 153)
(60 : 78)
(103 : 89)
(122 : 105)
(105 : 104)
(129 : 130)
(151 : 150)
(146 : 145)
(116 : 115)
(157 : 145)
(154 : 165)
(174 : 186)
(85 : 100)
(100 : 99)
(100 : 101)
(47 : 30)
(25 : 15)
(56 : 74)
(113 : 114)
(70 : 88)
(88 : 87)
(183 : 182)
(182 : 170)
(105 : 106)
(106 : 107)
(55 : 73)
(62 : 45)
(45 : 44)
(93 : 94)
(70 : 71)
(71 : 54)
(177 : 188)
(188 : 187)
(19 : 18)
(145 : 134)
(77 : 94)
(183 : 184)
(184 : 172)
(73 : 90)
(204 : 203)
(186 : 185)
(185 : 184)
(31 : 18)
(31 : 30)
(195 : 192)
(208 : 209)
(149 : 148)
(135 : 120)
(177 : 163)
(26 : 16)
(16 : 15)
(128 : 111)
(65 : 48)
(167 : 166)
(166 : 155)
(1 : 0)
(112 : 98)
(112 : 111)
(62 : 80)
(80 : 79)
(198 : 197)
(111 : 97)
(120 : 119)
(94 : 95)
(95 : 107)
(71 : 72)
(72 : 89)
