1703.0
6
20
123 178 68 146 87 119 152 148 92 88 127 112 212 15 183 73 37 195 217 20 
6.0 64.0 70.0 92.0 92.0 9.0 56.0 87.0 30.0 1.0 12.0 5.0 66.0 9.0 51.0 31.0 54.0 20.0 24.0 41.0 3.0 11.0 92.0 60.0 40.0 12.0 53.0 82.0 66.0 26.0 14.0 21.0 12.0 37.0 38.0 33.0 81.0 44.0 56.0 66.0 3.0 3.0 83.0 42.0 71.0 43.0 97.0 71.0 71.0 47.0 8.0 29.0 0.0 55.0 76.0 5.0 51.0 52.0 76.0 33.0 45.0 58.0 45.0 0.0 12.0 16.0 0.0 81.0 46.0 0.0 40.0 17.0 36.0 56.0 68.0 35.0 97.0 68.0 61.0 83.0 54.0 14.0 64.0 73.0 87.0 63.0 98.0 63.0 89.0 87.0 62.0 2.0 95.0 47.0 47.0 97.0 95.0 17.0 8.0 21.0 98.0 61.0 98.0 0.0 99.0 93.0 41.0 74.0 61.0 42.0 98.0 10.0 83.0 71.0 0.0 67.0 90.0 82.0 8.0 37.0 54.0 96.0 25.0 24.0 98.0 14.0 15.0 52.0 97.0 87.0 48.0 30.0 93.0 4.0 74.0 97.0 9.0 34.0 30.0 71.0 96.0 99.0 74.0 35.0 57.0 93.0 97.0 60.0 49.0 51.0 68.0 47.0 11.0 99.0 71.0 33.0 67.0 19.0 9.0 56.0 34.0 20.0 5.0 36.0 54.0 26.0 68.0 39.0 48.0 26.0 68.0 44.0 63.0 7.0 53.0 40.0 96.0 51.0 40.0 76.0 8.0 88.0 26.0 17.0 66.0 65.0 3.0 9.0 20.0 84.0 0.0 72.0 58.0 90.0 54.0 93.0 22.0 97.0 73.0 44.0 
(119 : 118)
(20 : 19)
(15 : 3)
(112 : 98)
(68 : 69)
(15 : 16)
(148 : 133)
(148 : 147)
(127 : 111)
(37 : 36)
(123 : 122)
(36 : 24)
(118 : 117)
(19 : 33)
(73 : 61)
(123 : 108)
(119 : 104)
(37 : 38)
(61 : 60)
(111 : 97)
(183 : 169)
(15 : 14)
(15 : 29)
(123 : 124)
(122 : 121)
(121 : 106)
(217 : 218)
(121 : 137)
(137 : 152)
(169 : 168)
(133 : 134)
(106 : 105)
(169 : 156)
(168 : 167)
(217 : 216)
(134 : 149)
(134 : 135)
(135 : 119)
(148 : 162)
(122 : 138)
(138 : 137)
(146 : 131)
(118 : 103)
(212 : 205)
(217 : 208)
(178 : 165)
(165 : 152)
(183 : 194)
(218 : 209)
(209 : 208)
(178 : 177)
(32 : 33)
(162 : 161)
(218 : 219)
(152 : 151)
(24 : 23)
(177 : 176)
(133 : 132)
(132 : 131)
(161 : 173)
(162 : 174)
(174 : 173)
(97 : 96)
(103 : 89)
(89 : 88)
(119 : 120)
(120 : 121)
(173 : 172)
(174 : 187)
(209 : 201)
(105 : 91)
(60 : 59)
(209 : 210)
(210 : 219)
(149 : 163)
(163 : 162)
(161 : 160)
(97 : 85)
(85 : 84)
(84 : 96)
(32 : 45)
(68 : 67)
(210 : 202)
(202 : 194)
(202 : 201)
(163 : 164)
(88 : 77)
(146 : 145)
(167 : 154)
(174 : 175)
(175 : 176)
(205 : 206)
(172 : 186)
(88 : 102)
(3 : 2)
(2 : 14)
(178 : 179)
(151 : 150)
(148 : 149)
(186 : 185)
(61 : 49)
(117 : 116)
(138 : 153)
(124 : 140)
(176 : 188)
(60 : 72)
(194 : 193)
(193 : 201)
(45 : 46)
(145 : 130)
(116 : 115)
(14 : 13)
(160 : 159)
(151 : 136)
(136 : 120)
(136 : 137)
(183 : 182)
(147 : 132)
(147 : 146)
(147 : 161)
(92 : 81)
(104 : 90)
(90 : 89)
(92 : 93)
(16 : 4)
(154 : 141)
(134 : 118)
(76 : 64)
(29 : 30)
(130 : 129)
(29 : 28)
(49 : 48)
(48 : 60)
(68 : 55)
(105 : 120)
(129 : 128)
(106 : 107)
(37 : 25)
(104 : 103)
(185 : 171)
(4 : 5)
(96 : 95)
(76 : 75)
(59 : 58)
(127 : 126)
(205 : 204)
(29 : 42)
(90 : 79)
(112 : 113)
(113 : 128)
(42 : 41)
(41 : 40)
(116 : 101)
(101 : 102)
(116 : 132)
(59 : 47)
(64 : 63)
(63 : 75)
(59 : 71)
(159 : 158)
(72 : 73)
(89 : 78)
(64 : 65)
(16 : 17)
(17 : 18)
(40 : 39)
(141 : 125)
(125 : 124)
(125 : 126)
(91 : 80)
(80 : 79)
(188 : 189)
(189 : 177)
(101 : 100)
(100 : 87)
(100 : 115)
(181 : 167)
(181 : 182)
(171 : 170)
(25 : 11)
(178 : 190)
(190 : 189)
(182 : 168)
(182 : 193)
(159 : 145)
(102 : 117)
(48 : 34)
(181 : 180)
(115 : 114)
(114 : 130)
(17 : 31)
(31 : 30)
(47 : 48)
(152 : 153)
(87 : 86)
(106 : 92)
(208 : 200)
(49 : 35)
(58 : 57)
(57 : 45)
(9 : 10)
(79 : 66)
(7 : 8)
(8 : 19)
(171 : 159)
(171 : 172)
(204 : 203)
(2 : 1)
(1 : 13)
(187 : 196)
(57 : 56)
(56 : 55)
(56 : 69)
(163 : 175)
(64 : 53)
(93 : 94)
(53 : 52)
(52 : 63)
(107 : 93)
(141 : 142)
(212 : 213)
(39 : 26)
(213 : 214)
(67 : 54)
(54 : 55)
(84 : 83)
(46 : 33)
(46 : 58)
(52 : 51)
(35 : 22)
(158 : 157)
(158 : 144)
(195 : 184)
(184 : 170)
(184 : 185)
(17 : 5)
(206 : 197)
(197 : 189)
(30 : 43)
(142 : 155)
(155 : 156)
(1 : 0)
(156 : 143)
(143 : 142)
(105 : 104)
(138 : 139)
(139 : 140)
(135 : 136)
(200 : 199)
(31 : 44)
(131 : 115)
(131 : 130)
(69 : 70)
(192 : 180)
(172 : 160)
(179 : 166)
(166 : 153)
(201 : 200)
(214 : 215)
(86 : 74)
(113 : 99)
(99 : 98)
(212 : 211)
(9 : 21)
(21 : 20)
(21 : 34)
(21 : 22)
(13 : 12)
(12 : 0)
(81 : 82)
(82 : 69)
(168 : 155)
(67 : 66)
(67 : 80)
(179 : 191)
(28 : 27)
(27 : 13)
(27 : 26)
(27 : 40)
(72 : 71)
(72 : 84)
(190 : 198)
(198 : 197)
(10 : 22)
(215 : 207)
(149 : 150)
(108 : 109)
(109 : 124)
(79 : 78)
(158 : 170)
(74 : 62)
(62 : 51)
(62 : 63)
(109 : 110)
(110 : 95)
(110 : 125)
(28 : 14)
(5 : 6)
(6 : 18)
(6 : 7)
(3 : 4)
(37 : 50)
(50 : 51)
