3490.0
8
10
112 205 8 150 51 108 162 154 60 55 
50.0 44.0 43.0 50.0 94.0 26.0 81.0 31.0 61.0 56.0 63.0 18.0 71.0 77.0 2.0 53.0 89.0 67.0 79.0 95.0 50.0 99.0 73.0 18.0 16.0 78.0 86.0 42.0 75.0 32.0 7.0 73.0 41.0 94.0 46.0 47.0 54.0 75.0 54.0 1.0 58.0 53.0 90.0 54.0 33.0 49.0 96.0 15.0 34.0 68.0 24.0 75.0 47.0 10.0 89.0 51.0 47.0 62.0 26.0 59.0 77.0 48.0 11.0 15.0 35.0 40.0 27.0 26.0 26.0 77.0 66.0 40.0 67.0 22.0 19.0 93.0 85.0 25.0 47.0 45.0 53.0 40.0 20.0 58.0 71.0 47.0 61.0 28.0 34.0 73.0 94.0 98.0 38.0 42.0 56.0 14.0 25.0 56.0 10.0 18.0 8.0 47.0 28.0 48.0 16.0 10.0 85.0 55.0 58.0 15.0 83.0 2.0 29.0 65.0 42.0 3.0 75.0 36.0 66.0 40.0 6.0 82.0 81.0 41.0 56.0 37.0 19.0 60.0 74.0 80.0 53.0 61.0 18.0 55.0 1.0 94.0 97.0 42.0 60.0 39.0 47.0 10.0 90.0 52.0 28.0 50.0 49.0 86.0 90.0 89.0 54.0 37.0 14.0 66.0 59.0 76.0 89.0 17.0 53.0 59.0 17.0 69.0 33.0 47.0 89.0 8.0 23.0 30.0 53.0 11.0 25.0 9.0 85.0 85.0 33.0 21.0 63.0 48.0 44.0 10.0 85.0 29.0 41.0 9.0 73.0 60.0 15.0 43.0 0.0 3.0 65.0 48.0 96.0 83.0 66.0 0.0 95.0 42.0 63.0 35.0 
(154 : 138)
(51 : 39)
(205 : 206)
(39 : 40)
(138 : 126)
(108 : 97)
(51 : 50)
(126 : 117)
(60 : 61)
(40 : 26)
(60 : 59)
(51 : 52)
(55 : 54)
(154 : 153)
(154 : 155)
(205 : 204)
(59 : 47)
(51 : 64)
(26 : 14)
(64 : 63)
(52 : 53)
(53 : 54)
(64 : 77)
(8 : 7)
(205 : 197)
(162 : 161)
(26 : 25)
(47 : 33)
(26 : 27)
(50 : 38)
(112 : 100)
(53 : 41)
(33 : 32)
(47 : 48)
(52 : 65)
(65 : 64)
(153 : 137)
(150 : 134)
(206 : 198)
(38 : 24)
(24 : 25)
(198 : 199)
(137 : 125)
(8 : 9)
(9 : 1)
(100 : 89)
(155 : 156)
(199 : 191)
(55 : 43)
(9 : 10)
(89 : 75)
(47 : 46)
(46 : 32)
(61 : 49)
(161 : 160)
(191 : 192)
(162 : 177)
(191 : 190)
(190 : 198)
(126 : 127)
(199 : 200)
(125 : 116)
(156 : 140)
(160 : 159)
(192 : 180)
(24 : 12)
(156 : 172)
(204 : 203)
(108 : 107)
(204 : 196)
(196 : 197)
(100 : 99)
(20 : 33)
(99 : 98)
(43 : 42)
(33 : 34)
(203 : 202)
(197 : 189)
(189 : 190)
(191 : 179)
(116 : 115)
(206 : 207)
(207 : 199)
(112 : 111)
(111 : 99)
(177 : 176)
(154 : 170)
(160 : 175)
(175 : 176)
(75 : 74)
(117 : 104)
(136 : 135)
(156 : 157)
(97 : 84)
(14 : 13)
(13 : 12)
(117 : 118)
(108 : 109)
(55 : 68)
(32 : 19)
(19 : 20)
(177 : 178)
(178 : 190)
(178 : 179)
(178 : 163)
(124 : 123)
(123 : 134)
(203 : 195)
(195 : 196)
(27 : 15)
(15 : 14)
(21 : 22)
(22 : 10)
(22 : 23)
(135 : 151)
(127 : 128)
(162 : 146)
(99 : 88)
(88 : 89)
(115 : 114)
(114 : 124)
(84 : 70)
(63 : 76)
(128 : 129)
(136 : 152)
(152 : 151)
(42 : 28)
(28 : 27)
(107 : 106)
(88 : 87)
(87 : 98)
(155 : 139)
(139 : 140)
(153 : 169)
(169 : 170)
(87 : 86)
(107 : 120)
(120 : 129)
(175 : 174)
(174 : 159)
(116 : 103)
(103 : 104)
(179 : 164)
(207 : 208)
(208 : 200)
(60 : 71)
(164 : 148)
(128 : 119)
(54 : 67)
(67 : 68)
(65 : 78)
(78 : 77)
(161 : 145)
(145 : 146)
(15 : 16)
(16 : 28)
(32 : 31)
(148 : 132)
(59 : 58)
(58 : 46)
(192 : 193)
(21 : 35)
(35 : 34)
(35 : 49)
(195 : 187)
(187 : 175)
(80 : 67)
(77 : 91)
(103 : 102)
(43 : 29)
(29 : 28)
(123 : 113)
(200 : 201)
(78 : 92)
(193 : 181)
(169 : 168)
(168 : 152)
(53 : 66)
(14 : 2)
(7 : 0)
(107 : 96)
(96 : 97)
(111 : 110)
(169 : 184)
(108 : 121)
(75 : 62)
(201 : 209)
(129 : 141)
(151 : 167)
(96 : 95)
(168 : 183)
(68 : 81)
(81 : 80)
(16 : 4)
(84 : 85)
(22 : 36)
(36 : 35)
(114 : 101)
(121 : 130)
(181 : 165)
(95 : 83)
(74 : 73)
(80 : 79)
(79 : 66)
(155 : 171)
(171 : 172)
(170 : 185)
(187 : 188)
(58 : 57)
(29 : 30)
(19 : 18)
(118 : 105)
(105 : 104)
(15 : 3)
(3 : 2)
(157 : 158)
(7 : 6)
(167 : 166)
(158 : 142)
(142 : 130)
(142 : 141)
(134 : 133)
(29 : 17)
(76 : 90)
(95 : 94)
(148 : 147)
(167 : 182)
(150 : 149)
(57 : 45)
(68 : 69)
(23 : 11)
(11 : 10)
(160 : 144)
(69 : 82)
(82 : 81)
(183 : 194)
(112 : 122)
(158 : 173)
(173 : 174)
(23 : 37)
(37 : 36)
(145 : 131)
(159 : 143)
(143 : 142)
(143 : 144)
(124 : 135)
(44 : 30)
(44 : 43)
(171 : 186)
(186 : 185)
(71 : 72)
(72 : 61)
(72 : 86)
(72 : 73)
(19 : 6)
(77 : 76)
(159 : 158)
(6 : 5)
(5 : 18)
(141 : 140)
(102 : 93)
(93 : 79)
(93 : 92)
(57 : 56)
(56 : 70)
