8955.0
9
10
306 494 25 395 140 294 408 400 156 146 
33.0 28.0 90.0 6.0 1.0 14.0 36.0 56.0 71.0 62.0 20.0 21.0 43.0 52.0 67.0 94.0 0.0 60.0 56.0 78.0 63.0 46.0 73.0 4.0 44.0 43.0 15.0 9.0 79.0 63.0 99.0 25.0 42.0 17.0 44.0 99.0 82.0 15.0 45.0 65.0 57.0 41.0 26.0 43.0 18.0 78.0 91.0 36.0 95.0 35.0 68.0 89.0 72.0 24.0 7.0 89.0 59.0 53.0 0.0 50.0 53.0 35.0 14.0 31.0 96.0 44.0 8.0 30.0 5.0 16.0 22.0 81.0 36.0 86.0 95.0 57.0 1.0 11.0 49.0 5.0 26.0 65.0 34.0 74.0 73.0 2.0 98.0 27.0 92.0 23.0 60.0 95.0 1.0 42.0 61.0 10.0 2.0 10.0 12.0 25.0 66.0 43.0 58.0 60.0 3.0 10.0 22.0 24.0 32.0 35.0 38.0 86.0 58.0 24.0 28.0 48.0 11.0 51.0 7.0 23.0 98.0 26.0 23.0 0.0 29.0 17.0 43.0 10.0 78.0 34.0 3.0 69.0 10.0 44.0 33.0 66.0 99.0 62.0 58.0 54.0 17.0 61.0 27.0 15.0 21.0 37.0 19.0 92.0 45.0 18.0 97.0 47.0 97.0 93.0 64.0 26.0 40.0 63.0 60.0 24.0 95.0 98.0 34.0 7.0 88.0 75.0 71.0 65.0 85.0 56.0 19.0 98.0 15.0 92.0 30.0 56.0 19.0 89.0 20.0 23.0 67.0 72.0 49.0 94.0 17.0 11.0 83.0 91.0 78.0 85.0 49.0 41.0 43.0 26.0 75.0 79.0 43.0 17.0 17.0 52.0 41.0 26.0 43.0 58.0 52.0 25.0 27.0 10.0 52.0 64.0 66.0 91.0 46.0 90.0 98.0 69.0 47.0 33.0 15.0 42.0 11.0 51.0 61.0 2.0 25.0 78.0 50.0 74.0 16.0 15.0 41.0 94.0 88.0 8.0 45.0 27.0 63.0 67.0 88.0 35.0 79.0 5.0 13.0 96.0 2.0 51.0 3.0 96.0 26.0 28.0 59.0 57.0 29.0 71.0 53.0 98.0 71.0 75.0 0.0 12.0 76.0 40.0 64.0 7.0 39.0 45.0 20.0 50.0 50.0 85.0 38.0 8.0 88.0 0.0 58.0 31.0 95.0 68.0 36.0 55.0 58.0 44.0 34.0 71.0 72.0 9.0 13.0 84.0 84.0 51.0 69.0 55.0 81.0 85.0 12.0 47.0 68.0 14.0 58.0 13.0 76.0 72.0 41.0 96.0 10.0 95.0 95.0 56.0 50.0 40.0 98.0 36.0 38.0 2.0 61.0 27.0 80.0 13.0 7.0 19.0 1.0 23.0 18.0 32.0 59.0 73.0 93.0 38.0 11.0 85.0 86.0 59.0 78.0 47.0 5.0 66.0 41.0 30.0 87.0 88.0 1.0 24.0 55.0 33.0 22.0 17.0 67.0 49.0 67.0 76.0 46.0 33.0 90.0 93.0 61.0 1.0 16.0 98.0 2.0 18.0 86.0 0.0 41.0 21.0 1.0 75.0 20.0 11.0 99.0 99.0 64.0 19.0 58.0 44.0 10.0 46.0 6.0 33.0 19.0 44.0 29.0 21.0 87.0 20.0 67.0 69.0 27.0 29.0 68.0 93.0 45.0 10.0 48.0 77.0 56.0 87.0 69.0 9.0 16.0 3.0 4.0 37.0 50.0 67.0 7.0 12.0 88.0 20.0 42.0 99.0 76.0 30.0 64.0 2.0 54.0 49.0 32.0 17.0 48.0 98.0 97.0 15.0 96.0 20.0 53.0 40.0 88.0 88.0 69.0 66.0 46.0 71.0 83.0 33.0 14.0 37.0 24.0 86.0 55.0 2.0 69.0 56.0 73.0 80.0 24.0 46.0 81.0 11.0 43.0 34.0 70.0 37.0 39.0 64.0 73.0 59.0 63.0 79.0 52.0 12.0 63.0 21.0 96.0 8.0 96.0 66.0 39.0 21.0 27.0 41.0 56.0 31.0 76.0 58.0 26.0 5.0 96.0 5.0 91.0 83.0 4.0 43.0 93.0 81.0 83.0 18.0 38.0 93.0 67.0 22.0 98.0 41.0 34.0 26.0 19.0 97.0 95.0 63.0 30.0 16.0 
(494 : 495)
(156 : 132)
(408 : 409)
(409 : 430)
(25 : 13)
(140 : 141)
(306 : 287)
(156 : 155)
(146 : 147)
(495 : 486)
(287 : 268)
(156 : 182)
(486 : 477)
(400 : 381)
(409 : 389)
(141 : 166)
(408 : 388)
(306 : 305)
(389 : 390)
(25 : 24)
(25 : 26)
(395 : 396)
(140 : 118)
(166 : 167)
(390 : 410)
(306 : 307)
(25 : 45)
(167 : 168)
(287 : 286)
(268 : 243)
(132 : 131)
(131 : 155)
(305 : 304)
(294 : 295)
(118 : 119)
(119 : 141)
(24 : 23)
(147 : 172)
(156 : 157)
(494 : 485)
(286 : 285)
(285 : 304)
(166 : 193)
(287 : 288)
(141 : 142)
(142 : 167)
(146 : 124)
(495 : 505)
(45 : 44)
(44 : 24)
(45 : 68)
(166 : 165)
(165 : 140)
(400 : 399)
(294 : 275)
(288 : 269)
(305 : 316)
(400 : 422)
(165 : 164)
(275 : 257)
(275 : 276)
(276 : 295)
(495 : 496)
(276 : 277)
(172 : 173)
(45 : 46)
(26 : 14)
(14 : 13)
(268 : 267)
(193 : 192)
(430 : 431)
(132 : 133)
(133 : 157)
(46 : 69)
(285 : 284)
(46 : 47)
(182 : 181)
(13 : 12)
(494 : 493)
(157 : 158)
(267 : 266)
(284 : 265)
(265 : 266)
(13 : 4)
(142 : 120)
(120 : 119)
(431 : 453)
(44 : 67)
(120 : 121)
(47 : 48)
(121 : 122)
(307 : 318)
(408 : 407)
(23 : 22)
(295 : 312)
(400 : 401)
(395 : 394)
(316 : 317)
(47 : 70)
(317 : 329)
(257 : 258)
(140 : 139)
(269 : 244)
(4 : 5)
(5 : 14)
(69 : 90)
(275 : 274)
(121 : 143)
(146 : 145)
(192 : 220)
(505 : 506)
(381 : 380)
(493 : 484)
(120 : 98)
(193 : 221)
(265 : 240)
(389 : 367)
(506 : 507)
(484 : 483)
(5 : 6)
(12 : 3)
(294 : 293)
(293 : 274)
(381 : 382)
(407 : 406)
(496 : 487)
(26 : 27)
(477 : 478)
(478 : 487)
(507 : 497)
(497 : 496)
(119 : 97)
(131 : 110)
(146 : 171)
(171 : 172)
(44 : 43)
(122 : 100)
(395 : 375)
(70 : 71)
(453 : 452)
(14 : 15)
(15 : 27)
(396 : 376)
(376 : 375)
(494 : 504)
(504 : 505)
(484 : 475)
(122 : 123)
(123 : 145)
(123 : 124)
(376 : 353)
(284 : 283)
(139 : 138)
(316 : 328)
(110 : 109)
(15 : 16)
(68 : 89)
(89 : 90)
(380 : 379)
(375 : 352)
(133 : 112)
(283 : 264)
(264 : 265)
(155 : 154)
(43 : 66)
(66 : 67)
(497 : 488)
(488 : 487)
(139 : 117)
(22 : 21)
(143 : 144)
(382 : 383)
(294 : 311)
(266 : 241)
(264 : 239)
(239 : 240)
(239 : 238)
(48 : 28)
(147 : 125)
(43 : 42)
(42 : 22)
(283 : 302)
(182 : 210)
(89 : 88)
(88 : 110)
(452 : 451)
(168 : 169)
(399 : 421)
(421 : 422)
(70 : 91)
(507 : 508)
(239 : 212)
(410 : 411)
(401 : 402)
(402 : 383)
(390 : 368)
(368 : 367)
(154 : 130)
(89 : 111)
(111 : 110)
(111 : 132)
(192 : 191)
(6 : 7)
(411 : 391)
(212 : 211)
(211 : 210)
(221 : 222)
(71 : 92)
(92 : 91)
(3 : 2)
(477 : 476)
(476 : 475)
(422 : 423)
(423 : 401)
(181 : 180)
(133 : 134)
(134 : 158)
(125 : 103)
(180 : 179)
(394 : 374)
(71 : 72)
(125 : 126)
(220 : 219)
(394 : 393)
(154 : 153)
(153 : 179)
(28 : 29)
(398 : 378)
(378 : 379)
(220 : 247)
(452 : 468)
(328 : 327)
(182 : 183)
(123 : 101)
(101 : 100)
(126 : 104)
(104 : 103)
(353 : 333)
(258 : 232)
(383 : 384)
(97 : 75)
(384 : 361)
(267 : 242)
(242 : 241)
(333 : 319)
(408 : 429)
(429 : 451)
(210 : 209)
(29 : 17)
(126 : 148)
(396 : 397)
(98 : 99)
(99 : 100)
(145 : 170)
(170 : 169)
(170 : 171)
(179 : 178)
(124 : 102)
(102 : 103)
(388 : 366)
(130 : 129)
(129 : 153)
(333 : 334)
(238 : 237)
(237 : 210)
(232 : 205)
(302 : 301)
(205 : 204)
(102 : 80)
(148 : 149)
(312 : 313)
(334 : 354)
(92 : 93)
(382 : 359)
(488 : 479)
(378 : 355)
(355 : 354)
(475 : 474)
(66 : 87)
(87 : 88)
(178 : 177)
(177 : 205)
(205 : 206)
(206 : 178)
(402 : 424)
(98 : 76)
(164 : 163)
(17 : 18)
(75 : 74)
(421 : 442)
(431 : 432)
(396 : 417)
(313 : 296)
(296 : 277)
(66 : 65)
(483 : 482)
(206 : 207)
(222 : 194)
(194 : 193)
(423 : 444)
(504 : 503)
(468 : 467)
(467 : 451)
(467 : 476)
(258 : 259)
(474 : 473)
(473 : 482)
(318 : 330)
(330 : 329)
(397 : 377)
(377 : 376)
(244 : 217)
(240 : 213)
(213 : 212)
(444 : 443)
(212 : 184)
(184 : 158)
(393 : 414)
(241 : 214)
(214 : 213)
(366 : 344)
(222 : 249)
(138 : 116)
(116 : 117)
(87 : 86)
(86 : 65)
(368 : 369)
(369 : 391)
(329 : 348)
(118 : 96)
(96 : 74)
(194 : 195)
(92 : 114)
(219 : 246)
(328 : 347)
(347 : 348)
(238 : 263)
(263 : 264)
(149 : 174)
(112 : 113)
(103 : 81)
(503 : 502)
(75 : 52)
(172 : 199)
(217 : 216)
(216 : 243)
(209 : 208)
(208 : 180)
(406 : 405)
(12 : 11)
(274 : 256)
(256 : 257)
(170 : 197)
(232 : 233)
(233 : 259)
(333 : 332)
(65 : 64)
(134 : 135)
(221 : 248)
(259 : 260)
(153 : 152)
(263 : 262)
(262 : 237)
(395 : 416)
(237 : 236)
(236 : 209)
(2 : 1)
(414 : 435)
(296 : 297)
(135 : 136)
(397 : 418)
(418 : 417)
(184 : 185)
(277 : 278)
(278 : 260)
(402 : 403)
(403 : 384)
(64 : 41)
(41 : 21)
(274 : 273)
(443 : 460)
(429 : 428)
(428 : 407)
(204 : 203)
(217 : 189)
(366 : 365)
(352 : 351)
(249 : 250)
(109 : 108)
(108 : 86)
(108 : 129)
(41 : 40)
(81 : 58)
(108 : 107)
(284 : 303)
(303 : 302)
(303 : 304)
(219 : 218)
(493 : 492)
(492 : 502)
(99 : 77)
(195 : 223)
(223 : 222)
(223 : 250)
(488 : 489)
(199 : 200)
(200 : 173)
(29 : 30)
(391 : 392)
(393 : 373)
(406 : 386)
(100 : 78)
(78 : 77)
(473 : 464)
(383 : 360)
(360 : 359)
(365 : 343)
(283 : 282)
(282 : 263)
(282 : 301)
(347 : 346)
(417 : 438)
(135 : 159)
(159 : 185)
(107 : 85)
(85 : 64)
(278 : 279)
(508 : 509)
(435 : 436)
(117 : 95)
(436 : 458)
(197 : 198)
(198 : 171)
(198 : 199)
(242 : 215)
(424 : 445)
(445 : 444)
(177 : 151)
(151 : 152)
(48 : 49)
(444 : 461)
(428 : 450)
(247 : 270)
(359 : 358)
(358 : 381)
(163 : 190)
(11 : 10)
(10 : 1)
(367 : 345)
(345 : 344)
(418 : 439)
(386 : 364)
(364 : 365)
(436 : 415)
(177 : 176)
(176 : 204)
(1 : 0)
(246 : 245)
(93 : 115)
(85 : 84)
(379 : 356)
(356 : 355)
(52 : 51)
(51 : 74)
(361 : 362)
(76 : 53)
(313 : 324)
(453 : 454)
(358 : 357)
(357 : 380)
(273 : 255)
(256 : 230)
(208 : 235)
(95 : 94)
(40 : 39)
(392 : 370)
(370 : 346)
(370 : 369)
(418 : 419)
(419 : 420)
(362 : 340)
(340 : 322)
(502 : 501)
(386 : 385)
(199 : 227)
(319 : 309)
(233 : 234)
(411 : 412)
(412 : 392)
(439 : 440)
(416 : 437)
(437 : 438)
(204 : 231)
(149 : 127)
(53 : 54)
(489 : 480)
(454 : 455)
(351 : 350)
(453 : 469)
(469 : 478)
(439 : 459)
(309 : 310)
(365 : 387)
(387 : 388)
(39 : 38)
(255 : 254)
(301 : 315)
(309 : 308)
(197 : 225)
(312 : 323)
(323 : 324)
(455 : 456)
(72 : 73)
(200 : 201)
(489 : 498)
(52 : 34)
(260 : 261)
(195 : 196)
(64 : 63)
(227 : 228)
(228 : 200)
(149 : 150)
(359 : 337)
(498 : 499)
(101 : 79)
(79 : 78)
(249 : 272)
(282 : 281)
(450 : 449)
(480 : 481)
(78 : 55)
(196 : 224)
(324 : 342)
(198 : 226)
(255 : 229)
(214 : 186)
(186 : 185)
(461 : 462)
(225 : 252)
(322 : 321)
(81 : 82)
(82 : 104)
(10 : 9)
(467 : 466)
(466 : 475)
(9 : 8)
(279 : 280)
(280 : 281)
(63 : 62)
(62 : 39)
(293 : 292)
(104 : 105)
(79 : 56)
(56 : 55)
(489 : 490)
(490 : 499)
(449 : 427)
(358 : 336)
(357 : 335)
(474 : 465)
(465 : 449)
(465 : 466)
(136 : 137)
(337 : 320)
(385 : 363)
(363 : 364)
(159 : 160)
(160 : 136)
(252 : 251)
(251 : 250)
(332 : 331)
(270 : 271)
(271 : 248)
(271 : 272)
(442 : 441)
(441 : 440)
(30 : 50)
(455 : 433)
(105 : 106)
(297 : 298)
(203 : 175)
(82 : 59)
(38 : 20)
(340 : 341)
(427 : 426)
(473 : 472)
(150 : 128)
(128 : 127)
(412 : 413)
(59 : 37)
(281 : 300)
(30 : 31)
(403 : 425)
(425 : 424)
(292 : 291)
(215 : 187)
(187 : 186)
(160 : 161)
(161 : 187)
(187 : 188)
(472 : 463)
(161 : 162)
(162 : 188)
(58 : 36)
(53 : 35)
(340 : 339)
(339 : 321)
(499 : 500)
(59 : 60)
(425 : 446)
(446 : 445)
(405 : 404)
(300 : 299)
(299 : 280)
(344 : 325)
(330 : 349)
(34 : 33)
(33 : 51)
(446 : 447)
(345 : 326)
(326 : 315)
(326 : 325)
(226 : 253)
(253 : 252)
(82 : 83)
(337 : 338)
(338 : 339)
(33 : 32)
(229 : 202)
(202 : 201)
(202 : 203)
(60 : 61)
(291 : 290)
(449 : 448)
(448 : 426)
(349 : 372)
(315 : 314)
(348 : 371)
(56 : 57)
(57 : 58)
(455 : 470)
(433 : 434)
(434 : 413)
(434 : 456)
(470 : 471)
(471 : 456)
(471 : 481)
(435 : 457)
(457 : 458)
(35 : 19)
(9 : 21)
(490 : 491)
(491 : 500)
(477 : 468)
(96 : 97)
(308 : 289)
(289 : 270)
