1634.0
5
20
117 174 59 136 82 114 142 138 87 84 121 108 215 11 180 62 34 193 218 17 
36.0 56.0 12.0 14.0 67.0 85.0 96.0 9.0 11.0 89.0 79.0 53.0 30.0 20.0 94.0 76.0 23.0 71.0 42.0 84.0 12.0 61.0 65.0 67.0 20.0 41.0 95.0 65.0 37.0 18.0 57.0 35.0 0.0 32.0 99.0 48.0 94.0 26.0 0.0 52.0 95.0 51.0 53.0 9.0 69.0 37.0 27.0 8.0 72.0 64.0 76.0 96.0 48.0 96.0 94.0 53.0 57.0 76.0 57.0 66.0 65.0 53.0 86.0 4.0 96.0 30.0 99.0 11.0 56.0 7.0 16.0 90.0 77.0 57.0 33.0 94.0 22.0 60.0 53.0 24.0 96.0 54.0 96.0 49.0 37.0 39.0 35.0 98.0 47.0 81.0 94.0 15.0 51.0 20.0 45.0 52.0 46.0 86.0 6.0 5.0 54.0 47.0 71.0 73.0 43.0 18.0 74.0 25.0 16.0 46.0 70.0 6.0 73.0 75.0 9.0 13.0 23.0 62.0 4.0 1.0 39.0 93.0 0.0 45.0 67.0 80.0 20.0 13.0 46.0 94.0 98.0 29.0 52.0 4.0 3.0 40.0 21.0 25.0 36.0 95.0 44.0 5.0 3.0 58.0 80.0 67.0 66.0 44.0 64.0 60.0 29.0 94.0 45.0 0.0 68.0 16.0 93.0 48.0 69.0 47.0 11.0 44.0 39.0 86.0 63.0 73.0 48.0 36.0 3.0 16.0 60.0 5.0 33.0 26.0 76.0 49.0 6.0 80.0 23.0 47.0 79.0 6.0 12.0 21.0 27.0 61.0 43.0 9.0 47.0 76.0 56.0 53.0 36.0 70.0 0.0 3.0 54.0 6.0 62.0 55.0 
(138 : 137)
(137 : 136)
(121 : 107)
(17 : 18)
(87 : 72)
(87 : 88)
(218 : 219)
(11 : 12)
(137 : 124)
(174 : 173)
(117 : 105)
(137 : 153)
(34 : 35)
(87 : 86)
(34 : 33)
(88 : 104)
(104 : 116)
(12 : 13)
(104 : 103)
(103 : 87)
(174 : 187)
(112 : 99)
(108 : 93)
(124 : 123)
(88 : 73)
(121 : 120)
(34 : 23)
(73 : 60)
(180 : 163)
(107 : 91)
(105 : 89)
(72 : 71)
(71 : 86)
(17 : 6)
(218 : 217)
(11 : 1)
(112 : 113)
(113 : 114)
(116 : 115)
(115 : 103)
(117 : 129)
(163 : 148)
(84 : 83)
(142 : 128)
(128 : 115)
(35 : 42)
(6 : 5)
(86 : 102)
(17 : 29)
(82 : 81)
(218 : 209)
(136 : 135)
(104 : 105)
(136 : 152)
(187 : 186)
(186 : 173)
(99 : 98)
(93 : 78)
(98 : 97)
(138 : 139)
(113 : 125)
(125 : 139)
(129 : 144)
(144 : 143)
(153 : 154)
(13 : 26)
(102 : 101)
(101 : 114)
(26 : 25)
(135 : 122)
(139 : 140)
(114 : 126)
(122 : 109)
(17 : 16)
(113 : 100)
(100 : 99)
(139 : 155)
(112 : 111)
(111 : 98)
(163 : 162)
(23 : 24)
(42 : 43)
(215 : 206)
(85 : 84)
(127 : 126)
(127 : 128)
(33 : 22)
(22 : 23)
(148 : 147)
(117 : 118)
(97 : 96)
(96 : 81)
(12 : 2)
(135 : 134)
(6 : 7)
(83 : 82)
(117 : 116)
(35 : 36)
(78 : 64)
(154 : 170)
(111 : 110)
(110 : 97)
(147 : 146)
(173 : 156)
(156 : 141)
(141 : 140)
(126 : 125)
(93 : 94)
(209 : 199)
(180 : 179)
(84 : 68)
(193 : 192)
(186 : 196)
(11 : 10)
(93 : 92)
(78 : 79)
(79 : 94)
(68 : 69)
(69 : 85)
(81 : 80)
(129 : 130)
(130 : 118)
(192 : 182)
(5 : 4)
(182 : 165)
(105 : 106)
(106 : 118)
(101 : 100)
(62 : 61)
(135 : 151)
(146 : 145)
(72 : 59)
(22 : 21)
(179 : 188)
(179 : 178)
(33 : 32)
(174 : 175)
(71 : 58)
(78 : 77)
(32 : 31)
(136 : 123)
(103 : 102)
(156 : 157)
(157 : 174)
(31 : 40)
(67 : 82)
(151 : 150)
(150 : 134)
(182 : 181)
(199 : 198)
(79 : 65)
(12 : 25)
(60 : 48)
(155 : 171)
(2 : 3)
(147 : 132)
(88 : 89)
(10 : 9)
(192 : 191)
(191 : 181)
(41 : 51)
(51 : 52)
(144 : 159)
(152 : 168)
(38 : 27)
(171 : 185)
(140 : 126)
(191 : 190)
(191 : 203)
(178 : 177)
(157 : 158)
(120 : 119)
(52 : 66)
(66 : 65)
(66 : 80)
(121 : 133)
(133 : 132)
(133 : 148)
(127 : 141)
(151 : 167)
(91 : 90)
(150 : 149)
(192 : 204)
(173 : 172)
(172 : 171)
(196 : 195)
(217 : 208)
(208 : 198)
(208 : 209)
(146 : 131)
(131 : 119)
(131 : 130)
(131 : 132)
(165 : 166)
(166 : 167)
(138 : 154)
(209 : 210)
(208 : 207)
(190 : 202)
(202 : 203)
(90 : 75)
(75 : 61)
(132 : 120)
(145 : 160)
(160 : 159)
(77 : 63)
(63 : 64)
(75 : 74)
(185 : 184)
(184 : 170)
(85 : 100)
(59 : 58)
(59 : 60)
(179 : 162)
(70 : 57)
(40 : 49)
(43 : 44)
(162 : 161)
(161 : 160)
(161 : 178)
(196 : 197)
(217 : 216)
(68 : 55)
(16 : 15)
(15 : 4)
(177 : 176)
(202 : 211)
(168 : 183)
(23 : 8)
(161 : 146)
(215 : 214)
(153 : 169)
(169 : 168)
(180 : 189)
(189 : 188)
(62 : 76)
(18 : 30)
(30 : 29)
(75 : 76)
(214 : 213)
(18 : 19)
(96 : 95)
(95 : 80)
(95 : 94)
(168 : 167)
(41 : 33)
(98 : 83)
(147 : 162)
(160 : 177)
(16 : 28)
(28 : 29)
(13 : 14)
(14 : 27)
(14 : 15)
(29 : 39)
(165 : 164)
(164 : 181)
(52 : 53)
(53 : 42)
(214 : 205)
(205 : 206)
(188 : 200)
(200 : 199)
(200 : 210)
(69 : 56)
(56 : 55)
(56 : 57)
(31 : 20)
(20 : 21)
(56 : 45)
(189 : 201)
(201 : 200)
(37 : 25)
(211 : 212)
(212 : 203)
(155 : 154)
(157 : 142)
(203 : 204)
(70 : 71)
(64 : 50)
(50 : 49)
(50 : 51)
(58 : 47)
(47 : 37)
(57 : 46)
(46 : 45)
(46 : 47)
(9 : 0)
(110 : 123)
(53 : 54)
(54 : 43)
(54 : 67)
(205 : 194)
(194 : 185)
(194 : 195)
