1679.0
6
20
128 176 68 148 88 124 154 150 94 90 131 116 215 19 180 72 42 195 218 25 
97.0 70.0 11.0 58.0 84.0 85.0 70.0 52.0 8.0 12.0 12.0 93.0 94.0 14.0 44.0 91.0 98.0 97.0 84.0 59.0 40.0 33.0 51.0 18.0 11.0 62.0 47.0 82.0 83.0 48.0 32.0 38.0 67.0 49.0 38.0 70.0 3.0 62.0 63.0 99.0 8.0 51.0 30.0 51.0 62.0 58.0 36.0 31.0 26.0 19.0 55.0 43.0 5.0 98.0 1.0 7.0 2.0 19.0 46.0 2.0 69.0 0.0 25.0 14.0 95.0 79.0 36.0 89.0 19.0 91.0 59.0 45.0 57.0 69.0 55.0 61.0 53.0 34.0 39.0 76.0 85.0 93.0 10.0 71.0 19.0 84.0 49.0 87.0 15.0 96.0 59.0 25.0 53.0 32.0 34.0 20.0 19.0 16.0 1.0 60.0 33.0 20.0 35.0 2.0 79.0 23.0 41.0 96.0 91.0 56.0 78.0 83.0 30.0 34.0 13.0 17.0 48.0 51.0 51.0 41.0 3.0 98.0 56.0 63.0 45.0 61.0 46.0 73.0 7.0 83.0 85.0 35.0 5.0 0.0 42.0 70.0 39.0 7.0 4.0 71.0 33.0 70.0 71.0 47.0 8.0 9.0 48.0 4.0 43.0 14.0 83.0 72.0 96.0 40.0 48.0 44.0 77.0 79.0 98.0 7.0 19.0 15.0 61.0 36.0 39.0 73.0 27.0 82.0 47.0 78.0 15.0 81.0 80.0 24.0 84.0 36.0 87.0 42.0 47.0 19.0 88.0 92.0 27.0 7.0 58.0 33.0 43.0 18.0 79.0 84.0 3.0 58.0 94.0 35.0 5.0 25.0 88.0 78.0 85.0 69.0 
(94 : 95)
(180 : 171)
(148 : 134)
(72 : 71)
(124 : 108)
(108 : 92)
(72 : 62)
(215 : 208)
(108 : 107)
(68 : 57)
(90 : 91)
(91 : 107)
(72 : 86)
(180 : 179)
(25 : 11)
(90 : 76)
(195 : 196)
(42 : 30)
(179 : 178)
(30 : 29)
(30 : 16)
(124 : 125)
(134 : 133)
(25 : 24)
(62 : 61)
(61 : 71)
(29 : 15)
(195 : 183)
(61 : 60)
(134 : 120)
(195 : 205)
(154 : 153)
(60 : 48)
(171 : 170)
(170 : 169)
(178 : 189)
(15 : 2)
(169 : 158)
(11 : 10)
(10 : 24)
(114 : 99)
(205 : 206)
(206 : 196)
(196 : 184)
(184 : 183)
(111 : 95)
(125 : 109)
(109 : 108)
(11 : 12)
(148 : 147)
(130 : 129)
(176 : 167)
(62 : 50)
(153 : 152)
(50 : 38)
(61 : 49)
(49 : 48)
(42 : 43)
(76 : 66)
(60 : 59)
(59 : 58)
(158 : 157)
(107 : 106)
(150 : 136)
(90 : 89)
(12 : 26)
(180 : 191)
(2 : 3)
(3 : 16)
(114 : 113)
(171 : 159)
(136 : 137)
(195 : 194)
(128 : 127)
(127 : 111)
(150 : 151)
(151 : 137)
(95 : 96)
(24 : 23)
(12 : 13)
(148 : 149)
(154 : 140)
(91 : 77)
(77 : 76)
(109 : 93)
(93 : 94)
(184 : 174)
(19 : 6)
(111 : 110)
(158 : 143)
(218 : 210)
(120 : 104)
(42 : 53)
(95 : 81)
(144 : 159)
(59 : 47)
(140 : 126)
(126 : 110)
(126 : 127)
(16 : 17)
(57 : 45)
(150 : 163)
(218 : 219)
(194 : 193)
(29 : 28)
(128 : 142)
(153 : 139)
(139 : 125)
(194 : 204)
(120 : 119)
(183 : 173)
(205 : 212)
(124 : 123)
(86 : 85)
(208 : 199)
(196 : 197)
(59 : 69)
(60 : 70)
(157 : 156)
(29 : 41)
(119 : 118)
(139 : 138)
(138 : 124)
(13 : 27)
(57 : 56)
(120 : 121)
(121 : 105)
(105 : 106)
(156 : 155)
(168 : 167)
(41 : 52)
(52 : 53)
(94 : 80)
(80 : 68)
(80 : 81)
(31 : 32)
(76 : 75)
(142 : 141)
(141 : 127)
(141 : 155)
(208 : 207)
(43 : 44)
(119 : 103)
(103 : 104)
(96 : 82)
(82 : 81)
(24 : 37)
(37 : 47)
(88 : 87)
(87 : 103)
(99 : 100)
(194 : 182)
(152 : 165)
(136 : 135)
(135 : 121)
(135 : 134)
(199 : 200)
(28 : 14)
(14 : 15)
(70 : 84)
(84 : 85)
(118 : 102)
(52 : 51)
(136 : 122)
(122 : 106)
(52 : 63)
(96 : 97)
(53 : 64)
(64 : 63)
(173 : 162)
(17 : 4)
(4 : 3)
(99 : 98)
(98 : 84)
(98 : 113)
(216 : 217)
(58 : 46)
(46 : 47)
(118 : 117)
(117 : 116)
(113 : 112)
(112 : 97)
(37 : 36)
(93 : 79)
(31 : 18)
(18 : 17)
(84 : 83)
(83 : 82)
(83 : 97)
(19 : 20)
(36 : 35)
(182 : 181)
(181 : 193)
(191 : 190)
(161 : 160)
(14 : 1)
(45 : 34)
(209 : 216)
(75 : 65)
(191 : 203)
(4 : 5)
(5 : 18)
(167 : 166)
(166 : 153)
(166 : 165)
(165 : 164)
(190 : 202)
(212 : 213)
(41 : 40)
(186 : 176)
(34 : 33)
(33 : 20)
(77 : 78)
(78 : 79)
(40 : 39)
(64 : 73)
(117 : 101)
(20 : 7)
(7 : 6)
(129 : 128)
(123 : 107)
(123 : 122)
(188 : 189)
(209 : 201)
(201 : 186)
(201 : 200)
(188 : 187)
(187 : 177)
(1 : 0)
(116 : 115)
(68 : 67)
(67 : 56)
(67 : 79)
(121 : 122)
(35 : 22)
(22 : 23)
(207 : 198)
(198 : 199)
(87 : 74)
(74 : 73)
(207 : 214)
(214 : 215)
(219 : 211)
(211 : 202)
(211 : 210)
(20 : 21)
(21 : 34)
(21 : 22)
(139 : 140)
(26 : 27)
(23 : 9)
(9 : 10)
(88 : 89)
(144 : 131)
(160 : 145)
(104 : 88)
(104 : 105)
(184 : 185)
(185 : 197)
(117 : 132)
(42 : 41)
(172 : 160)
(172 : 181)
(193 : 192)
(163 : 175)
(83 : 69)
(9 : 8)
(8 : 22)
(56 : 55)
(55 : 54)
(161 : 146)
(146 : 132)
(146 : 145)
