9537.0
10
10
263 496 32 367 139 254 384 373 154 145 
33.0 96.0 41.0 90.0 49.0 81.0 53.0 26.0 38.0 12.0 5.0 41.0 24.0 35.0 35.0 62.0 17.0 88.0 60.0 90.0 8.0 90.0 65.0 41.0 55.0 91.0 91.0 45.0 11.0 95.0 1.0 35.0 0.0 89.0 52.0 28.0 76.0 83.0 39.0 76.0 16.0 94.0 63.0 85.0 25.0 65.0 32.0 70.0 2.0 85.0 31.0 18.0 65.0 48.0 81.0 67.0 33.0 36.0 71.0 21.0 53.0 48.0 42.0 10.0 80.0 57.0 35.0 13.0 50.0 69.0 5.0 39.0 20.0 97.0 77.0 14.0 38.0 75.0 54.0 46.0 47.0 92.0 92.0 3.0 62.0 87.0 92.0 91.0 27.0 46.0 29.0 53.0 19.0 64.0 1.0 27.0 79.0 82.0 55.0 40.0 28.0 47.0 79.0 96.0 72.0 96.0 16.0 51.0 28.0 98.0 58.0 99.0 49.0 0.0 41.0 63.0 2.0 49.0 13.0 43.0 42.0 49.0 58.0 53.0 16.0 33.0 91.0 20.0 37.0 73.0 37.0 59.0 33.0 83.0 43.0 82.0 83.0 68.0 83.0 14.0 33.0 6.0 37.0 0.0 76.0 16.0 16.0 10.0 37.0 77.0 67.0 27.0 55.0 34.0 46.0 81.0 43.0 95.0 0.0 18.0 78.0 76.0 10.0 86.0 99.0 19.0 21.0 52.0 90.0 37.0 26.0 53.0 88.0 62.0 80.0 72.0 83.0 32.0 0.0 18.0 78.0 1.0 29.0 47.0 7.0 49.0 65.0 43.0 84.0 56.0 15.0 99.0 98.0 3.0 65.0 23.0 45.0 28.0 81.0 73.0 24.0 32.0 91.0 11.0 80.0 1.0 60.0 24.0 57.0 19.0 43.0 8.0 24.0 52.0 90.0 65.0 36.0 28.0 77.0 12.0 28.0 31.0 73.0 87.0 68.0 91.0 51.0 17.0 68.0 80.0 62.0 47.0 91.0 81.0 89.0 4.0 30.0 31.0 44.0 96.0 87.0 51.0 20.0 68.0 29.0 93.0 52.0 84.0 23.0 44.0 67.0 75.0 0.0 8.0 31.0 58.0 68.0 87.0 87.0 32.0 72.0 46.0 34.0 51.0 91.0 20.0 93.0 32.0 92.0 69.0 32.0 34.0 56.0 47.0 4.0 94.0 82.0 82.0 48.0 47.0 71.0 84.0 1.0 5.0 40.0 42.0 68.0 76.0 42.0 49.0 1.0 59.0 10.0 18.0 75.0 8.0 54.0 37.0 60.0 15.0 83.0 90.0 12.0 88.0 65.0 43.0 68.0 49.0 18.0 56.0 80.0 78.0 1.0 49.0 10.0 57.0 84.0 74.0 10.0 62.0 81.0 87.0 93.0 35.0 59.0 57.0 80.0 78.0 0.0 30.0 72.0 49.0 39.0 8.0 57.0 44.0 72.0 83.0 14.0 61.0 55.0 44.0 89.0 28.0 81.0 84.0 99.0 90.0 85.0 67.0 73.0 75.0 27.0 14.0 31.0 5.0 15.0 69.0 84.0 76.0 33.0 0.0 13.0 90.0 90.0 81.0 25.0 64.0 63.0 45.0 26.0 33.0 50.0 3.0 47.0 65.0 78.0 23.0 80.0 11.0 52.0 80.0 45.0 27.0 11.0 31.0 56.0 92.0 20.0 99.0 26.0 19.0 49.0 62.0 63.0 68.0 68.0 37.0 5.0 67.0 48.0 81.0 43.0 86.0 88.0 74.0 76.0 71.0 26.0 74.0 28.0 51.0 19.0 53.0 79.0 19.0 1.0 33.0 32.0 4.0 4.0 58.0 22.0 92.0 75.0 89.0 16.0 13.0 28.0 35.0 70.0 28.0 79.0 88.0 64.0 24.0 89.0 73.0 91.0 80.0 36.0 12.0 68.0 60.0 31.0 29.0 18.0 4.0 92.0 46.0 2.0 64.0 60.0 70.0 75.0 42.0 33.0 66.0 27.0 22.0 12.0 39.0 71.0 0.0 94.0 7.0 74.0 22.0 44.0 98.0 64.0 32.0 15.0 10.0 80.0 26.0 66.0 95.0 46.0 73.0 8.0 78.0 80.0 56.0 42.0 41.0 3.0 95.0 28.0 91.0 85.0 38.0 20.0 23.0 44.0 67.0 84.0 37.0 98.0 46.0 
(496 : 487)
(263 : 245)
(487 : 473)
(154 : 131)
(473 : 474)
(373 : 349)
(32 : 18)
(139 : 117)
(487 : 486)
(474 : 454)
(145 : 123)
(486 : 472)
(373 : 374)
(472 : 471)
(367 : 368)
(263 : 262)
(384 : 359)
(384 : 383)
(368 : 344)
(384 : 385)
(262 : 261)
(32 : 31)
(31 : 30)
(486 : 485)
(262 : 244)
(244 : 245)
(31 : 17)
(261 : 243)
(374 : 375)
(368 : 391)
(349 : 348)
(485 : 484)
(244 : 232)
(232 : 221)
(496 : 495)
(495 : 486)
(373 : 396)
(123 : 102)
(18 : 19)
(471 : 451)
(117 : 118)
(451 : 427)
(221 : 207)
(30 : 16)
(16 : 17)
(375 : 351)
(471 : 470)
(474 : 475)
(351 : 330)
(344 : 323)
(368 : 369)
(207 : 186)
(16 : 3)
(496 : 497)
(367 : 366)
(254 : 255)
(496 : 505)
(17 : 4)
(19 : 33)
(154 : 155)
(473 : 453)
(374 : 397)
(487 : 488)
(488 : 474)
(488 : 497)
(397 : 419)
(495 : 504)
(504 : 505)
(369 : 370)
(262 : 280)
(232 : 233)
(453 : 452)
(452 : 451)
(33 : 49)
(31 : 47)
(155 : 132)
(232 : 231)
(231 : 243)
(495 : 494)
(470 : 469)
(375 : 376)
(231 : 220)
(207 : 208)
(344 : 343)
(343 : 367)
(470 : 450)
(186 : 185)
(419 : 420)
(366 : 365)
(145 : 144)
(123 : 122)
(122 : 144)
(3 : 2)
(397 : 398)
(398 : 375)
(376 : 352)
(185 : 158)
(330 : 331)
(331 : 352)
(233 : 234)
(231 : 230)
(16 : 15)
(15 : 2)
(452 : 428)
(383 : 382)
(220 : 206)
(206 : 185)
(230 : 219)
(219 : 220)
(122 : 121)
(454 : 430)
(344 : 345)
(345 : 369)
(255 : 238)
(230 : 229)
(145 : 170)
(30 : 29)
(29 : 15)
(33 : 34)
(139 : 140)
(185 : 184)
(206 : 205)
(205 : 219)
(351 : 350)
(121 : 100)
(331 : 311)
(373 : 372)
(372 : 348)
(349 : 328)
(34 : 20)
(20 : 19)
(494 : 493)
(450 : 426)
(230 : 242)
(242 : 243)
(117 : 96)
(121 : 143)
(345 : 324)
(324 : 323)
(154 : 153)
(145 : 146)
(32 : 48)
(493 : 492)
(419 : 418)
(418 : 396)
(184 : 183)
(118 : 97)
(369 : 392)
(392 : 391)
(34 : 35)
(420 : 443)
(49 : 69)
(153 : 130)
(130 : 131)
(493 : 502)
(343 : 342)
(342 : 366)
(221 : 222)
(222 : 233)
(359 : 360)
(146 : 124)
(124 : 123)
(15 : 14)
(124 : 103)
(124 : 125)
(342 : 341)
(49 : 50)
(50 : 34)
(367 : 390)
(341 : 320)
(234 : 246)
(263 : 281)
(428 : 429)
(219 : 218)
(218 : 229)
(398 : 399)
(430 : 431)
(396 : 395)
(395 : 372)
(146 : 147)
(323 : 305)
(103 : 82)
(348 : 347)
(100 : 79)
(154 : 181)
(30 : 46)
(155 : 156)
(132 : 110)
(20 : 7)
(352 : 353)
(428 : 405)
(405 : 383)
(96 : 75)
(218 : 204)
(204 : 183)
(204 : 205)
(475 : 489)
(489 : 488)
(330 : 310)
(430 : 407)
(407 : 385)
(35 : 36)
(407 : 408)
(170 : 171)
(343 : 322)
(118 : 119)
(497 : 506)
(506 : 505)
(121 : 120)
(120 : 119)
(370 : 371)
(7 : 8)
(171 : 195)
(242 : 260)
(260 : 261)
(156 : 157)
(157 : 158)
(475 : 455)
(443 : 442)
(431 : 432)
(96 : 95)
(443 : 444)
(455 : 456)
(494 : 503)
(503 : 504)
(322 : 321)
(321 : 342)
(385 : 386)
(147 : 148)
(171 : 172)
(110 : 90)
(110 : 111)
(366 : 389)
(389 : 390)
(144 : 169)
(169 : 170)
(376 : 377)
(117 : 116)
(116 : 95)
(132 : 133)
(133 : 156)
(331 : 332)
(242 : 241)
(332 : 312)
(218 : 217)
(153 : 180)
(180 : 181)
(47 : 67)
(148 : 173)
(489 : 490)
(148 : 126)
(148 : 149)
(320 : 302)
(492 : 491)
(122 : 101)
(101 : 100)
(302 : 283)
(492 : 483)
(483 : 484)
(386 : 361)
(361 : 360)
(139 : 138)
(405 : 406)
(406 : 384)
(406 : 429)
(36 : 22)
(386 : 387)
(399 : 400)
(400 : 377)
(391 : 413)
(418 : 417)
(417 : 395)
(158 : 135)
(20 : 21)
(169 : 168)
(254 : 237)
(2 : 1)
(169 : 193)
(102 : 81)
(81 : 82)
(263 : 264)
(120 : 99)
(99 : 100)
(36 : 52)
(157 : 134)
(134 : 133)
(281 : 301)
(130 : 108)
(332 : 333)
(321 : 303)
(170 : 194)
(194 : 193)
(194 : 195)
(353 : 354)
(408 : 409)
(409 : 432)
(354 : 355)
(1 : 0)
(110 : 109)
(109 : 131)
(377 : 378)
(382 : 357)
(330 : 329)
(426 : 425)
(95 : 94)
(14 : 13)
(328 : 308)
(111 : 91)
(35 : 51)
(51 : 52)
(432 : 433)
(360 : 337)
(490 : 499)
(48 : 68)
(50 : 70)
(345 : 346)
(346 : 347)
(94 : 115)
(280 : 300)
(153 : 152)
(311 : 291)
(208 : 209)
(328 : 327)
(327 : 348)
(450 : 449)
(387 : 362)
(362 : 361)
(417 : 416)
(261 : 279)
(279 : 280)
(143 : 142)
(81 : 60)
(400 : 401)
(499 : 498)
(498 : 497)
(234 : 223)
(223 : 209)
(223 : 222)
(449 : 448)
(237 : 236)
(324 : 325)
(312 : 292)
(292 : 291)
(140 : 165)
(119 : 141)
(283 : 265)
(183 : 182)
(182 : 155)
(7 : 6)
(327 : 326)
(326 : 325)
(158 : 159)
(241 : 240)
(333 : 313)
(443 : 463)
(209 : 188)
(115 : 137)
(254 : 274)
(94 : 73)
(310 : 309)
(51 : 71)
(405 : 404)
(404 : 427)
(126 : 105)
(378 : 379)
(81 : 80)
(149 : 174)
(174 : 173)
(362 : 363)
(46 : 45)
(337 : 338)
(126 : 127)
(165 : 166)
(404 : 403)
(403 : 426)
(29 : 28)
(28 : 14)
(333 : 334)
(334 : 355)
(6 : 5)
(204 : 203)
(417 : 440)
(309 : 289)
(498 : 507)
(28 : 27)
(27 : 13)
(174 : 175)
(71 : 92)
(291 : 290)
(290 : 289)
(403 : 381)
(52 : 72)
(305 : 286)
(416 : 394)
(46 : 66)
(469 : 468)
(468 : 448)
(73 : 53)
(142 : 167)
(468 : 467)
(166 : 191)
(181 : 202)
(359 : 358)
(290 : 270)
(265 : 266)
(97 : 76)
(76 : 75)
(138 : 163)
(90 : 89)
(89 : 68)
(80 : 59)
(59 : 60)
(420 : 421)
(363 : 340)
(92 : 112)
(112 : 111)
(119 : 98)
(98 : 97)
(394 : 393)
(393 : 370)
(165 : 164)
(440 : 441)
(441 : 442)
(53 : 38)
(28 : 44)
(44 : 45)
(409 : 410)
(410 : 433)
(444 : 464)
(456 : 457)
(327 : 307)
(307 : 308)
(241 : 259)
(363 : 364)
(440 : 439)
(439 : 416)
(175 : 176)
(53 : 54)
(127 : 128)
(38 : 39)
(39 : 54)
(499 : 508)
(163 : 162)
(322 : 304)
(304 : 305)
(279 : 278)
(278 : 260)
(362 : 339)
(413 : 412)
(412 : 390)
(188 : 187)
(89 : 88)
(88 : 108)
(359 : 336)
(336 : 337)
(448 : 424)
(499 : 500)
(300 : 299)
(299 : 279)
(165 : 190)
(299 : 318)
(318 : 340)
(130 : 129)
(129 : 152)
(255 : 275)
(490 : 476)
(476 : 456)
(483 : 482)
(464 : 480)
(336 : 314)
(358 : 335)
(463 : 462)
(292 : 272)
(180 : 179)
(88 : 87)
(87 : 66)
(72 : 93)
(93 : 92)
(127 : 106)
(106 : 105)
(22 : 23)
(462 : 461)
(23 : 24)
(299 : 298)
(298 : 278)
(39 : 40)
(176 : 200)
(173 : 197)
(135 : 113)
(175 : 150)
(150 : 128)
(275 : 276)
(167 : 192)
(192 : 191)
(39 : 25)
(461 : 477)
(255 : 256)
(106 : 85)
(75 : 74)
(74 : 73)
(74 : 95)
(113 : 114)
(85 : 64)
(337 : 315)
(64 : 63)
(105 : 84)
(105 : 104)
(104 : 125)
(236 : 226)
(84 : 83)
(83 : 82)
(389 : 411)
(411 : 412)
(63 : 62)
(226 : 214)
(202 : 201)
(174 : 198)
(198 : 197)
(439 : 438)
(444 : 445)
(200 : 199)
(199 : 198)
(318 : 317)
(317 : 339)
(393 : 415)
(415 : 416)
(270 : 271)
(271 : 272)
(317 : 316)
(197 : 212)
(266 : 267)
(217 : 216)
(392 : 414)
(414 : 413)
(289 : 269)
(482 : 481)
(8 : 9)
(9 : 22)
(265 : 247)
(440 : 460)
(460 : 461)
(300 : 319)
(319 : 318)
(292 : 293)
(412 : 435)
(254 : 253)
(278 : 277)
(66 : 65)
(65 : 45)
(304 : 285)
(98 : 77)
(77 : 76)
(198 : 213)
(213 : 212)
(40 : 26)
(26 : 25)
(213 : 225)
(225 : 226)
(467 : 447)
(274 : 273)
(273 : 253)
(273 : 272)
(273 : 293)
(79 : 78)
(78 : 77)
(272 : 252)
(252 : 253)
(229 : 228)
(163 : 189)
(403 : 402)
(135 : 136)
(13 : 12)
(78 : 57)
(172 : 196)
(196 : 197)
(445 : 446)
(446 : 447)
(23 : 10)
(108 : 107)
(226 : 227)
(276 : 296)
(414 : 437)
(355 : 356)
(281 : 282)
(282 : 264)
(400 : 422)
(87 : 86)
(462 : 478)
(478 : 477)
(159 : 160)
(160 : 187)
(316 : 297)
(297 : 277)
(305 : 306)
(306 : 324)
(438 : 459)
(40 : 55)
(55 : 75)
(389 : 388)
(457 : 458)
(76 : 56)
(56 : 55)
(270 : 250)
(64 : 43)
(214 : 215)
(36 : 37)
(179 : 178)
(296 : 295)
(445 : 465)
(250 : 249)
(271 : 251)
(251 : 250)
(251 : 252)
(508 : 509)
(509 : 500)
(259 : 258)
(258 : 240)
(150 : 151)
(79 : 58)
(307 : 287)
(465 : 466)
(466 : 446)
(466 : 467)
(60 : 41)
(63 : 42)
(42 : 43)
(258 : 257)
(266 : 284)
(247 : 235)
(191 : 210)
(413 : 436)
(266 : 248)
(293 : 294)
(225 : 224)
(224 : 212)
(10 : 11)
(424 : 423)
(423 : 447)
(178 : 177)
(287 : 268)
(402 : 380)
(492 : 501)
(501 : 502)
(188 : 161)
(62 : 61)
(61 : 82)
(287 : 288)
(478 : 479)
(479 : 463)
(240 : 239)
(212 : 211)
(211 : 196)
(435 : 434)
(434 : 411)
