9417.0
10
10
312 495 42 402 162 306 415 408 180 168 
74.0 40.0 12.0 7.0 81.0 8.0 95.0 69.0 85.0 91.0 35.0 84.0 30.0 87.0 92.0 76.0 50.0 22.0 44.0 17.0 64.0 4.0 13.0 79.0 42.0 24.0 75.0 90.0 27.0 71.0 53.0 37.0 20.0 76.0 88.0 96.0 41.0 29.0 48.0 53.0 46.0 84.0 42.0 38.0 2.0 90.0 99.0 41.0 50.0 98.0 62.0 55.0 75.0 17.0 93.0 59.0 61.0 9.0 66.0 69.0 30.0 73.0 82.0 99.0 12.0 3.0 53.0 88.0 29.0 18.0 75.0 22.0 70.0 15.0 98.0 22.0 52.0 34.0 40.0 52.0 74.0 29.0 91.0 0.0 15.0 89.0 31.0 89.0 73.0 99.0 15.0 94.0 32.0 97.0 90.0 1.0 85.0 99.0 59.0 76.0 13.0 10.0 78.0 94.0 34.0 23.0 98.0 80.0 4.0 67.0 45.0 79.0 29.0 93.0 99.0 41.0 12.0 76.0 39.0 86.0 98.0 42.0 26.0 21.0 67.0 2.0 12.0 90.0 81.0 88.0 55.0 64.0 20.0 8.0 76.0 51.0 50.0 10.0 26.0 23.0 74.0 34.0 16.0 85.0 20.0 96.0 96.0 58.0 97.0 47.0 64.0 5.0 49.0 24.0 47.0 97.0 70.0 84.0 94.0 20.0 56.0 82.0 95.0 14.0 58.0 61.0 78.0 73.0 3.0 61.0 90.0 59.0 22.0 36.0 29.0 40.0 12.0 72.0 87.0 39.0 95.0 35.0 22.0 43.0 23.0 44.0 60.0 54.0 98.0 96.0 49.0 42.0 12.0 43.0 65.0 22.0 70.0 75.0 70.0 6.0 13.0 96.0 78.0 46.0 36.0 16.0 59.0 73.0 33.0 9.0 73.0 10.0 32.0 99.0 52.0 65.0 38.0 30.0 7.0 22.0 69.0 1.0 49.0 3.0 56.0 75.0 32.0 11.0 1.0 38.0 40.0 44.0 29.0 31.0 46.0 70.0 32.0 76.0 29.0 34.0 89.0 2.0 59.0 98.0 73.0 21.0 98.0 51.0 73.0 65.0 35.0 70.0 30.0 44.0 38.0 82.0 81.0 35.0 26.0 55.0 99.0 78.0 18.0 48.0 35.0 82.0 26.0 52.0 86.0 4.0 85.0 93.0 12.0 33.0 1.0 13.0 80.0 20.0 18.0 76.0 55.0 51.0 68.0 75.0 49.0 51.0 64.0 43.0 74.0 76.0 41.0 28.0 38.0 42.0 43.0 82.0 95.0 82.0 59.0 72.0 87.0 44.0 96.0 58.0 28.0 68.0 64.0 58.0 0.0 97.0 9.0 6.0 52.0 89.0 4.0 11.0 31.0 54.0 46.0 23.0 49.0 11.0 64.0 73.0 65.0 1.0 60.0 72.0 16.0 29.0 53.0 26.0 16.0 78.0 76.0 17.0 52.0 87.0 17.0 67.0 75.0 2.0 67.0 27.0 4.0 90.0 35.0 64.0 62.0 38.0 60.0 30.0 3.0 0.0 25.0 3.0 75.0 82.0 37.0 99.0 33.0 53.0 72.0 2.0 54.0 39.0 39.0 10.0 9.0 34.0 48.0 62.0 77.0 26.0 68.0 95.0 72.0 4.0 96.0 76.0 71.0 18.0 48.0 84.0 1.0 67.0 79.0 21.0 8.0 20.0 8.0 13.0 27.0 16.0 39.0 87.0 5.0 47.0 69.0 23.0 81.0 99.0 3.0 38.0 69.0 20.0 70.0 8.0 14.0 84.0 33.0 11.0 29.0 33.0 62.0 68.0 81.0 39.0 5.0 68.0 71.0 42.0 42.0 63.0 61.0 31.0 74.0 91.0 58.0 69.0 23.0 5.0 73.0 12.0 53.0 76.0 90.0 36.0 51.0 11.0 91.0 64.0 3.0 40.0 60.0 77.0 19.0 8.0 89.0 11.0 36.0 94.0 89.0 70.0 35.0 69.0 46.0 7.0 52.0 7.0 58.0 8.0 51.0 16.0 8.0 77.0 81.0 72.0 67.0 98.0 58.0 20.0 87.0 71.0 96.0 68.0 84.0 39.0 93.0 88.0 34.0 33.0 12.0 60.0 75.0 49.0 32.0 6.0 28.0 20.0 86.0 82.0 20.0 14.0 53.0 92.0 51.0 23.0 1.0 2.0 
(168 : 169)
(312 : 292)
(169 : 195)
(495 : 496)
(169 : 144)
(495 : 485)
(195 : 194)
(194 : 168)
(312 : 311)
(169 : 170)
(311 : 310)
(162 : 161)
(170 : 145)
(145 : 144)
(145 : 121)
(162 : 188)
(42 : 22)
(180 : 179)
(495 : 494)
(144 : 143)
(195 : 196)
(22 : 6)
(179 : 153)
(188 : 189)
(168 : 167)
(180 : 181)
(168 : 143)
(189 : 212)
(194 : 193)
(312 : 313)
(313 : 293)
(181 : 155)
(167 : 142)
(195 : 217)
(193 : 192)
(6 : 7)
(170 : 171)
(415 : 414)
(6 : 5)
(212 : 213)
(496 : 486)
(313 : 332)
(181 : 203)
(194 : 216)
(216 : 217)
(212 : 211)
(5 : 21)
(21 : 22)
(402 : 403)
(216 : 215)
(212 : 235)
(143 : 119)
(403 : 426)
(161 : 136)
(193 : 167)
(306 : 288)
(215 : 239)
(239 : 240)
(240 : 216)
(22 : 23)
(403 : 381)
(145 : 146)
(495 : 505)
(7 : 8)
(161 : 160)
(8 : 24)
(310 : 309)
(505 : 506)
(506 : 496)
(189 : 163)
(312 : 331)
(136 : 137)
(137 : 162)
(239 : 261)
(310 : 329)
(42 : 43)
(43 : 23)
(415 : 416)
(505 : 504)
(408 : 409)
(142 : 118)
(118 : 119)
(23 : 24)
(217 : 241)
(241 : 240)
(416 : 417)
(146 : 122)
(496 : 497)
(137 : 114)
(235 : 236)
(236 : 213)
(504 : 503)
(329 : 328)
(328 : 309)
(153 : 154)
(5 : 4)
(136 : 135)
(181 : 182)
(146 : 147)
(239 : 238)
(142 : 141)
(332 : 344)
(114 : 91)
(192 : 166)
(189 : 190)
(416 : 437)
(171 : 197)
(197 : 196)
(261 : 260)
(344 : 343)
(403 : 404)
(238 : 237)
(190 : 164)
(164 : 163)
(260 : 259)
(259 : 237)
(192 : 191)
(236 : 258)
(163 : 138)
(138 : 137)
(192 : 214)
(121 : 120)
(504 : 494)
(260 : 280)
(292 : 291)
(311 : 330)
(330 : 331)
(497 : 498)
(144 : 120)
(121 : 99)
(155 : 130)
(408 : 386)
(259 : 279)
(114 : 113)
(486 : 476)
(288 : 287)
(119 : 97)
(476 : 475)
(197 : 219)
(416 : 394)
(154 : 129)
(506 : 507)
(417 : 418)
(217 : 218)
(402 : 380)
(330 : 342)
(342 : 343)
(180 : 202)
(141 : 140)
(343 : 358)
(182 : 204)
(204 : 203)
(211 : 210)
(42 : 62)
(386 : 366)
(193 : 215)
(42 : 41)
(41 : 21)
(166 : 165)
(165 : 164)
(165 : 191)
(329 : 341)
(118 : 117)
(117 : 141)
(166 : 167)
(182 : 156)
(156 : 155)
(341 : 356)
(99 : 98)
(415 : 393)
(393 : 394)
(261 : 281)
(281 : 280)
(404 : 382)
(382 : 381)
(155 : 154)
(279 : 278)
(165 : 140)
(475 : 467)
(164 : 139)
(136 : 113)
(287 : 266)
(475 : 474)
(4 : 3)
(414 : 413)
(117 : 95)
(380 : 379)
(107 : 130)
(280 : 299)
(97 : 75)
(147 : 123)
(123 : 122)
(261 : 262)
(262 : 240)
(179 : 178)
(380 : 361)
(299 : 298)
(280 : 279)
(113 : 90)
(90 : 91)
(138 : 115)
(115 : 114)
(341 : 340)
(340 : 328)
(408 : 407)
(90 : 68)
(273 : 253)
(259 : 258)
(120 : 98)
(475 : 485)
(503 : 502)
(84 : 62)
(84 : 83)
(219 : 243)
(116 : 93)
(243 : 242)
(242 : 218)
(68 : 48)
(146 : 171)
(182 : 183)
(106 : 83)
(281 : 300)
(503 : 493)
(203 : 225)
(266 : 267)
(358 : 359)
(210 : 187)
(493 : 492)
(492 : 502)
(485 : 484)
(484 : 474)
(361 : 360)
(360 : 379)
(3 : 19)
(300 : 301)
(98 : 76)
(76 : 75)
(115 : 92)
(262 : 263)
(263 : 241)
(467 : 454)
(93 : 71)
(262 : 282)
(166 : 141)
(170 : 196)
(107 : 85)
(342 : 357)
(357 : 356)
(486 : 487)
(235 : 234)
(234 : 211)
(147 : 172)
(357 : 375)
(409 : 387)
(387 : 386)
(214 : 215)
(242 : 264)
(306 : 307)
(225 : 224)
(62 : 63)
(467 : 466)
(466 : 474)
(408 : 431)
(172 : 173)
(413 : 391)
(492 : 482)
(260 : 238)
(116 : 115)
(116 : 139)
(139 : 138)
(431 : 432)
(106 : 105)
(41 : 61)
(61 : 62)
(180 : 154)
(118 : 96)
(253 : 252)
(236 : 237)
(301 : 317)
(224 : 223)
(123 : 124)
(234 : 233)
(233 : 210)
(431 : 448)
(90 : 89)
(301 : 302)
(394 : 371)
(487 : 477)
(477 : 476)
(21 : 20)
(48 : 49)
(24 : 25)
(93 : 94)
(282 : 283)
(283 : 263)
(283 : 302)
(494 : 493)
(502 : 501)
(302 : 318)
(318 : 317)
(358 : 376)
(187 : 186)
(497 : 487)
(454 : 436)
(436 : 415)
(48 : 30)
(299 : 316)
(417 : 395)
(41 : 40)
(40 : 20)
(97 : 98)
(359 : 377)
(18 : 19)
(404 : 427)
(427 : 426)
(507 : 508)
(223 : 201)
(201 : 179)
(201 : 202)
(91 : 69)
(69 : 49)
(69 : 68)
(25 : 26)
(414 : 435)
(435 : 436)
(508 : 509)
(375 : 398)
(218 : 196)
(395 : 372)
(466 : 453)
(453 : 435)
(24 : 44)
(380 : 381)
(23 : 7)
(437 : 455)
(455 : 454)
(122 : 100)
(100 : 99)
(283 : 284)
(306 : 305)
(391 : 390)
(404 : 405)
(85 : 86)
(407 : 406)
(406 : 405)
(18 : 17)
(306 : 322)
(234 : 256)
(235 : 257)
(71 : 72)
(72 : 94)
(375 : 374)
(494 : 484)
(89 : 112)
(112 : 113)
(162 : 163)
(183 : 157)
(157 : 156)
(99 : 77)
(77 : 76)
(107 : 108)
(124 : 102)
(413 : 412)
(412 : 390)
(366 : 365)
(156 : 131)
(131 : 108)
(153 : 152)
(152 : 128)
(284 : 303)
(395 : 396)
(396 : 418)
(474 : 473)
(191 : 190)
(40 : 60)
(413 : 434)
(18 : 38)
(484 : 483)
(483 : 482)
(147 : 148)
(148 : 124)
(148 : 173)
(76 : 55)
(55 : 54)
(223 : 247)
(371 : 353)
(263 : 264)
(225 : 249)
(178 : 200)
(223 : 222)
(476 : 468)
(468 : 455)
(468 : 467)
(292 : 273)
(292 : 293)
(343 : 331)
(211 : 188)
(365 : 347)
(55 : 36)
(89 : 67)
(406 : 429)
(249 : 250)
(372 : 354)
(354 : 353)
(427 : 444)
(77 : 78)
(273 : 272)
(272 : 252)
(387 : 388)
(40 : 39)
(39 : 19)
(39 : 38)
(256 : 255)
(255 : 233)
(487 : 488)
(418 : 419)
(488 : 478)
(361 : 362)
(482 : 472)
(309 : 308)
(63 : 64)
(204 : 226)
(297 : 277)
(277 : 257)
(277 : 278)
(17 : 16)
(123 : 101)
(391 : 368)
(77 : 56)
(307 : 323)
(67 : 47)
(47 : 48)
(437 : 438)
(438 : 417)
(64 : 65)
(157 : 132)
(226 : 227)
(157 : 158)
(341 : 342)
(455 : 456)
(456 : 438)
(227 : 228)
(158 : 159)
(340 : 339)
(339 : 354)
(374 : 373)
(373 : 396)
(394 : 395)
(409 : 410)
(204 : 205)
(205 : 183)
(396 : 397)
(397 : 374)
(497 : 507)
(353 : 352)
(448 : 447)
(95 : 73)
(73 : 72)
(402 : 401)
(255 : 275)
(429 : 430)
(430 : 431)
(152 : 151)
(398 : 420)
(227 : 251)
(412 : 411)
(178 : 177)
(177 : 151)
(26 : 27)
(148 : 149)
(498 : 499)
(379 : 378)
(210 : 209)
(219 : 220)
(438 : 439)
(47 : 29)
(29 : 30)
(398 : 399)
(399 : 376)
(61 : 60)
(427 : 428)
(428 : 405)
(253 : 230)
(418 : 439)
(86 : 87)
(277 : 276)
(303 : 319)
(319 : 318)
(233 : 232)
(232 : 209)
(60 : 59)
(85 : 63)
(85 : 84)
(87 : 109)
(173 : 174)
(121 : 122)
(128 : 127)
(127 : 151)
(287 : 286)
(100 : 78)
(377 : 400)
(75 : 74)
(74 : 73)
(74 : 96)
(426 : 425)
(425 : 402)
(27 : 28)
(241 : 242)
(54 : 35)
(258 : 257)
(309 : 290)
(74 : 53)
(448 : 462)
(158 : 133)
(133 : 132)
(468 : 469)
(434 : 452)
(331 : 332)
(56 : 37)
(257 : 256)
(419 : 440)
(440 : 439)
(426 : 443)
(452 : 451)
(368 : 369)
(159 : 134)
(425 : 424)
(178 : 152)
(358 : 357)
(252 : 229)
(97 : 96)
(443 : 458)
(354 : 355)
(355 : 340)
(355 : 356)
(83 : 82)
(8 : 9)
(9 : 25)
(286 : 285)
(444 : 445)
(445 : 428)
(393 : 370)
(370 : 352)
(275 : 274)
(65 : 45)
(493 : 483)
(55 : 56)
(399 : 421)
(276 : 296)
(296 : 297)
(298 : 315)
(315 : 316)
(393 : 392)
(392 : 369)
(183 : 184)
(301 : 282)
(472 : 471)
(254 : 231)
(82 : 81)
(365 : 364)
(222 : 221)
(61 : 83)
(158 : 184)
(267 : 246)
(374 : 356)
(297 : 314)
(220 : 244)
(409 : 432)
(95 : 94)
(95 : 96)
(43 : 44)
(60 : 82)
(317 : 335)
(355 : 373)
(73 : 52)
(52 : 53)
(478 : 479)
(466 : 465)
(465 : 452)
(465 : 473)
(279 : 298)
(322 : 321)
(321 : 305)
(93 : 92)
(272 : 271)
(134 : 111)
(452 : 453)
(328 : 327)
(327 : 308)
(424 : 423)
(444 : 459)
(327 : 326)
(451 : 464)
(464 : 465)
(482 : 481)
(481 : 471)
(75 : 54)
(419 : 397)
(419 : 420)
(400 : 422)
(139 : 140)
(296 : 295)
(295 : 275)
(372 : 371)
(464 : 463)
(463 : 471)
(2 : 1)
(429 : 446)
(446 : 447)
(53 : 34)
(34 : 35)
(120 : 119)
(276 : 275)
(244 : 245)
(479 : 489)
(16 : 15)
(369 : 351)
(351 : 352)
(228 : 206)
(63 : 43)
(447 : 461)
(285 : 265)
(265 : 243)
(265 : 264)
(53 : 54)
(2 : 17)
(440 : 457)
(365 : 385)
(295 : 294)
(49 : 31)
(229 : 207)
(87 : 88)
(486 : 485)
(481 : 480)
(405 : 383)
(383 : 382)
(34 : 33)
(33 : 52)
(448 : 449)
(449 : 432)
(243 : 244)
(35 : 14)
(82 : 105)
(327 : 339)
(501 : 500)
(500 : 491)
(45 : 46)
(390 : 389)
(389 : 411)
(111 : 110)
(110 : 88)
(110 : 109)
(35 : 36)
(305 : 287)
(323 : 324)
(398 : 397)
(373 : 372)
(385 : 384)
(384 : 364)
(384 : 383)
(319 : 337)
(285 : 304)
(288 : 289)
(289 : 307)
(249 : 248)
(248 : 247)
(229 : 230)
(483 : 473)
(184 : 185)
(266 : 245)
(198 : 173)
(100 : 101)
(91 : 92)
(14 : 0)
(92 : 70)
(70 : 69)
(149 : 125)
(125 : 124)
(422 : 441)
(318 : 336)
(336 : 348)
(285 : 284)
(351 : 350)
(290 : 270)
(270 : 251)
(270 : 271)
(229 : 228)
(72 : 51)
(51 : 52)
(432 : 433)
(433 : 410)
(319 : 320)
(320 : 304)
(445 : 460)
(202 : 203)
(143 : 142)
(30 : 12)
(366 : 367)
(367 : 348)
(367 : 387)
(337 : 338)
(488 : 498)
(488 : 489)
(70 : 50)
(250 : 269)
(463 : 450)
(450 : 451)
(149 : 150)
(125 : 103)
(103 : 102)
(316 : 333)
(81 : 80)
(209 : 186)
(254 : 253)
(508 : 498)
(335 : 334)
(471 : 470)
(470 : 480)
(59 : 58)
(58 : 38)
(58 : 80)
(382 : 363)
(363 : 362)
(469 : 456)
(469 : 477)
(174 : 199)
(199 : 198)
(160 : 186)
(34 : 13)
(13 : 14)
(80 : 79)
(375 : 376)
(360 : 346)
(346 : 345)
(39 : 59)
(337 : 349)
(349 : 348)
(81 : 104)
(104 : 127)
(104 : 105)
(473 : 472)
(489 : 490)
(477 : 478)
(31 : 32)
(32 : 50)
(267 : 268)
(268 : 289)
(385 : 407)
(385 : 386)
(384 : 406)
(326 : 325)
(58 : 57)
(57 : 79)
(9 : 10)
(10 : 26)
(10 : 11)
(127 : 126)
(291 : 272)
(291 : 311)
(230 : 208)
(208 : 207)
(425 : 442)
(442 : 443)
(44 : 64)
(44 : 45)
(177 : 176)
(88 : 66)
(66 : 46)
(66 : 65)
(150 : 175)
(175 : 174)
(175 : 176)
