4497.0
8
20
288 392 162 339 211 284 346 341 220 214 294 277 497 39 399 171 89 441 502 44 
46.0 25.0 98.0 8.0 10.0 91.0 41.0 63.0 15.0 82.0 43.0 46.0 20.0 40.0 1.0 42.0 49.0 80.0 93.0 83.0 31.0 72.0 98.0 61.0 54.0 51.0 9.0 67.0 66.0 2.0 86.0 74.0 12.0 73.0 63.0 83.0 17.0 20.0 9.0 23.0 68.0 98.0 40.0 1.0 43.0 39.0 95.0 47.0 90.0 33.0 98.0 72.0 78.0 78.0 23.0 15.0 59.0 73.0 72.0 74.0 84.0 75.0 13.0 76.0 2.0 64.0 74.0 53.0 5.0 31.0 32.0 97.0 65.0 48.0 15.0 96.0 11.0 29.0 35.0 16.0 95.0 95.0 46.0 23.0 28.0 96.0 80.0 59.0 89.0 55.0 9.0 17.0 3.0 73.0 70.0 73.0 4.0 61.0 27.0 91.0 45.0 23.0 34.0 82.0 59.0 77.0 89.0 80.0 47.0 15.0 31.0 76.0 67.0 72.0 4.0 14.0 68.0 24.0 48.0 78.0 65.0 53.0 19.0 96.0 40.0 59.0 37.0 53.0 50.0 9.0 46.0 95.0 33.0 13.0 78.0 59.0 27.0 30.0 28.0 28.0 75.0 77.0 1.0 49.0 25.0 8.0 38.0 97.0 33.0 84.0 89.0 77.0 47.0 39.0 10.0 99.0 78.0 57.0 33.0 57.0 52.0 76.0 11.0 23.0 15.0 87.0 26.0 96.0 85.0 12.0 41.0 2.0 30.0 67.0 19.0 90.0 14.0 86.0 1.0 1.0 95.0 46.0 65.0 42.0 20.0 27.0 53.0 35.0 37.0 95.0 25.0 67.0 66.0 14.0 99.0 51.0 44.0 81.0 27.0 73.0 37.0 89.0 15.0 42.0 91.0 7.0 77.0 39.0 25.0 51.0 37.0 48.0 84.0 64.0 87.0 31.0 98.0 37.0 83.0 79.0 71.0 78.0 58.0 25.0 80.0 51.0 56.0 61.0 59.0 84.0 28.0 25.0 39.0 3.0 58.0 81.0 41.0 37.0 85.0 1.0 45.0 66.0 17.0 3.0 22.0 45.0 96.0 82.0 54.0 74.0 5.0 58.0 89.0 92.0 8.0 79.0 27.0 5.0 93.0 45.0 85.0 70.0 9.0 27.0 98.0 22.0 83.0 89.0 55.0 66.0 81.0 56.0 37.0 86.0 99.0 45.0 94.0 42.0 55.0 50.0 81.0 36.0 38.0 49.0 7.0 17.0 62.0 48.0 22.0 17.0 8.0 42.0 64.0 50.0 47.0 85.0 87.0 10.0 5.0 31.0 6.0 63.0 79.0 88.0 36.0 60.0 6.0 62.0 38.0 69.0 74.0 75.0 71.0 47.0 76.0 6.0 15.0 87.0 26.0 18.0 28.0 24.0 28.0 95.0 8.0 50.0 1.0 65.0 92.0 15.0 72.0 66.0 2.0 64.0 34.0 40.0 76.0 54.0 39.0 76.0 60.0 43.0 63.0 63.0 22.0 13.0 83.0 16.0 79.0 52.0 55.0 60.0 38.0 39.0 86.0 39.0 80.0 22.0 21.0 41.0 83.0 97.0 15.0 53.0 44.0 11.0 37.0 94.0 42.0 9.0 8.0 84.0 79.0 54.0 1.0 0.0 70.0 9.0 1.0 78.0 57.0 85.0 4.0 70.0 95.0 70.0 10.0 5.0 92.0 64.0 91.0 72.0 1.0 71.0 24.0 2.0 14.0 13.0 30.0 82.0 41.0 11.0 92.0 36.0 85.0 50.0 37.0 91.0 46.0 81.0 96.0 98.0 56.0 1.0 13.0 46.0 25.0 56.0 49.0 58.0 39.0 83.0 83.0 99.0 86.0 73.0 55.0 29.0 82.0 26.0 50.0 11.0 10.0 94.0 20.0 27.0 41.0 64.0 15.0 20.0 57.0 81.0 17.0 27.0 94.0 3.0 10.0 70.0 3.0 35.0 16.0 55.0 52.0 69.0 48.0 71.0 17.0 61.0 49.0 54.0 42.0 72.0 98.0 22.0 34.0 67.0 82.0 20.0 89.0 46.0 21.0 39.0 95.0 25.0 89.0 7.0 6.0 60.0 39.0 37.0 39.0 27.0 58.0 27.0 73.0 1.0 27.0 94.0 78.0 29.0 92.0 11.0 73.0 66.0 29.0 73.0 0.0 67.0 60.0 94.0 
(284 : 283)
(39 : 17)
(89 : 68)
(220 : 219)
(294 : 273)
(220 : 200)
(219 : 218)
(218 : 198)
(273 : 249)
(441 : 420)
(339 : 338)
(283 : 302)
(497 : 484)
(171 : 151)
(497 : 496)
(218 : 240)
(220 : 241)
(249 : 250)
(44 : 25)
(44 : 43)
(218 : 217)
(294 : 295)
(162 : 143)
(288 : 289)
(241 : 242)
(219 : 199)
(199 : 200)
(283 : 261)
(341 : 324)
(143 : 117)
(151 : 152)
(68 : 50)
(211 : 212)
(502 : 490)
(39 : 40)
(239 : 240)
(198 : 197)
(89 : 88)
(261 : 260)
(490 : 474)
(39 : 38)
(25 : 24)
(200 : 180)
(180 : 162)
(200 : 201)
(180 : 179)
(17 : 2)
(217 : 216)
(261 : 238)
(238 : 216)
(197 : 196)
(302 : 303)
(303 : 284)
(196 : 195)
(40 : 18)
(260 : 237)
(237 : 238)
(490 : 489)
(242 : 243)
(474 : 455)
(284 : 285)
(250 : 274)
(260 : 259)
(39 : 57)
(484 : 470)
(470 : 469)
(474 : 473)
(473 : 489)
(152 : 127)
(339 : 356)
(489 : 501)
(455 : 456)
(242 : 265)
(420 : 421)
(273 : 272)
(241 : 264)
(264 : 263)
(264 : 265)
(171 : 170)
(302 : 301)
(195 : 176)
(263 : 262)
(262 : 240)
(162 : 163)
(282 : 281)
(44 : 45)
(170 : 150)
(150 : 151)
(17 : 16)
(496 : 495)
(150 : 149)
(214 : 194)
(194 : 193)
(88 : 109)
(198 : 178)
(178 : 179)
(171 : 189)
(38 : 37)
(392 : 377)
(25 : 26)
(341 : 342)
(259 : 236)
(281 : 258)
(258 : 259)
(263 : 286)
(286 : 285)
(496 : 508)
(282 : 300)
(176 : 158)
(243 : 244)
(214 : 215)
(215 : 237)
(456 : 435)
(236 : 235)
(242 : 221)
(221 : 201)
(441 : 442)
(151 : 126)
(126 : 127)
(508 : 509)
(509 : 497)
(143 : 144)
(302 : 326)
(442 : 462)
(272 : 248)
(248 : 249)
(194 : 175)
(324 : 323)
(201 : 181)
(272 : 271)
(18 : 3)
(40 : 41)
(26 : 9)
(501 : 515)
(196 : 177)
(485 : 484)
(117 : 118)
(469 : 468)
(214 : 213)
(213 : 193)
(213 : 212)
(281 : 299)
(299 : 323)
(474 : 475)
(258 : 257)
(324 : 325)
(325 : 301)
(325 : 342)
(420 : 419)
(68 : 69)
(2 : 1)
(294 : 293)
(235 : 234)
(462 : 463)
(515 : 514)
(38 : 56)
(88 : 87)
(234 : 233)
(45 : 63)
(250 : 229)
(295 : 315)
(9 : 10)
(233 : 232)
(462 : 461)
(43 : 42)
(221 : 222)
(1 : 0)
(377 : 363)
(399 : 398)
(294 : 314)
(181 : 182)
(89 : 90)
(57 : 76)
(398 : 397)
(175 : 157)
(281 : 280)
(280 : 257)
(87 : 86)
(435 : 414)
(293 : 292)
(292 : 271)
(117 : 116)
(116 : 142)
(489 : 488)
(144 : 145)
(117 : 97)
(456 : 457)
(338 : 337)
(243 : 266)
(398 : 384)
(392 : 391)
(509 : 510)
(288 : 267)
(133 : 132)
(132 : 109)
(16 : 15)
(15 : 37)
(118 : 98)
(98 : 97)
(40 : 58)
(58 : 57)
(56 : 55)
(170 : 188)
(188 : 189)
(150 : 125)
(125 : 126)
(461 : 460)
(62 : 43)
(87 : 108)
(108 : 109)
(133 : 153)
(9 : 8)
(193 : 192)
(249 : 228)
(455 : 434)
(434 : 435)
(160 : 140)
(265 : 287)
(397 : 383)
(398 : 415)
(326 : 343)
(182 : 183)
(292 : 291)
(145 : 119)
(470 : 471)
(471 : 450)
(502 : 516)
(475 : 476)
(149 : 124)
(463 : 443)
(303 : 304)
(304 : 285)
(222 : 223)
(384 : 369)
(50 : 31)
(175 : 174)
(174 : 193)
(469 : 449)
(338 : 355)
(435 : 436)
(436 : 415)
(436 : 457)
(124 : 103)
(420 : 403)
(24 : 7)
(50 : 49)
(485 : 486)
(486 : 498)
(343 : 344)
(434 : 413)
(293 : 313)
(313 : 314)
(419 : 418)
(337 : 319)
(56 : 75)
(434 : 433)
(18 : 19)
(19 : 41)
(292 : 312)
(313 : 333)
(291 : 290)
(303 : 327)
(327 : 344)
(392 : 410)
(449 : 448)
(299 : 298)
(26 : 27)
(288 : 309)
(229 : 208)
(208 : 190)
(132 : 131)
(131 : 108)
(486 : 472)
(472 : 471)
(133 : 134)
(134 : 110)
(163 : 164)
(164 : 182)
(427 : 426)
(69 : 51)
(461 : 479)
(510 : 511)
(455 : 454)
(454 : 473)
(105 : 126)
(460 : 440)
(124 : 123)
(164 : 165)
(257 : 256)
(418 : 401)
(298 : 322)
(170 : 169)
(149 : 148)
(392 : 393)
(315 : 334)
(153 : 154)
(443 : 422)
(422 : 421)
(363 : 364)
(337 : 336)
(183 : 202)
(202 : 223)
(188 : 187)
(15 : 14)
(503 : 517)
(517 : 516)
(86 : 67)
(189 : 207)
(207 : 228)
(160 : 159)
(159 : 177)
(69 : 70)
(159 : 139)
(139 : 140)
(187 : 186)
(436 : 437)
(336 : 335)
(457 : 458)
(458 : 437)
(415 : 416)
(416 : 399)
(248 : 247)
(247 : 271)
(304 : 305)
(105 : 104)
(104 : 83)
(104 : 125)
(58 : 77)
(77 : 76)
(19 : 20)
(448 : 447)
(46 : 27)
(369 : 368)
(368 : 383)
(165 : 166)
(271 : 270)
(416 : 417)
(37 : 36)
(105 : 84)
(84 : 85)
(157 : 156)
(448 : 425)
(77 : 78)
(157 : 137)
(336 : 354)
(142 : 141)
(141 : 161)
(508 : 507)
(507 : 495)
(140 : 114)
(169 : 168)
(168 : 148)
(75 : 74)
(74 : 55)
(211 : 210)
(210 : 232)
(78 : 79)
(421 : 404)
(280 : 279)
(279 : 256)
(187 : 205)
(36 : 35)
(514 : 513)
(513 : 500)
(425 : 424)
(24 : 23)
(336 : 318)
(232 : 231)
(35 : 34)
(495 : 494)
(383 : 382)
(137 : 112)
(46 : 47)
(207 : 206)
(486 : 487)
(410 : 409)
(409 : 391)
(35 : 53)
(377 : 378)
(62 : 81)
(166 : 184)
(184 : 183)
(287 : 307)
(397 : 396)
(396 : 382)
(368 : 367)
(367 : 382)
(427 : 428)
(47 : 64)
(64 : 84)
(90 : 91)
(76 : 95)
(36 : 54)
(54 : 55)
(168 : 167)
(167 : 166)
(10 : 11)
(491 : 492)
(422 : 405)
(405 : 404)
(31 : 30)
(463 : 481)
(409 : 408)
(507 : 506)
(447 : 467)
(447 : 446)
(309 : 308)
(403 : 388)
(116 : 115)
(115 : 114)
(74 : 73)
(425 : 407)
(96 : 77)
(96 : 95)
(7 : 6)
(75 : 94)
(94 : 95)
(346 : 329)
(165 : 146)
(367 : 366)
(391 : 376)
(376 : 377)
(256 : 255)
(479 : 478)
(367 : 348)
(111 : 91)
(270 : 269)
(269 : 290)
(192 : 173)
(202 : 203)
(450 : 451)
(451 : 472)
(487 : 499)
(417 : 438)
(388 : 389)
(146 : 120)
(120 : 121)
(147 : 167)
(147 : 148)
(31 : 32)
(210 : 209)
(167 : 185)
(185 : 186)
(158 : 138)
(138 : 137)
(138 : 139)
(492 : 477)
(186 : 204)
(339 : 321)
(517 : 518)
(388 : 371)
(371 : 354)
(452 : 430)
(346 : 347)
(307 : 306)
(247 : 226)
(335 : 317)
(364 : 365)
(6 : 5)
(23 : 22)
(11 : 12)
(322 : 340)
(340 : 339)
(226 : 227)
(227 : 248)
(227 : 228)
(396 : 395)
(244 : 245)
(341 : 359)
(103 : 102)
(102 : 82)
(378 : 379)
(358 : 359)
(64 : 65)
(65 : 85)
(356 : 374)
(438 : 459)
(139 : 113)
(113 : 94)
(113 : 114)
(395 : 381)
(381 : 382)
(123 : 122)
(122 : 147)
(11 : 28)
(28 : 27)
(511 : 512)
(53 : 72)
(446 : 445)
(506 : 505)
(443 : 444)
(444 : 445)
(154 : 155)
(440 : 439)
(369 : 350)
(65 : 48)
(48 : 47)
(363 : 362)
(362 : 376)
(67 : 66)
(334 : 352)
(108 : 107)
(107 : 86)
(338 : 320)
(320 : 319)
(320 : 321)
(405 : 406)
(445 : 465)
(403 : 402)
(402 : 401)
(307 : 330)
(376 : 375)
(401 : 386)
(70 : 52)
(52 : 51)
(317 : 316)
(231 : 230)
(120 : 100)
(462 : 480)
(480 : 479)
(480 : 481)
(131 : 130)
(277 : 253)
(389 : 390)
(390 : 405)
(62 : 61)
(316 : 296)
(344 : 360)
(362 : 361)
(277 : 276)
(399 : 385)
(385 : 384)
(119 : 99)
(32 : 13)
(445 : 423)
(340 : 357)
(503 : 504)
(444 : 464)
(354 : 353)
(353 : 335)
(58 : 59)
(395 : 394)
(245 : 224)
(224 : 223)
(32 : 33)
(352 : 351)
(351 : 350)
(464 : 482)
(328 : 305)
(296 : 278)
(130 : 129)
(276 : 275)
(269 : 246)
(246 : 245)
(390 : 373)
(373 : 372)
(454 : 453)
(381 : 380)
(380 : 394)
(224 : 225)
(225 : 246)
(253 : 254)
(254 : 278)
(433 : 412)
(412 : 395)
(412 : 413)
(211 : 191)
(191 : 192)
(295 : 274)
(518 : 519)
(61 : 60)
(15 : 0)
(289 : 310)
(310 : 309)
(412 : 411)
(411 : 394)
(296 : 297)
(297 : 317)
(4 : 20)
(195 : 194)
(154 : 172)
(351 : 370)
(370 : 369)
(370 : 385)
(449 : 426)
(253 : 252)
(252 : 276)
(38 : 16)
(8 : 7)
(129 : 128)
(26 : 45)
(227 : 206)
(465 : 466)
(466 : 446)
(466 : 467)
(453 : 432)
(432 : 411)
(432 : 433)
(389 : 404)
(399 : 400)
(400 : 417)
(144 : 163)
(345 : 344)
(345 : 361)
(22 : 21)
(129 : 106)
(106 : 107)
(481 : 493)
(28 : 29)
(29 : 12)
(29 : 48)
(364 : 347)
(267 : 268)
(268 : 245)
(268 : 289)
(268 : 269)
(409 : 429)
(429 : 428)
(429 : 451)
(429 : 430)
(430 : 431)
(91 : 92)
(220 : 221)
(330 : 331)
(331 : 308)
(361 : 360)
(361 : 375)
(169 : 149)
(402 : 387)
(387 : 386)
(387 : 388)
(468 : 467)
(468 : 483)
(317 : 318)
(290 : 311)
(311 : 310)
(92 : 93)
(368 : 349)
(349 : 348)
(349 : 350)
(137 : 136)
(136 : 156)
(471 : 485)
(102 : 101)
(101 : 81)
(101 : 122)
(54 : 73)
(306 : 305)
(306 : 329)
(81 : 80)
(80 : 61)
(491 : 476)
(75 : 76)
(135 : 136)
(349 : 332)
(332 : 312)
(332 : 333)
(275 : 251)
(251 : 252)
(190 : 189)
(93 : 71)
(71 : 72)
