3764.0
7
10
113 207 6 161 41 105 169 164 52 45 
91.0 46.0 75.0 45.0 44.0 1.0 37.0 29.0 48.0 11.0 73.0 98.0 2.0 99.0 37.0 32.0 19.0 48.0 91.0 21.0 63.0 49.0 61.0 81.0 66.0 94.0 10.0 72.0 12.0 99.0 11.0 34.0 37.0 93.0 30.0 66.0 22.0 89.0 51.0 87.0 85.0 21.0 90.0 59.0 94.0 82.0 21.0 93.0 35.0 55.0 76.0 47.0 68.0 46.0 97.0 75.0 83.0 92.0 70.0 26.0 67.0 74.0 42.0 53.0 50.0 70.0 68.0 88.0 50.0 46.0 5.0 10.0 33.0 56.0 57.0 57.0 74.0 74.0 57.0 75.0 20.0 13.0 33.0 90.0 8.0 80.0 68.0 14.0 58.0 37.0 3.0 2.0 39.0 99.0 74.0 24.0 99.0 43.0 1.0 76.0 65.0 99.0 80.0 96.0 58.0 45.0 8.0 85.0 66.0 79.0 3.0 87.0 60.0 39.0 58.0 25.0 93.0 69.0 46.0 14.0 61.0 11.0 78.0 31.0 29.0 45.0 60.0 61.0 62.0 0.0 76.0 47.0 90.0 47.0 36.0 53.0 60.0 9.0 94.0 46.0 97.0 49.0 34.0 64.0 10.0 45.0 79.0 38.0 18.0 23.0 37.0 34.0 70.0 4.0 40.0 11.0 56.0 92.0 87.0 25.0 76.0 71.0 97.0 78.0 60.0 80.0 50.0 42.0 61.0 76.0 37.0 43.0 57.0 81.0 9.0 95.0 11.0 19.0 42.0 5.0 41.0 21.0 82.0 84.0 26.0 85.0 36.0 55.0 71.0 85.0 11.0 26.0 22.0 85.0 80.0 39.0 62.0 17.0 84.0 57.0 
(113 : 98)
(207 : 208)
(52 : 38)
(38 : 26)
(164 : 165)
(164 : 152)
(113 : 112)
(112 : 111)
(161 : 148)
(45 : 46)
(161 : 162)
(105 : 90)
(90 : 91)
(161 : 160)
(45 : 44)
(98 : 97)
(97 : 112)
(208 : 202)
(98 : 85)
(152 : 151)
(202 : 196)
(105 : 106)
(106 : 91)
(111 : 110)
(160 : 172)
(46 : 33)
(151 : 134)
(172 : 173)
(134 : 133)
(164 : 177)
(160 : 147)
(147 : 148)
(196 : 183)
(90 : 78)
(208 : 209)
(97 : 84)
(147 : 131)
(134 : 118)
(148 : 149)
(110 : 109)
(6 : 5)
(97 : 96)
(96 : 111)
(106 : 107)
(161 : 173)
(41 : 29)
(78 : 64)
(151 : 150)
(150 : 149)
(45 : 32)
(32 : 33)
(169 : 156)
(165 : 166)
(113 : 130)
(111 : 128)
(84 : 83)
(156 : 143)
(44 : 43)
(196 : 195)
(162 : 174)
(174 : 173)
(90 : 89)
(43 : 31)
(84 : 71)
(152 : 135)
(52 : 51)
(135 : 119)
(119 : 118)
(172 : 185)
(96 : 95)
(185 : 186)
(31 : 30)
(30 : 29)
(124 : 125)
(165 : 178)
(178 : 177)
(207 : 201)
(201 : 195)
(124 : 141)
(51 : 50)
(165 : 153)
(153 : 152)
(50 : 36)
(196 : 197)
(149 : 132)
(202 : 203)
(203 : 197)
(203 : 209)
(195 : 194)
(110 : 127)
(141 : 142)
(109 : 94)
(94 : 95)
(38 : 37)
(37 : 51)
(119 : 101)
(135 : 136)
(64 : 63)
(30 : 18)
(85 : 72)
(202 : 201)
(197 : 184)
(184 : 183)
(32 : 20)
(36 : 35)
(150 : 133)
(195 : 182)
(83 : 70)
(78 : 79)
(79 : 91)
(123 : 122)
(151 : 163)
(163 : 176)
(176 : 177)
(134 : 135)
(101 : 87)
(83 : 82)
(169 : 168)
(26 : 14)
(105 : 104)
(176 : 189)
(175 : 188)
(188 : 189)
(149 : 162)
(107 : 108)
(108 : 109)
(41 : 42)
(96 : 83)
(72 : 55)
(38 : 39)
(109 : 126)
(126 : 125)
(20 : 9)
(182 : 181)
(181 : 168)
(181 : 194)
(63 : 62)
(142 : 155)
(118 : 100)
(62 : 61)
(61 : 46)
(143 : 144)
(144 : 127)
(168 : 167)
(95 : 110)
(41 : 40)
(40 : 28)
(29 : 17)
(17 : 18)
(201 : 200)
(200 : 194)
(71 : 54)
(144 : 145)
(94 : 81)
(37 : 25)
(25 : 26)
(70 : 69)
(69 : 82)
(132 : 116)
(40 : 56)
(41 : 57)
(85 : 84)
(177 : 190)
(190 : 189)
(125 : 108)
(118 : 117)
(117 : 133)
(33 : 21)
(19 : 8)
(112 : 129)
(129 : 128)
(181 : 180)
(21 : 10)
(104 : 103)
(129 : 146)
(145 : 158)
(6 : 0)
(61 : 60)
(30 : 42)
(64 : 49)
(176 : 175)
(190 : 191)
(72 : 71)
(51 : 67)
(89 : 77)
(77 : 63)
(77 : 78)
(67 : 66)
(66 : 50)
(155 : 154)
(154 : 167)
(131 : 114)
(169 : 170)
(136 : 137)
(62 : 76)
(64 : 65)
(65 : 79)
(65 : 66)
(76 : 75)
(6 : 7)
(42 : 58)
(166 : 179)
(179 : 178)
(91 : 92)
(43 : 59)
(7 : 15)
(8 : 2)
(173 : 186)
(207 : 206)
(206 : 200)
(35 : 23)
(123 : 139)
(79 : 80)
(80 : 66)
(101 : 102)
(0 : 1)
(43 : 42)
(52 : 53)
(145 : 128)
(145 : 146)
(81 : 68)
(68 : 52)
(117 : 99)
(144 : 157)
(157 : 158)
(184 : 171)
(46 : 47)
(82 : 95)
(23 : 13)
(56 : 73)
(189 : 199)
(146 : 159)
(92 : 93)
(116 : 115)
(115 : 114)
(104 : 89)
(20 : 19)
(20 : 21)
(203 : 204)
(77 : 76)
(191 : 192)
(47 : 34)
(34 : 33)
(92 : 80)
(92 : 107)
(194 : 193)
(193 : 180)
(89 : 88)
(88 : 76)
(88 : 103)
(34 : 22)
(63 : 48)
(48 : 47)
(206 : 205)
(119 : 120)
(99 : 86)
(163 : 164)
(204 : 198)
(198 : 197)
(188 : 187)
(36 : 24)
(24 : 23)
(141 : 140)
(22 : 11)
(11 : 10)
(11 : 3)
(103 : 121)
(121 : 122)
(11 : 12)
(73 : 74)
(74 : 57)
(3 : 4)
(4 : 12)
(15 : 27)
(27 : 26)
(27 : 39)
(28 : 16)
(16 : 17)
(36 : 37)
(122 : 138)
(138 : 137)
(138 : 139)
