1654.0
5
20
129 174 70 146 90 125 152 148 96 92 131 118 213 14 179 75 35 192 217 19 
82.0 19.0 43.0 50.0 0.0 49.0 37.0 67.0 3.0 45.0 83.0 35.0 94.0 50.0 53.0 94.0 3.0 20.0 65.0 6.0 86.0 7.0 54.0 23.0 24.0 37.0 55.0 55.0 23.0 28.0 72.0 61.0 58.0 92.0 85.0 92.0 57.0 7.0 37.0 5.0 34.0 37.0 53.0 1.0 27.0 99.0 6.0 69.0 55.0 47.0 68.0 54.0 87.0 53.0 26.0 72.0 14.0 10.0 88.0 14.0 19.0 75.0 43.0 61.0 37.0 98.0 30.0 49.0 97.0 54.0 4.0 61.0 24.0 6.0 81.0 33.0 95.0 87.0 19.0 90.0 10.0 60.0 16.0 1.0 40.0 79.0 89.0 67.0 47.0 22.0 6.0 91.0 75.0 92.0 4.0 12.0 82.0 47.0 81.0 87.0 57.0 84.0 73.0 9.0 88.0 84.0 62.0 48.0 34.0 62.0 52.0 84.0 66.0 2.0 7.0 85.0 53.0 24.0 59.0 23.0 40.0 97.0 3.0 19.0 95.0 92.0 3.0 18.0 89.0 18.0 18.0 45.0 57.0 26.0 71.0 40.0 3.0 0.0 94.0 57.0 8.0 98.0 47.0 47.0 66.0 3.0 34.0 38.0 96.0 61.0 50.0 3.0 76.0 94.0 29.0 16.0 85.0 29.0 25.0 49.0 85.0 24.0 16.0 15.0 47.0 70.0 17.0 58.0 95.0 79.0 69.0 79.0 34.0 64.0 12.0 73.0 54.0 6.0 59.0 42.0 12.0 89.0 37.0 86.0 48.0 59.0 46.0 64.0 36.0 30.0 29.0 35.0 57.0 2.0 73.0 57.0 71.0 27.0 40.0 12.0 
(14 : 3)
(70 : 69)
(14 : 15)
(90 : 91)
(35 : 34)
(96 : 97)
(75 : 59)
(148 : 137)
(91 : 81)
(97 : 98)
(174 : 175)
(137 : 123)
(217 : 211)
(137 : 136)
(34 : 21)
(107 : 90)
(123 : 122)
(14 : 26)
(92 : 82)
(81 : 80)
(175 : 176)
(136 : 135)
(174 : 162)
(162 : 152)
(80 : 79)
(96 : 95)
(108 : 92)
(108 : 123)
(96 : 111)
(217 : 218)
(125 : 124)
(35 : 22)
(4 : 16)
(16 : 27)
(162 : 163)
(92 : 93)
(98 : 85)
(3 : 2)
(174 : 186)
(217 : 216)
(81 : 65)
(70 : 71)
(97 : 112)
(162 : 161)
(131 : 144)
(65 : 51)
(118 : 103)
(93 : 94)
(94 : 95)
(107 : 106)
(144 : 143)
(65 : 64)
(112 : 128)
(106 : 105)
(79 : 63)
(131 : 116)
(69 : 68)
(95 : 110)
(63 : 50)
(116 : 101)
(128 : 127)
(103 : 102)
(148 : 149)
(149 : 150)
(101 : 88)
(88 : 75)
(41 : 27)
(102 : 117)
(107 : 121)
(115 : 114)
(50 : 36)
(83 : 84)
(211 : 210)
(70 : 56)
(56 : 41)
(22 : 23)
(210 : 201)
(68 : 54)
(129 : 141)
(79 : 78)
(192 : 193)
(149 : 159)
(34 : 33)
(115 : 100)
(179 : 168)
(19 : 18)
(2 : 13)
(135 : 134)
(128 : 140)
(140 : 141)
(41 : 42)
(134 : 120)
(120 : 121)
(22 : 11)
(117 : 132)
(136 : 147)
(192 : 191)
(50 : 49)
(49 : 35)
(63 : 62)
(62 : 78)
(65 : 66)
(19 : 8)
(186 : 199)
(24 : 23)
(127 : 126)
(148 : 158)
(199 : 198)
(163 : 164)
(186 : 185)
(75 : 74)
(176 : 187)
(159 : 172)
(140 : 153)
(153 : 152)
(167 : 166)
(19 : 30)
(62 : 61)
(21 : 10)
(10 : 11)
(2 : 1)
(59 : 47)
(146 : 145)
(145 : 134)
(56 : 55)
(78 : 77)
(77 : 61)
(42 : 43)
(109 : 125)
(4 : 5)
(102 : 89)
(18 : 7)
(161 : 151)
(113 : 130)
(113 : 114)
(5 : 6)
(151 : 138)
(127 : 139)
(139 : 140)
(10 : 9)
(1 : 0)
(166 : 165)
(49 : 48)
(120 : 119)
(193 : 204)
(85 : 86)
(167 : 178)
(6 : 17)
(54 : 40)
(88 : 87)
(87 : 74)
(193 : 181)
(193 : 194)
(103 : 104)
(104 : 105)
(204 : 205)
(172 : 173)
(198 : 197)
(165 : 155)
(155 : 142)
(18 : 29)
(153 : 154)
(154 : 141)
(154 : 164)
(154 : 155)
(204 : 203)
(203 : 192)
(57 : 43)
(57 : 58)
(67 : 53)
(53 : 54)
(53 : 52)
(216 : 215)
(215 : 209)
(173 : 184)
(99 : 100)
(58 : 44)
(44 : 29)
(44 : 43)
(89 : 76)
(22 : 21)
(155 : 156)
(156 : 166)
(161 : 160)
(160 : 150)
(160 : 159)
(160 : 173)
(106 : 120)
(47 : 46)
(153 : 163)
(112 : 111)
(66 : 52)
(66 : 82)
(66 : 67)
(101 : 100)
(130 : 129)
(43 : 28)
(28 : 17)
(28 : 29)
(46 : 31)
(31 : 30)
(18 : 17)
(199 : 207)
(68 : 67)
(68 : 83)
(90 : 80)
(84 : 69)
(191 : 180)
(176 : 177)
(177 : 165)
(64 : 63)
(64 : 80)
(194 : 195)
(60 : 76)
(152 : 139)
(218 : 219)
(45 : 30)
(45 : 44)
(45 : 46)
(7 : 8)
(61 : 48)
(119 : 133)
(133 : 134)
(212 : 219)
(209 : 208)
(208 : 200)
(208 : 207)
(213 : 206)
(206 : 197)
(16 : 15)
(109 : 94)
(165 : 164)
(72 : 58)
(72 : 86)
(37 : 38)
(38 : 52)
(135 : 121)
(24 : 12)
(145 : 157)
(195 : 196)
(31 : 32)
(32 : 47)
(26 : 25)
(25 : 13)
(185 : 184)
(185 : 198)
(84 : 95)
(179 : 190)
(34 : 48)
(7 : 6)
(194 : 182)
(182 : 181)
(182 : 170)
(20 : 32)
(208 : 214)
(214 : 215)
(40 : 39)
(39 : 25)
(39 : 38)
(39 : 53)
(138 : 126)
(158 : 171)
(171 : 172)
(201 : 202)
(202 : 211)
(72 : 73)
(73 : 74)
(130 : 142)
(69 : 55)
(142 : 141)
(188 : 202)
(54 : 55)
(189 : 178)
(189 : 188)
(189 : 190)
(180 : 169)
(171 : 183)
(183 : 196)
