4580.0
7
20
273 406 126 339 186 267 347 342 195 189 277 256 497 35 414 134 80 453 502 41 
59.0 95.0 97.0 34.0 88.0 89.0 33.0 22.0 66.0 92.0 29.0 55.0 99.0 84.0 54.0 83.0 84.0 37.0 1.0 19.0 92.0 46.0 93.0 22.0 0.0 36.0 69.0 15.0 1.0 9.0 21.0 11.0 13.0 3.0 25.0 58.0 5.0 66.0 75.0 55.0 66.0 3.0 77.0 66.0 31.0 96.0 7.0 25.0 26.0 97.0 61.0 53.0 3.0 56.0 62.0 67.0 44.0 92.0 90.0 56.0 12.0 90.0 21.0 79.0 12.0 3.0 40.0 43.0 4.0 28.0 94.0 70.0 88.0 66.0 25.0 69.0 15.0 81.0 75.0 16.0 75.0 67.0 39.0 84.0 93.0 52.0 77.0 91.0 60.0 85.0 28.0 0.0 92.0 33.0 16.0 43.0 59.0 43.0 45.0 80.0 25.0 33.0 8.0 30.0 12.0 35.0 5.0 5.0 14.0 80.0 4.0 43.0 42.0 66.0 16.0 22.0 67.0 82.0 67.0 85.0 56.0 11.0 82.0 91.0 76.0 32.0 78.0 78.0 54.0 3.0 92.0 81.0 20.0 20.0 18.0 7.0 87.0 90.0 36.0 77.0 3.0 43.0 60.0 44.0 61.0 21.0 17.0 6.0 77.0 72.0 80.0 3.0 97.0 60.0 58.0 90.0 17.0 86.0 51.0 5.0 76.0 33.0 5.0 78.0 58.0 92.0 7.0 74.0 41.0 50.0 91.0 37.0 8.0 96.0 63.0 82.0 35.0 70.0 8.0 69.0 88.0 80.0 40.0 13.0 89.0 99.0 93.0 14.0 75.0 19.0 42.0 25.0 96.0 22.0 41.0 51.0 49.0 28.0 63.0 18.0 32.0 32.0 83.0 87.0 59.0 26.0 34.0 38.0 10.0 1.0 7.0 22.0 68.0 62.0 35.0 82.0 81.0 85.0 6.0 11.0 45.0 36.0 33.0 83.0 11.0 89.0 70.0 74.0 95.0 11.0 24.0 85.0 8.0 21.0 79.0 18.0 72.0 0.0 76.0 39.0 74.0 97.0 36.0 72.0 0.0 69.0 20.0 75.0 93.0 3.0 68.0 50.0 94.0 99.0 23.0 47.0 4.0 5.0 81.0 93.0 69.0 90.0 48.0 43.0 3.0 66.0 33.0 59.0 60.0 1.0 78.0 99.0 79.0 24.0 83.0 57.0 20.0 68.0 57.0 85.0 76.0 27.0 8.0 44.0 39.0 30.0 96.0 22.0 32.0 31.0 9.0 28.0 12.0 61.0 14.0 72.0 50.0 10.0 52.0 64.0 64.0 97.0 37.0 99.0 89.0 31.0 98.0 10.0 82.0 89.0 70.0 88.0 84.0 4.0 33.0 89.0 33.0 38.0 5.0 86.0 36.0 88.0 99.0 98.0 64.0 79.0 39.0 86.0 27.0 33.0 82.0 18.0 10.0 24.0 20.0 75.0 53.0 84.0 13.0 44.0 48.0 92.0 33.0 17.0 83.0 66.0 81.0 39.0 94.0 69.0 94.0 44.0 74.0 49.0 80.0 66.0 13.0 86.0 27.0 68.0 21.0 31.0 21.0 65.0 91.0 8.0 33.0 50.0 7.0 17.0 81.0 71.0 0.0 67.0 74.0 73.0 80.0 71.0 92.0 97.0 44.0 85.0 35.0 19.0 86.0 56.0 74.0 24.0 68.0 73.0 41.0 40.0 22.0 11.0 52.0 71.0 75.0 99.0 28.0 73.0 90.0 18.0 49.0 35.0 79.0 52.0 12.0 46.0 76.0 58.0 13.0 34.0 81.0 66.0 94.0 57.0 77.0 66.0 25.0 86.0 68.0 64.0 98.0 50.0 37.0 17.0 14.0 0.0 41.0 37.0 33.0 99.0 98.0 27.0 51.0 77.0 48.0 81.0 18.0 73.0 47.0 38.0 16.0 35.0 76.0 35.0 20.0 68.0 26.0 13.0 59.0 15.0 99.0 19.0 91.0 94.0 36.0 78.0 79.0 24.0 28.0 44.0 99.0 78.0 55.0 72.0 21.0 21.0 84.0 53.0 95.0 17.0 47.0 2.0 54.0 67.0 87.0 15.0 64.0 78.0 25.0 7.0 58.0 77.0 55.0 74.0 37.0 52.0 15.0 84.0 71.0 54.0 29.0 35.0 83.0 86.0 12.0 23.0 46.0 91.0 
(189 : 188)
(186 : 162)
(414 : 413)
(186 : 187)
(413 : 392)
(502 : 501)
(134 : 116)
(273 : 274)
(273 : 272)
(35 : 16)
(453 : 454)
(80 : 64)
(267 : 268)
(406 : 386)
(187 : 163)
(163 : 162)
(187 : 212)
(126 : 125)
(339 : 338)
(497 : 484)
(188 : 213)
(274 : 299)
(116 : 117)
(188 : 164)
(256 : 230)
(186 : 185)
(299 : 298)
(268 : 242)
(502 : 487)
(454 : 437)
(186 : 211)
(211 : 212)
(406 : 405)
(437 : 419)
(347 : 322)
(298 : 297)
(297 : 272)
(125 : 124)
(212 : 236)
(125 : 147)
(16 : 5)
(185 : 184)
(386 : 387)
(339 : 313)
(185 : 161)
(161 : 162)
(126 : 148)
(342 : 316)
(212 : 213)
(454 : 468)
(16 : 17)
(346 : 320)
(347 : 370)
(370 : 386)
(484 : 483)
(189 : 165)
(165 : 164)
(147 : 146)
(405 : 404)
(419 : 420)
(272 : 271)
(420 : 438)
(501 : 500)
(230 : 231)
(211 : 235)
(235 : 236)
(64 : 65)
(277 : 253)
(161 : 160)
(160 : 184)
(437 : 436)
(436 : 453)
(163 : 140)
(17 : 36)
(299 : 300)
(273 : 247)
(436 : 435)
(148 : 149)
(392 : 376)
(347 : 348)
(502 : 515)
(162 : 139)
(139 : 140)
(231 : 257)
(247 : 246)
(247 : 222)
(148 : 171)
(316 : 315)
(230 : 229)
(502 : 503)
(348 : 323)
(323 : 322)
(387 : 371)
(210 : 209)
(257 : 281)
(117 : 102)
(501 : 514)
(126 : 109)
(209 : 183)
(134 : 154)
(102 : 101)
(387 : 388)
(235 : 234)
(272 : 246)
(101 : 90)
(236 : 237)
(35 : 34)
(346 : 345)
(109 : 108)
(237 : 238)
(274 : 248)
(242 : 241)
(188 : 187)
(345 : 319)
(319 : 320)
(41 : 22)
(41 : 40)
(405 : 425)
(313 : 286)
(234 : 260)
(277 : 278)
(149 : 150)
(387 : 407)
(117 : 135)
(277 : 303)
(271 : 245)
(245 : 246)
(322 : 295)
(150 : 128)
(281 : 282)
(108 : 96)
(286 : 285)
(146 : 145)
(257 : 258)
(258 : 282)
(231 : 207)
(165 : 142)
(299 : 326)
(171 : 170)
(170 : 147)
(282 : 309)
(376 : 377)
(377 : 393)
(267 : 266)
(248 : 223)
(223 : 222)
(235 : 261)
(261 : 286)
(161 : 138)
(22 : 21)
(21 : 40)
(101 : 100)
(326 : 327)
(327 : 300)
(261 : 262)
(262 : 236)
(256 : 280)
(280 : 281)
(322 : 321)
(258 : 232)
(232 : 231)
(21 : 20)
(309 : 308)
(308 : 281)
(209 : 208)
(208 : 207)
(124 : 123)
(34 : 33)
(233 : 259)
(256 : 255)
(255 : 229)
(165 : 166)
(348 : 349)
(342 : 343)
(164 : 141)
(141 : 140)
(33 : 32)
(280 : 279)
(497 : 496)
(309 : 310)
(154 : 153)
(238 : 239)
(515 : 516)
(516 : 503)
(516 : 517)
(229 : 228)
(286 : 287)
(238 : 264)
(297 : 296)
(296 : 271)
(296 : 323)
(321 : 294)
(287 : 314)
(314 : 315)
(166 : 190)
(267 : 292)
(90 : 91)
(91 : 102)
(295 : 270)
(270 : 271)
(41 : 59)
(34 : 53)
(140 : 119)
(32 : 31)
(338 : 312)
(312 : 285)
(312 : 313)
(237 : 263)
(376 : 355)
(153 : 152)
(152 : 133)
(355 : 330)
(500 : 499)
(323 : 324)
(324 : 297)
(324 : 349)
(330 : 331)
(280 : 307)
(195 : 196)
(32 : 51)
(245 : 244)
(128 : 111)
(96 : 95)
(36 : 55)
(282 : 283)
(95 : 94)
(404 : 403)
(229 : 205)
(51 : 50)
(50 : 31)
(55 : 54)
(54 : 35)
(207 : 206)
(206 : 230)
(404 : 424)
(292 : 293)
(293 : 268)
(293 : 320)
(293 : 294)
(315 : 288)
(288 : 287)
(142 : 121)
(239 : 214)
(146 : 169)
(169 : 170)
(91 : 78)
(232 : 208)
(503 : 488)
(262 : 287)
(515 : 514)
(64 : 46)
(32 : 14)
(65 : 81)
(388 : 389)
(166 : 143)
(108 : 107)
(107 : 95)
(107 : 124)
(170 : 194)
(194 : 195)
(223 : 224)
(50 : 49)
(190 : 191)
(141 : 120)
(120 : 119)
(237 : 213)
(496 : 495)
(314 : 340)
(206 : 180)
(438 : 439)
(371 : 372)
(372 : 349)
(326 : 351)
(419 : 397)
(222 : 221)
(453 : 452)
(452 : 435)
(292 : 291)
(425 : 446)
(241 : 216)
(501 : 486)
(486 : 487)
(33 : 15)
(15 : 14)
(316 : 289)
(289 : 288)
(262 : 263)
(488 : 478)
(435 : 417)
(153 : 176)
(241 : 240)
(240 : 239)
(285 : 284)
(240 : 215)
(215 : 216)
(316 : 317)
(317 : 343)
(503 : 504)
(33 : 52)
(52 : 51)
(52 : 53)
(183 : 182)
(182 : 208)
(496 : 510)
(495 : 482)
(482 : 483)
(284 : 311)
(311 : 310)
(311 : 312)
(259 : 260)
(257 : 256)
(270 : 269)
(269 : 294)
(369 : 370)
(266 : 265)
(46 : 27)
(196 : 197)
(197 : 221)
(404 : 385)
(486 : 476)
(349 : 350)
(487 : 477)
(4 : 3)
(385 : 384)
(164 : 163)
(55 : 56)
(78 : 62)
(78 : 77)
(77 : 90)
(477 : 465)
(283 : 284)
(339 : 362)
(14 : 13)
(13 : 31)
(244 : 219)
(219 : 195)
(154 : 155)
(22 : 8)
(362 : 363)
(438 : 455)
(455 : 454)
(143 : 122)
(504 : 489)
(489 : 488)
(484 : 474)
(90 : 89)
(425 : 426)
(355 : 354)
(384 : 383)
(176 : 175)
(295 : 294)
(476 : 464)
(510 : 511)
(511 : 497)
(142 : 143)
(298 : 325)
(325 : 324)
(338 : 337)
(337 : 311)
(419 : 418)
(418 : 417)
(418 : 436)
(54 : 71)
(175 : 174)
(478 : 479)
(371 : 348)
(489 : 490)
(219 : 218)
(350 : 373)
(373 : 372)
(418 : 396)
(331 : 356)
(356 : 377)
(88 : 89)
(307 : 306)
(31 : 30)
(30 : 49)
(80 : 79)
(175 : 200)
(49 : 68)
(88 : 87)
(120 : 104)
(68 : 67)
(71 : 72)
(72 : 55)
(474 : 473)
(497 : 498)
(307 : 334)
(77 : 76)
(76 : 89)
(289 : 290)
(290 : 317)
(417 : 416)
(245 : 220)
(214 : 215)
(244 : 243)
(243 : 218)
(243 : 242)
(128 : 129)
(455 : 469)
(469 : 468)
(182 : 181)
(181 : 207)
(14 : 2)
(307 : 308)
(420 : 421)
(421 : 439)
(389 : 409)
(511 : 512)
(134 : 135)
(263 : 264)
(446 : 447)
(154 : 177)
(416 : 395)
(351 : 352)
(352 : 327)
(495 : 494)
(205 : 204)
(447 : 448)
(22 : 23)
(139 : 118)
(384 : 368)
(223 : 199)
(351 : 350)
(265 : 264)
(265 : 290)
(517 : 518)
(368 : 367)
(367 : 383)
(352 : 374)
(352 : 353)
(353 : 354)
(291 : 318)
(318 : 317)
(331 : 332)
(315 : 341)
(452 : 451)
(200 : 201)
(135 : 155)
(62 : 61)
(61 : 77)
(95 : 85)
(23 : 24)
(490 : 491)
(85 : 86)
(86 : 96)
(277 : 276)
(265 : 239)
(355 : 356)
(89 : 100)
(407 : 408)
(408 : 409)
(414 : 415)
(279 : 255)
(413 : 412)
(62 : 44)
(473 : 472)
(472 : 482)
(104 : 105)
(201 : 226)
(204 : 178)
(196 : 172)
(295 : 296)
(182 : 158)
(465 : 449)
(36 : 37)
(37 : 56)
(455 : 456)
(456 : 439)
(30 : 29)
(465 : 466)
(111 : 110)
(472 : 460)
(408 : 428)
(65 : 47)
(47 : 46)
(133 : 132)
(110 : 127)
(127 : 128)
(341 : 364)
(364 : 363)
(228 : 204)
(372 : 388)
(291 : 290)
(495 : 509)
(403 : 402)
(242 : 217)
(218 : 217)
(383 : 382)
(473 : 461)
(59 : 60)
(67 : 66)
(66 : 65)
(446 : 445)
(445 : 424)
(342 : 365)
(365 : 364)
(181 : 157)
(157 : 158)
(421 : 399)
(340 : 339)
(340 : 363)
(340 : 341)
(266 : 291)
(119 : 103)
(103 : 104)
(21 : 7)
(56 : 73)
(73 : 72)
(375 : 353)
(375 : 374)
(407 : 427)
(427 : 448)
(201 : 202)
(40 : 39)
(367 : 344)
(344 : 318)
(344 : 343)
(215 : 191)
(306 : 305)
(233 : 234)
(37 : 18)
(397 : 379)
(30 : 12)
(12 : 13)
(111 : 112)
(413 : 430)
(263 : 288)
(126 : 127)
(343 : 366)
(366 : 365)
(366 : 382)
(366 : 367)
(220 : 196)
(220 : 221)
(150 : 173)
(173 : 172)
(173 : 197)
(278 : 254)
(397 : 398)
(398 : 420)
(398 : 399)
(132 : 131)
(145 : 144)
(298 : 273)
(145 : 168)
(168 : 169)
(382 : 381)
(354 : 329)
(421 : 422)
(217 : 193)
(193 : 194)
(104 : 92)
(402 : 401)
(401 : 382)
(393 : 394)
(394 : 415)
(166 : 167)
(167 : 144)
(167 : 168)
(426 : 447)
(426 : 427)
(353 : 328)
(494 : 481)
(472 : 471)
(471 : 481)
(331 : 303)
(329 : 301)
(216 : 192)
(192 : 193)
(446 : 463)
(111 : 97)
(414 : 431)
(390 : 389)
(66 : 82)
(82 : 81)
(426 : 406)
(449 : 429)
(129 : 151)
(151 : 150)
(46 : 45)
(183 : 159)
(159 : 160)
(476 : 475)
(374 : 391)
(306 : 333)
(333 : 334)
(466 : 450)
(377 : 378)
(378 : 394)
(509 : 508)
(251 : 225)
(127 : 149)
(244 : 270)
(35 : 36)
(226 : 252)
(252 : 276)
(27 : 28)
(28 : 47)
(68 : 83)
(160 : 137)
(514 : 513)
(490 : 505)
(505 : 518)
(40 : 58)
(58 : 59)
(180 : 179)
(179 : 205)
(341 : 342)
(308 : 335)
(335 : 334)
(416 : 434)
(129 : 130)
(429 : 411)
(240 : 266)
(94 : 93)
(254 : 227)
(401 : 400)
(2 : 1)
(381 : 380)
(274 : 275)
(275 : 300)
(518 : 519)
(248 : 249)
(249 : 224)
(466 : 467)
(338 : 361)
(337 : 336)
(12 : 11)
(471 : 459)
(44 : 26)
(456 : 457)
(51 : 70)
(39 : 38)
(469 : 470)
(101 : 116)
(330 : 302)
(302 : 301)
(264 : 289)
(97 : 98)
(459 : 442)
(88 : 75)
(159 : 136)
(361 : 360)
(461 : 443)
(44 : 43)
(43 : 61)
(194 : 218)
(370 : 371)
(24 : 42)
(121 : 120)
(121 : 122)
(378 : 357)
(8 : 9)
(9 : 23)
(222 : 198)
(39 : 57)
(12 : 0)
(0 : 1)
(411 : 410)
(490 : 480)
(24 : 25)
(25 : 26)
(219 : 220)
(431 : 432)
(206 : 205)
(508 : 507)
(75 : 74)
(319 : 292)
(332 : 304)
(50 : 69)
(445 : 444)
(176 : 177)
(439 : 440)
(440 : 422)
(440 : 457)
(360 : 359)
(359 : 336)
(344 : 345)
(457 : 458)
(458 : 459)
(20 : 19)
(19 : 38)
(393 : 392)
(393 : 414)
(7 : 6)
(6 : 20)
(314 : 313)
(216 : 217)
(499 : 485)
(302 : 303)
(99 : 98)
(329 : 328)
(329 : 330)
(105 : 106)
(106 : 122)
(505 : 506)
(506 : 491)
(506 : 519)
(507 : 493)
(493 : 494)
(7 : 8)
(3 : 15)
(345 : 368)
(179 : 156)
(47 : 48)
(48 : 66)
(335 : 358)
(20 : 39)
(391 : 390)
(391 : 410)
(64 : 63)
(63 : 45)
(63 : 79)
(227 : 203)
(203 : 202)
(249 : 250)
(250 : 251)
(474 : 462)
(462 : 444)
(462 : 461)
(115 : 114)
(114 : 113)
(114 : 132)
(458 : 441)
(441 : 440)
(441 : 442)
(402 : 423)
(423 : 443)
(25 : 10)
(493 : 492)
(434 : 433)
(69 : 84)
(84 : 83)
(84 : 92)
