4221.0
8
20
239 383 111 302 161 233 310 305 168 163 245 224 495 34 391 119 73 438 503 40 
5.0 47.0 11.0 65.0 17.0 32.0 37.0 10.0 56.0 23.0 33.0 97.0 2.0 2.0 43.0 43.0 16.0 91.0 58.0 37.0 41.0 31.0 30.0 89.0 13.0 28.0 39.0 44.0 38.0 48.0 5.0 23.0 64.0 5.0 26.0 27.0 28.0 8.0 81.0 11.0 56.0 14.0 81.0 38.0 77.0 26.0 35.0 44.0 40.0 23.0 40.0 51.0 37.0 1.0 77.0 48.0 94.0 22.0 14.0 55.0 46.0 43.0 53.0 66.0 91.0 8.0 10.0 2.0 2.0 19.0 45.0 20.0 97.0 17.0 6.0 92.0 73.0 98.0 48.0 94.0 78.0 12.0 9.0 90.0 0.0 43.0 36.0 89.0 84.0 71.0 89.0 97.0 17.0 85.0 51.0 47.0 58.0 46.0 59.0 27.0 99.0 92.0 68.0 51.0 62.0 77.0 44.0 62.0 1.0 87.0 20.0 34.0 42.0 93.0 70.0 86.0 52.0 9.0 0.0 68.0 61.0 28.0 54.0 18.0 21.0 5.0 57.0 6.0 73.0 27.0 82.0 99.0 70.0 0.0 64.0 1.0 22.0 36.0 1.0 95.0 52.0 83.0 21.0 29.0 81.0 85.0 68.0 35.0 31.0 1.0 17.0 84.0 79.0 21.0 32.0 83.0 22.0 67.0 79.0 27.0 61.0 39.0 35.0 14.0 81.0 98.0 60.0 0.0 96.0 28.0 64.0 56.0 99.0 58.0 60.0 46.0 23.0 21.0 87.0 0.0 68.0 67.0 78.0 95.0 94.0 22.0 61.0 4.0 36.0 0.0 39.0 91.0 67.0 49.0 88.0 33.0 60.0 81.0 42.0 94.0 39.0 8.0 50.0 21.0 27.0 60.0 23.0 73.0 38.0 5.0 79.0 38.0 3.0 22.0 34.0 60.0 14.0 32.0 5.0 1.0 27.0 50.0 75.0 47.0 90.0 16.0 9.0 70.0 64.0 70.0 36.0 48.0 55.0 0.0 75.0 97.0 82.0 29.0 32.0 48.0 39.0 88.0 9.0 46.0 12.0 94.0 38.0 7.0 72.0 90.0 80.0 81.0 19.0 58.0 64.0 13.0 32.0 39.0 81.0 2.0 80.0 17.0 13.0 76.0 31.0 71.0 45.0 69.0 50.0 33.0 28.0 21.0 92.0 83.0 36.0 43.0 70.0 94.0 11.0 25.0 25.0 15.0 13.0 49.0 35.0 63.0 65.0 96.0 85.0 22.0 39.0 15.0 40.0 46.0 16.0 94.0 99.0 29.0 80.0 68.0 58.0 36.0 85.0 42.0 64.0 86.0 10.0 71.0 30.0 19.0 31.0 78.0 76.0 65.0 24.0 35.0 64.0 27.0 98.0 41.0 33.0 72.0 30.0 61.0 72.0 3.0 15.0 1.0 23.0 55.0 53.0 67.0 3.0 90.0 39.0 71.0 88.0 40.0 98.0 15.0 36.0 65.0 52.0 49.0 26.0 26.0 35.0 58.0 46.0 93.0 34.0 3.0 80.0 11.0 3.0 50.0 66.0 48.0 82.0 83.0 9.0 43.0 63.0 99.0 0.0 46.0 55.0 11.0 55.0 11.0 36.0 64.0 51.0 81.0 45.0 9.0 49.0 23.0 96.0 6.0 92.0 58.0 24.0 51.0 10.0 26.0 24.0 64.0 76.0 60.0 1.0 40.0 44.0 82.0 30.0 7.0 62.0 98.0 4.0 71.0 34.0 97.0 3.0 77.0 20.0 36.0 62.0 5.0 84.0 57.0 48.0 40.0 19.0 79.0 40.0 81.0 63.0 32.0 11.0 94.0 33.0 72.0 91.0 46.0 56.0 53.0 9.0 7.0 4.0 48.0 81.0 51.0 14.0 56.0 22.0 93.0 51.0 16.0 26.0 78.0 67.0 69.0 0.0 33.0 19.0 99.0 55.0 75.0 42.0 71.0 97.0 5.0 98.0 32.0 61.0 23.0 99.0 52.0 39.0 89.0 65.0 94.0 32.0 55.0 70.0 65.0 85.0 51.0 24.0 50.0 53.0 7.0 75.0 26.0 39.0 21.0 43.0 2.0 31.0 65.0 44.0 25.0 23.0 25.0 28.0 82.0 91.0 46.0 66.0 45.0 13.0 35.0 64.0 47.0 19.0 22.0 58.0 98.0 4.0 46.0 
(34 : 21)
(438 : 418)
(161 : 162)
(383 : 357)
(305 : 282)
(21 : 6)
(391 : 365)
(503 : 504)
(418 : 397)
(305 : 304)
(391 : 390)
(391 : 392)
(6 : 5)
(504 : 505)
(6 : 7)
(495 : 480)
(305 : 330)
(245 : 244)
(383 : 384)
(310 : 288)
(504 : 488)
(505 : 517)
(161 : 160)
(40 : 41)
(310 : 311)
(168 : 190)
(111 : 129)
(392 : 366)
(391 : 413)
(282 : 256)
(129 : 130)
(365 : 343)
(163 : 142)
(438 : 437)
(168 : 169)
(111 : 98)
(357 : 336)
(336 : 310)
(161 : 181)
(488 : 469)
(129 : 128)
(7 : 22)
(22 : 21)
(168 : 147)
(233 : 208)
(418 : 417)
(488 : 489)
(489 : 505)
(488 : 487)
(41 : 28)
(310 : 309)
(146 : 145)
(417 : 396)
(5 : 20)
(20 : 21)
(495 : 496)
(517 : 518)
(330 : 329)
(146 : 128)
(469 : 451)
(329 : 328)
(480 : 481)
(437 : 457)
(244 : 219)
(162 : 182)
(182 : 181)
(305 : 306)
(487 : 486)
(111 : 112)
(190 : 189)
(5 : 4)
(437 : 436)
(20 : 33)
(33 : 34)
(306 : 331)
(331 : 330)
(161 : 139)
(451 : 429)
(496 : 510)
(41 : 56)
(167 : 166)
(510 : 511)
(208 : 207)
(457 : 456)
(411 : 429)
(145 : 127)
(127 : 128)
(384 : 405)
(383 : 382)
(302 : 303)
(167 : 188)
(188 : 189)
(505 : 506)
(119 : 105)
(127 : 110)
(328 : 350)
(357 : 356)
(28 : 27)
(27 : 40)
(160 : 159)
(311 : 337)
(337 : 336)
(451 : 450)
(33 : 32)
(181 : 180)
(233 : 234)
(337 : 358)
(127 : 126)
(389 : 388)
(388 : 362)
(309 : 335)
(335 : 356)
(335 : 336)
(41 : 42)
(130 : 131)
(451 : 452)
(245 : 246)
(306 : 307)
(180 : 179)
(337 : 338)
(397 : 398)
(417 : 437)
(429 : 430)
(430 : 452)
(503 : 502)
(98 : 99)
(480 : 479)
(335 : 334)
(450 : 468)
(479 : 478)
(350 : 349)
(28 : 13)
(166 : 165)
(405 : 404)
(404 : 383)
(304 : 281)
(302 : 301)
(432 : 454)
(34 : 49)
(208 : 187)
(187 : 166)
(187 : 188)
(181 : 204)
(208 : 209)
(404 : 423)
(390 : 412)
(412 : 411)
(130 : 148)
(233 : 232)
(232 : 207)
(233 : 259)
(259 : 260)
(239 : 214)
(301 : 300)
(259 : 258)
(510 : 509)
(509 : 495)
(396 : 370)
(457 : 474)
(42 : 43)
(234 : 235)
(328 : 327)
(327 : 302)
(327 : 349)
(364 : 363)
(363 : 362)
(363 : 389)
(300 : 299)
(382 : 381)
(282 : 283)
(283 : 306)
(478 : 477)
(32 : 19)
(342 : 341)
(496 : 497)
(430 : 431)
(431 : 413)
(431 : 432)
(396 : 397)
(389 : 410)
(299 : 276)
(469 : 470)
(470 : 489)
(224 : 223)
(430 : 412)
(73 : 61)
(119 : 120)
(4 : 3)
(299 : 298)
(308 : 307)
(509 : 508)
(334 : 355)
(355 : 356)
(187 : 186)
(186 : 165)
(506 : 507)
(162 : 140)
(140 : 139)
(256 : 257)
(257 : 258)
(281 : 280)
(280 : 303)
(502 : 501)
(49 : 50)
(159 : 137)
(388 : 409)
(409 : 410)
(376 : 375)
(345 : 344)
(308 : 333)
(333 : 334)
(370 : 346)
(346 : 345)
(375 : 374)
(333 : 332)
(332 : 331)
(343 : 318)
(327 : 326)
(3 : 18)
(18 : 19)
(235 : 236)
(431 : 453)
(453 : 452)
(364 : 341)
(209 : 210)
(210 : 235)
(209 : 234)
(186 : 185)
(19 : 20)
(478 : 462)
(438 : 439)
(142 : 124)
(502 : 516)
(40 : 39)
(33 : 48)
(48 : 49)
(341 : 317)
(338 : 339)
(309 : 287)
(29 : 43)
(416 : 415)
(301 : 278)
(39 : 26)
(26 : 27)
(99 : 87)
(308 : 285)
(285 : 259)
(462 : 442)
(508 : 494)
(494 : 495)
(288 : 289)
(289 : 311)
(342 : 343)
(349 : 374)
(450 : 449)
(502 : 486)
(244 : 243)
(486 : 485)
(485 : 501)
(98 : 97)
(497 : 482)
(239 : 240)
(4 : 19)
(397 : 371)
(371 : 370)
(416 : 435)
(286 : 260)
(286 : 285)
(137 : 138)
(138 : 160)
(138 : 139)
(357 : 358)
(287 : 261)
(350 : 375)
(29 : 14)
(388 : 387)
(299 : 324)
(159 : 158)
(261 : 262)
(243 : 218)
(287 : 286)
(12 : 26)
(333 : 354)
(354 : 355)
(167 : 145)
(112 : 113)
(449 : 448)
(223 : 222)
(32 : 31)
(113 : 100)
(100 : 99)
(113 : 114)
(223 : 248)
(411 : 410)
(112 : 99)
(165 : 144)
(457 : 458)
(458 : 438)
(244 : 268)
(448 : 427)
(427 : 428)
(245 : 220)
(214 : 192)
(220 : 197)
(245 : 269)
(105 : 104)
(223 : 200)
(281 : 255)
(192 : 171)
(409 : 408)
(408 : 427)
(39 : 38)
(405 : 406)
(354 : 353)
(382 : 403)
(112 : 130)
(506 : 490)
(462 : 463)
(503 : 487)
(415 : 414)
(49 : 63)
(260 : 234)
(260 : 261)
(232 : 231)
(330 : 351)
(86 : 97)
(287 : 288)
(239 : 238)
(268 : 267)
(267 : 243)
(146 : 147)
(316 : 317)
(298 : 297)
(239 : 265)
(238 : 213)
(120 : 135)
(469 : 468)
(142 : 143)
(143 : 144)
(381 : 402)
(480 : 464)
(464 : 463)
(169 : 170)
(170 : 171)
(213 : 212)
(110 : 109)
(109 : 126)
(148 : 149)
(295 : 318)
(477 : 476)
(462 : 461)
(518 : 519)
(149 : 150)
(73 : 72)
(114 : 132)
(332 : 307)
(163 : 184)
(184 : 185)
(72 : 60)
(60 : 61)
(482 : 466)
(511 : 512)
(371 : 372)
(372 : 398)
(87 : 79)
(124 : 107)
(240 : 241)
(329 : 304)
(258 : 284)
(284 : 307)
(284 : 285)
(231 : 206)
(506 : 518)
(318 : 319)
(395 : 394)
(479 : 494)
(118 : 103)
(114 : 115)
(398 : 399)
(399 : 419)
(22 : 23)
(256 : 230)
(165 : 164)
(18 : 17)
(222 : 247)
(247 : 248)
(40 : 55)
(55 : 56)
(416 : 395)
(358 : 359)
(359 : 338)
(477 : 492)
(148 : 147)
(148 : 169)
(372 : 373)
(373 : 374)
(268 : 294)
(461 : 460)
(470 : 471)
(471 : 453)
(22 : 35)
(35 : 34)
(35 : 50)
(507 : 491)
(369 : 344)
(369 : 395)
(238 : 237)
(237 : 212)
(237 : 236)
(220 : 221)
(415 : 434)
(32 : 47)
(238 : 264)
(264 : 265)
(228 : 227)
(227 : 204)
(212 : 191)
(191 : 169)
(191 : 190)
(221 : 198)
(73 : 84)
(382 : 356)
(278 : 277)
(277 : 300)
(214 : 215)
(100 : 88)
(215 : 216)
(84 : 94)
(278 : 253)
(253 : 254)
(270 : 246)
(270 : 269)
(282 : 281)
(18 : 31)
(311 : 312)
(218 : 217)
(217 : 216)
(478 : 493)
(435 : 455)
(455 : 456)
(481 : 465)
(465 : 466)
(232 : 258)
(103 : 102)
(35 : 36)
(219 : 196)
(219 : 220)
(88 : 80)
(257 : 283)
(104 : 92)
(224 : 201)
(482 : 483)
(61 : 45)
(129 : 147)
(403 : 422)
(422 : 423)
(468 : 487)
(196 : 175)
(175 : 174)
(237 : 263)
(263 : 262)
(263 : 264)
(56 : 68)
(183 : 184)
(463 : 443)
(100 : 101)
(101 : 114)
(175 : 153)
(3 : 2)
(2 : 17)
(118 : 117)
(222 : 199)
(135 : 155)
(78 : 79)
(60 : 59)
(209 : 188)
(413 : 412)
(2 : 1)
(139 : 122)
(50 : 64)
(474 : 473)
(381 : 380)
(358 : 384)
(207 : 206)
(236 : 211)
(211 : 190)
(211 : 212)
(192 : 193)
(213 : 214)
(88 : 89)
(253 : 252)
(31 : 30)
(216 : 194)
(194 : 193)
(243 : 242)
(242 : 241)
(7 : 8)
(8 : 23)
(199 : 177)
(174 : 173)
(8 : 9)
(399 : 400)
(400 : 374)
(512 : 513)
(443 : 421)
(339 : 313)
(17 : 16)
(235 : 261)
(399 : 373)
(294 : 293)
(293 : 267)
(293 : 317)
(23 : 24)
(24 : 9)
(257 : 231)
(376 : 377)
(304 : 303)
(302 : 279)
(443 : 444)
(444 : 464)
(276 : 275)
(248 : 249)
(516 : 515)
(198 : 176)
(423 : 446)
(12 : 11)
(483 : 498)
(24 : 25)
(481 : 496)
(513 : 499)
(242 : 266)
(171 : 172)
(406 : 425)
(201 : 202)
(247 : 271)
(174 : 152)
(50 : 51)
(176 : 155)
(51 : 52)
(248 : 272)
(406 : 385)
(439 : 459)
(113 : 131)
(254 : 227)
(262 : 236)
(262 : 288)
(362 : 361)
(361 : 340)
(361 : 387)
(253 : 226)
(436 : 435)
(279 : 278)
(144 : 125)
(269 : 268)
(269 : 295)
(351 : 352)
(1 : 0)
(115 : 116)
(116 : 117)
(277 : 276)
(346 : 323)
(323 : 298)
(89 : 90)
(25 : 37)
(218 : 219)
(483 : 467)
(436 : 456)
(361 : 360)
(360 : 339)
(134 : 133)
(158 : 136)
(136 : 137)
(89 : 81)
(372 : 348)
(195 : 173)
(195 : 194)
(195 : 217)
(158 : 178)
(211 : 210)
(289 : 290)
(394 : 393)
(393 : 367)
(216 : 241)
(155 : 154)
(154 : 153)
(85 : 86)
(11 : 10)
(142 : 141)
(160 : 180)
(103 : 91)
(91 : 92)
(265 : 291)
(291 : 313)
(246 : 221)
(498 : 499)
(72 : 71)
(71 : 59)
(153 : 152)
(408 : 407)
(369 : 368)
(368 : 394)
(313 : 314)
(314 : 340)
(380 : 379)
(73 : 74)
(136 : 121)
(59 : 58)
(179 : 203)
(404 : 403)
(428 : 409)
(428 : 449)
(498 : 497)
(407 : 426)
(426 : 425)
(426 : 427)
(117 : 133)
(226 : 225)
(225 : 203)
(225 : 252)
(423 : 424)
(424 : 405)
(424 : 425)
(60 : 44)
(44 : 45)
(63 : 76)
(163 : 164)
(385 : 386)
(386 : 360)
(386 : 407)
(386 : 387)
(368 : 367)
(179 : 178)
(344 : 321)
(96 : 109)
(445 : 444)
(445 : 465)
(513 : 514)
(79 : 65)
(371 : 347)
(347 : 324)
(347 : 346)
(347 : 348)
(464 : 465)
(272 : 273)
(273 : 249)
(460 : 440)
(61 : 62)
(62 : 74)
(352 : 378)
(378 : 377)
(378 : 379)
(315 : 292)
(377 : 401)
(83 : 71)
(289 : 263)
(470 : 452)
(109 : 108)
(108 : 125)
(173 : 151)
(151 : 133)
(151 : 152)
(43 : 57)
(471 : 472)
(472 : 454)
(472 : 491)
(300 : 325)
(325 : 324)
(325 : 348)
(325 : 326)
(134 : 118)
(158 : 157)
(448 : 447)
(447 : 426)
(463 : 479)
(320 : 296)
(296 : 271)
(57 : 70)
(70 : 69)
(140 : 123)
(123 : 122)
(256 : 255)
(81 : 67)
(497 : 511)
(67 : 66)
(66 : 65)
(66 : 80)
(76 : 75)
(197 : 198)
(512 : 498)
(459 : 475)
(284 : 283)
(179 : 159)
(67 : 53)
(352 : 331)
(353 : 332)
(353 : 379)
(94 : 95)
(62 : 46)
(46 : 45)
(94 : 93)
(321 : 322)
(322 : 297)
(322 : 345)
(322 : 323)
(491 : 490)
(14 : 15)
(64 : 77)
(77 : 76)
(77 : 85)
(276 : 251)
(251 : 252)
(131 : 149)
(414 : 433)
(433 : 434)
(228 : 229)
(229 : 205)
(229 : 255)
(229 : 230)
(121 : 106)
(106 : 94)
(499 : 484)
(484 : 483)
(290 : 264)
(290 : 312)
(461 : 441)
(441 : 440)
(441 : 442)
(407 : 406)
(401 : 420)
(420 : 441)
(83 : 82)
(316 : 315)
(501 : 500)
(251 : 250)
(250 : 275)
(297 : 274)
(274 : 273)
(274 : 275)
(177 : 156)
(54 : 38)
(54 : 53)
