767.0
5
20
65 87 41 72 49 63 75 73 52 50 67 59 106 19 90 44 27 93 109 22 
87.0 72.0 35.0 18.0 42.0 54.0 48.0 33.0 24.0 40.0 56.0 28.0 76.0 62.0 93.0 52.0 97.0 23.0 5.0 93.0 50.0 15.0 21.0 37.0 43.0 38.0 20.0 89.0 10.0 58.0 15.0 11.0 7.0 61.0 80.0 7.0 98.0 78.0 14.0 0.0 20.0 63.0 88.0 27.0 9.0 87.0 13.0 45.0 12.0 90.0 56.0 8.0 37.0 44.0 42.0 51.0 61.0 78.0 17.0 41.0 78.0 49.0 85.0 91.0 87.0 21.0 86.0 0.0 58.0 98.0 66.0 39.0 41.0 46.0 74.0 83.0 87.0 6.0 26.0 16.0 36.0 40.0 15.0 8.0 71.0 28.0 46.0 56.0 24.0 49.0 64.0 39.0 32.0 27.0 7.0 33.0 28.0 39.0 70.0 27.0 
(106 : 107)
(19 : 20)
(87 : 86)
(44 : 45)
(59 : 60)
(52 : 53)
(41 : 40)
(90 : 78)
(78 : 67)
(73 : 62)
(62 : 63)
(27 : 16)
(27 : 28)
(49 : 38)
(38 : 28)
(106 : 96)
(96 : 86)
(40 : 39)
(39 : 38)
(39 : 50)
(93 : 94)
(49 : 61)
(78 : 77)
(90 : 89)
(106 : 115)
(38 : 37)
(44 : 34)
(52 : 51)
(51 : 40)
(51 : 50)
(115 : 114)
(72 : 71)
(71 : 60)
(87 : 88)
(88 : 89)
(72 : 84)
(84 : 94)
(109 : 108)
(108 : 107)
(65 : 66)
(40 : 30)
(30 : 19)
(19 : 18)
(73 : 74)
(74 : 63)
(74 : 86)
(60 : 48)
(48 : 37)
(89 : 99)
(22 : 23)
(94 : 95)
(94 : 104)
(28 : 17)
(17 : 16)
(17 : 18)
(28 : 29)
(29 : 39)
(45 : 35)
(93 : 92)
(22 : 21)
(109 : 110)
(59 : 47)
(47 : 48)
(88 : 76)
(93 : 103)
(103 : 104)
(65 : 64)
(64 : 75)
(20 : 11)
(96 : 97)
(97 : 87)
(97 : 107)
(88 : 98)
(98 : 97)
(106 : 105)
(105 : 114)
(86 : 85)
(85 : 73)
(85 : 84)
(53 : 42)
(42 : 41)
(21 : 12)
(12 : 11)
(42 : 32)
(32 : 21)
(90 : 100)
(108 : 117)
(34 : 33)
(33 : 22)
(33 : 32)
(71 : 70)
(27 : 26)
(26 : 25)
(11 : 10)
(114 : 113)
(32 : 31)
(45 : 56)
(59 : 58)
(92 : 91)
(17 : 8)
(66 : 54)
(70 : 69)
(16 : 7)
(7 : 8)
(117 : 118)
(118 : 109)
(100 : 101)
(113 : 112)
(8 : 9)
(9 : 10)
(70 : 82)
(82 : 92)
(93 : 83)
(83 : 84)
(9 : 1)
(11 : 3)
(82 : 81)
(81 : 69)
(118 : 119)
(16 : 15)
(67 : 55)
(10 : 2)
(2 : 1)
(2 : 3)
(81 : 80)
(15 : 6)
(47 : 46)
(110 : 111)
(44 : 43)
(43 : 42)
(43 : 54)
(47 : 36)
(36 : 26)
(36 : 37)
(107 : 116)
(116 : 117)
(58 : 57)
(15 : 14)
(3 : 4)
(4 : 12)
(14 : 13)
(78 : 79)
(92 : 102)
(102 : 103)
(14 : 5)
(5 : 6)
(79 : 68)
(6 : 0)
(13 : 24)
(24 : 25)
