4225.0
8
20
291 407 153 350 206 286 357 353 214 209 297 277 497 41 413 162 88 453 503 49 
48.0 43.0 74.0 91.0 24.0 19.0 21.0 1.0 87.0 89.0 71.0 85.0 55.0 90.0 82.0 41.0 75.0 35.0 44.0 19.0 33.0 7.0 19.0 44.0 93.0 86.0 52.0 50.0 1.0 75.0 77.0 51.0 40.0 29.0 70.0 47.0 24.0 12.0 7.0 57.0 62.0 69.0 98.0 62.0 4.0 92.0 38.0 58.0 19.0 5.0 24.0 55.0 91.0 37.0 24.0 13.0 54.0 44.0 95.0 53.0 20.0 92.0 51.0 76.0 30.0 41.0 54.0 8.0 9.0 68.0 46.0 9.0 50.0 12.0 22.0 0.0 80.0 43.0 19.0 6.0 89.0 74.0 48.0 88.0 12.0 34.0 26.0 72.0 83.0 96.0 53.0 17.0 23.0 1.0 34.0 39.0 77.0 69.0 38.0 22.0 40.0 42.0 40.0 24.0 7.0 23.0 34.0 86.0 21.0 80.0 61.0 48.0 75.0 62.0 11.0 62.0 12.0 58.0 94.0 70.0 55.0 85.0 81.0 46.0 69.0 90.0 26.0 22.0 10.0 14.0 57.0 64.0 80.0 48.0 36.0 32.0 38.0 53.0 47.0 20.0 60.0 61.0 21.0 77.0 62.0 41.0 13.0 12.0 6.0 67.0 30.0 5.0 31.0 79.0 7.0 6.0 31.0 45.0 3.0 12.0 98.0 50.0 61.0 42.0 23.0 17.0 34.0 71.0 2.0 42.0 20.0 96.0 93.0 0.0 19.0 43.0 56.0 59.0 12.0 22.0 10.0 37.0 40.0 22.0 25.0 85.0 9.0 69.0 26.0 49.0 18.0 82.0 51.0 16.0 37.0 18.0 59.0 80.0 18.0 48.0 40.0 94.0 8.0 6.0 71.0 31.0 97.0 95.0 46.0 99.0 4.0 18.0 61.0 7.0 26.0 38.0 94.0 78.0 35.0 79.0 72.0 11.0 26.0 99.0 34.0 30.0 44.0 55.0 65.0 74.0 15.0 33.0 28.0 75.0 33.0 68.0 22.0 98.0 13.0 51.0 89.0 54.0 29.0 73.0 73.0 44.0 8.0 0.0 51.0 68.0 32.0 45.0 65.0 12.0 41.0 59.0 23.0 36.0 85.0 95.0 9.0 75.0 74.0 66.0 53.0 31.0 82.0 87.0 90.0 65.0 53.0 97.0 19.0 31.0 1.0 44.0 9.0 43.0 70.0 57.0 8.0 78.0 8.0 61.0 90.0 84.0 6.0 43.0 68.0 63.0 94.0 55.0 96.0 49.0 81.0 5.0 18.0 43.0 32.0 31.0 8.0 55.0 67.0 8.0 78.0 80.0 57.0 39.0 78.0 44.0 29.0 64.0 42.0 62.0 19.0 44.0 50.0 8.0 94.0 3.0 94.0 21.0 59.0 50.0 23.0 44.0 83.0 86.0 69.0 92.0 96.0 36.0 88.0 16.0 38.0 90.0 80.0 50.0 43.0 96.0 63.0 73.0 30.0 10.0 80.0 29.0 81.0 8.0 22.0 43.0 42.0 69.0 23.0 15.0 60.0 48.0 72.0 86.0 52.0 13.0 46.0 60.0 99.0 38.0 41.0 3.0 64.0 53.0 91.0 63.0 14.0 2.0 72.0 17.0 65.0 68.0 21.0 13.0 2.0 51.0 36.0 71.0 92.0 80.0 18.0 86.0 36.0 36.0 17.0 17.0 62.0 72.0 66.0 51.0 72.0 27.0 19.0 96.0 80.0 7.0 40.0 21.0 66.0 20.0 6.0 14.0 19.0 73.0 73.0 52.0 42.0 74.0 85.0 78.0 77.0 47.0 58.0 79.0 77.0 23.0 66.0 53.0 3.0 72.0 19.0 40.0 81.0 28.0 86.0 37.0 87.0 84.0 53.0 34.0 90.0 62.0 68.0 74.0 43.0 24.0 17.0 1.0 6.0 27.0 51.0 51.0 13.0 33.0 30.0 33.0 43.0 64.0 19.0 59.0 8.0 10.0 1.0 45.0 68.0 6.0 9.0 90.0 27.0 80.0 11.0 72.0 49.0 65.0 80.0 22.0 42.0 12.0 2.0 64.0 47.0 72.0 66.0 7.0 34.0 62.0 55.0 95.0 3.0 10.0 59.0 63.0 11.0 57.0 65.0 23.0 29.0 96.0 79.0 34.0 62.0 30.0 36.0 47.0 85.0 8.0 
(214 : 192)
(214 : 213)
(153 : 152)
(503 : 494)
(153 : 154)
(214 : 240)
(297 : 296)
(41 : 21)
(21 : 3)
(192 : 172)
(286 : 261)
(49 : 29)
(240 : 239)
(239 : 213)
(154 : 173)
(173 : 172)
(206 : 183)
(297 : 273)
(353 : 354)
(29 : 30)
(30 : 50)
(50 : 49)
(21 : 22)
(277 : 250)
(261 : 237)
(357 : 335)
(41 : 40)
(239 : 238)
(214 : 215)
(494 : 479)
(152 : 135)
(413 : 397)
(135 : 115)
(88 : 71)
(354 : 369)
(503 : 504)
(213 : 212)
(212 : 238)
(497 : 487)
(503 : 515)
(192 : 193)
(41 : 57)
(237 : 236)
(212 : 211)
(211 : 237)
(397 : 379)
(504 : 495)
(495 : 494)
(494 : 493)
(135 : 134)
(413 : 412)
(413 : 428)
(206 : 205)
(238 : 262)
(353 : 352)
(352 : 368)
(212 : 190)
(353 : 331)
(273 : 246)
(368 : 367)
(367 : 351)
(495 : 496)
(41 : 42)
(29 : 28)
(211 : 189)
(386 : 387)
(209 : 210)
(369 : 370)
(504 : 505)
(505 : 496)
(453 : 454)
(42 : 58)
(58 : 57)
(190 : 191)
(191 : 192)
(454 : 434)
(134 : 133)
(454 : 455)
(21 : 20)
(367 : 366)
(366 : 350)
(504 : 516)
(516 : 515)
(413 : 414)
(367 : 384)
(215 : 216)
(162 : 142)
(142 : 143)
(143 : 125)
(351 : 329)
(428 : 429)
(331 : 308)
(125 : 106)
(493 : 492)
(190 : 171)
(190 : 189)
(386 : 385)
(385 : 368)
(385 : 384)
(171 : 151)
(151 : 134)
(133 : 132)
(40 : 39)
(273 : 272)
(272 : 296)
(116 : 115)
(428 : 427)
(272 : 271)
(189 : 188)
(30 : 13)
(162 : 161)
(161 : 160)
(193 : 194)
(296 : 295)
(142 : 141)
(49 : 48)
(48 : 28)
(3 : 4)
(241 : 216)
(357 : 358)
(4 : 5)
(370 : 355)
(384 : 383)
(13 : 12)
(12 : 29)
(3 : 2)
(266 : 241)
(453 : 452)
(13 : 14)
(4 : 22)
(189 : 170)
(205 : 182)
(115 : 96)
(277 : 276)
(492 : 478)
(308 : 283)
(427 : 447)
(297 : 320)
(277 : 300)
(115 : 114)
(114 : 134)
(286 : 285)
(114 : 95)
(95 : 96)
(43 : 60)
(276 : 249)
(249 : 250)
(249 : 248)
(210 : 235)
(235 : 236)
(40 : 56)
(56 : 57)
(183 : 165)
(58 : 59)
(59 : 60)
(14 : 31)
(12 : 11)
(11 : 28)
(22 : 23)
(154 : 155)
(309 : 284)
(284 : 283)
(284 : 285)
(455 : 435)
(31 : 51)
(51 : 50)
(141 : 140)
(140 : 160)
(14 : 15)
(59 : 77)
(49 : 66)
(250 : 251)
(246 : 221)
(15 : 32)
(32 : 31)
(429 : 449)
(248 : 275)
(160 : 177)
(459 : 444)
(273 : 274)
(165 : 145)
(271 : 270)
(272 : 245)
(487 : 488)
(57 : 75)
(160 : 159)
(387 : 388)
(388 : 370)
(459 : 458)
(188 : 169)
(172 : 153)
(387 : 404)
(331 : 330)
(330 : 329)
(330 : 352)
(77 : 76)
(479 : 460)
(246 : 247)
(50 : 67)
(42 : 22)
(309 : 310)
(310 : 285)
(351 : 352)
(88 : 89)
(251 : 226)
(76 : 75)
(487 : 472)
(141 : 124)
(386 : 403)
(308 : 307)
(251 : 252)
(412 : 396)
(355 : 332)
(136 : 117)
(283 : 282)
(480 : 481)
(447 : 446)
(354 : 355)
(15 : 16)
(497 : 511)
(486 : 487)
(307 : 306)
(248 : 223)
(245 : 220)
(215 : 193)
(11 : 10)
(205 : 230)
(213 : 191)
(447 : 462)
(453 : 467)
(428 : 448)
(448 : 447)
(448 : 449)
(235 : 234)
(234 : 209)
(219 : 197)
(237 : 238)
(291 : 267)
(5 : 6)
(283 : 259)
(241 : 242)
(242 : 267)
(412 : 411)
(2 : 1)
(370 : 371)
(515 : 514)
(270 : 269)
(193 : 173)
(296 : 319)
(379 : 364)
(307 : 330)
(435 : 436)
(240 : 264)
(505 : 517)
(517 : 516)
(411 : 410)
(184 : 207)
(28 : 27)
(291 : 292)
(387 : 369)
(379 : 380)
(132 : 112)
(517 : 518)
(505 : 506)
(506 : 518)
(506 : 507)
(291 : 314)
(188 : 187)
(187 : 210)
(165 : 164)
(427 : 426)
(426 : 411)
(309 : 308)
(166 : 185)
(458 : 443)
(443 : 444)
(154 : 136)
(27 : 26)
(95 : 76)
(117 : 98)
(461 : 446)
(461 : 460)
(267 : 268)
(268 : 269)
(358 : 336)
(336 : 335)
(185 : 208)
(208 : 207)
(208 : 209)
(297 : 298)
(300 : 299)
(6 : 24)
(24 : 23)
(24 : 43)
(161 : 178)
(178 : 177)
(446 : 445)
(264 : 263)
(117 : 118)
(220 : 198)
(198 : 178)
(136 : 137)
(137 : 118)
(426 : 425)
(336 : 337)
(443 : 442)
(261 : 260)
(26 : 9)
(6 : 7)
(247 : 222)
(145 : 127)
(234 : 233)
(233 : 208)
(234 : 259)
(77 : 78)
(78 : 60)
(449 : 464)
(464 : 481)
(292 : 293)
(293 : 269)
(245 : 246)
(358 : 374)
(230 : 229)
(159 : 158)
(145 : 144)
(144 : 164)
(27 : 47)
(71 : 53)
(56 : 74)
(74 : 75)
(462 : 463)
(250 : 225)
(117 : 116)
(112 : 94)
(295 : 318)
(329 : 328)
(78 : 79)
(79 : 98)
(207 : 232)
(53 : 35)
(205 : 204)
(461 : 462)
(301 : 325)
(112 : 111)
(488 : 498)
(498 : 497)
(427 : 412)
(230 : 231)
(16 : 33)
(35 : 36)
(166 : 147)
(431 : 416)
(329 : 306)
(511 : 512)
(98 : 99)
(99 : 118)
(301 : 300)
(301 : 302)
(271 : 295)
(239 : 263)
(371 : 372)
(132 : 131)
(99 : 100)
(385 : 402)
(183 : 184)
(66 : 65)
(431 : 432)
(299 : 323)
(492 : 502)
(310 : 332)
(512 : 513)
(364 : 344)
(344 : 320)
(66 : 84)
(407 : 406)
(391 : 392)
(383 : 382)
(27 : 10)
(204 : 181)
(181 : 182)
(292 : 315)
(315 : 314)
(98 : 97)
(97 : 96)
(276 : 299)
(140 : 123)
(264 : 289)
(252 : 253)
(511 : 510)
(318 : 342)
(100 : 81)
(249 : 224)
(224 : 223)
(65 : 64)
(64 : 47)
(162 : 179)
(337 : 338)
(338 : 359)
(19 : 18)
(312 : 336)
(365 : 348)
(323 : 324)
(324 : 325)
(5 : 23)
(221 : 199)
(199 : 198)
(19 : 38)
(38 : 39)
(67 : 85)
(85 : 84)
(350 : 349)
(397 : 398)
(131 : 148)
(9 : 8)
(8 : 7)
(460 : 445)
(460 : 459)
(43 : 44)
(468 : 484)
(410 : 395)
(372 : 356)
(177 : 176)
(177 : 197)
(216 : 217)
(230 : 255)
(320 : 321)
(321 : 298)
(388 : 405)
(9 : 10)
(65 : 83)
(83 : 84)
(69 : 68)
(68 : 51)
(68 : 67)
(179 : 180)
(32 : 33)
(253 : 254)
(73 : 74)
(197 : 196)
(196 : 176)
(148 : 168)
(452 : 466)
(466 : 467)
(146 : 128)
(182 : 183)
(312 : 313)
(313 : 314)
(265 : 290)
(265 : 266)
(179 : 178)
(179 : 199)
(69 : 70)
(463 : 448)
(463 : 480)
(463 : 464)
(375 : 374)
(375 : 392)
(231 : 256)
(256 : 281)
(158 : 139)
(100 : 101)
(158 : 157)
(339 : 340)
(262 : 287)
(287 : 311)
(242 : 243)
(243 : 268)
(222 : 200)
(44 : 61)
(405 : 420)
(89 : 90)
(298 : 274)
(342 : 343)
(123 : 122)
(169 : 149)
(85 : 86)
(392 : 393)
(73 : 72)
(106 : 105)
(225 : 224)
(225 : 226)
(45 : 62)
(62 : 61)
(488 : 473)
(133 : 150)
(150 : 149)
(194 : 195)
(281 : 280)
(76 : 58)
(287 : 288)
(288 : 263)
(288 : 289)
(166 : 167)
(167 : 168)
(70 : 87)
(486 : 471)
(77 : 96)
(111 : 110)
(342 : 362)
(340 : 316)
(316 : 293)
(316 : 315)
(373 : 390)
(323 : 322)
(442 : 441)
(232 : 257)
(270 : 294)
(472 : 456)
(194 : 216)
(155 : 156)
(156 : 174)
(256 : 255)
(267 : 266)
(436 : 437)
(344 : 343)
(122 : 103)
(289 : 290)
(156 : 138)
(114 : 113)
(417 : 434)
(257 : 258)
(258 : 233)
(258 : 259)
(167 : 186)
(186 : 187)
(507 : 519)
(100 : 119)
(119 : 118)
(147 : 129)
(323 : 345)
(151 : 152)
(451 : 430)
(224 : 201)
(349 : 327)
(378 : 395)
(104 : 103)
(104 : 123)
(359 : 376)
(376 : 393)
(255 : 280)
(85 : 104)
(81 : 63)
(63 : 64)
(150 : 151)
(431 : 430)
(278 : 253)
(7 : 25)
(25 : 24)
(229 : 228)
(122 : 121)
(164 : 163)
(163 : 181)
(318 : 317)
(317 : 294)
(317 : 341)
(341 : 340)
(270 : 244)
(286 : 287)
(36 : 54)
(111 : 93)
(93 : 73)
(93 : 94)
(45 : 46)
(46 : 26)
(46 : 63)
(262 : 261)
(262 : 263)
(300 : 324)
(219 : 218)
(218 : 244)
(131 : 130)
(130 : 110)
(130 : 129)
(410 : 409)
(110 : 109)
(109 : 129)
(453 : 433)
(433 : 432)
(433 : 434)
(437 : 419)
(419 : 418)
(302 : 326)
(326 : 325)
(148 : 149)
(483 : 484)
(407 : 421)
(457 : 441)
(124 : 123)
(54 : 55)
(119 : 120)
(120 : 101)
(120 : 121)
(425 : 410)
(425 : 445)
(439 : 420)
(64 : 82)
(82 : 81)
(82 : 101)
(82 : 83)
(74 : 94)
(129 : 128)
(510 : 509)
(468 : 469)
(488 : 489)
(477 : 478)
(467 : 482)
(482 : 483)
(489 : 499)
(499 : 498)
(499 : 513)
(254 : 279)
(279 : 278)
(279 : 280)
(187 : 168)
(365 : 381)
(381 : 382)
(155 : 137)
(376 : 377)
(422 : 421)
(20 : 40)
(81 : 80)
(80 : 62)
(80 : 79)
(80 : 99)
(491 : 476)
(476 : 457)
(476 : 477)
(319 : 343)
(360 : 340)
(252 : 227)
(227 : 226)
(227 : 228)
(430 : 415)
(415 : 416)
(469 : 470)
(500 : 499)
(380 : 398)
(281 : 305)
(305 : 328)
(305 : 306)
(131 : 111)
(434 : 435)
(451 : 450)
(52 : 33)
(52 : 70)
(343 : 363)
(363 : 362)
(363 : 364)
(416 : 399)
(405 : 404)
(436 : 418)
(389 : 372)
(389 : 390)
(146 : 145)
(279 : 304)
(378 : 361)
(361 : 341)
(361 : 360)
(361 : 362)
(476 : 475)
(103 : 102)
(102 : 83)
(102 : 101)
(102 : 121)
(324 : 346)
(346 : 345)
(202 : 226)
(366 : 383)
(395 : 394)
(394 : 409)
(119 : 138)
(485 : 486)
(35 : 34)
(197 : 198)
(441 : 440)
(440 : 422)
(113 : 133)
(500 : 490)
(490 : 489)
(443 : 424)
(127 : 108)
(254 : 229)
(417 : 401)
(401 : 381)
(260 : 285)
(401 : 400)
(18 : 37)
(37 : 38)
(441 : 423)
(423 : 408)
(423 : 422)
(110 : 92)
(92 : 72)
(92 : 93)
(18 : 17)
(17 : 0)
(501 : 502)
(350 : 328)
(350 : 351)
(109 : 91)
(91 : 92)
(278 : 303)
(303 : 302)
(303 : 304)
(313 : 337)
(338 : 314)
(338 : 339)
(468 : 455)
(157 : 175)
(175 : 174)
(466 : 465)
(445 : 444)
(339 : 315)
(333 : 311)
(333 : 356)
(333 : 334)
(438 : 439)
(475 : 474)
(474 : 490)
(86 : 68)
(65 : 48)
(127 : 126)
(126 : 144)
(204 : 203)
(203 : 228)
(325 : 347)
(347 : 346)
(509 : 508)
(90 : 107)
(107 : 126)
(107 : 108)
