4357.0
9
20
302 409 168 356 228 296 362 359 235 230 306 287 495 48 412 175 102 446 500 54 
90.0 5.0 21.0 63.0 37.0 78.0 50.0 99.0 0.0 4.0 70.0 74.0 6.0 86.0 75.0 72.0 8.0 6.0 97.0 65.0 38.0 65.0 18.0 12.0 11.0 55.0 50.0 33.0 61.0 64.0 19.0 8.0 23.0 11.0 25.0 96.0 78.0 23.0 71.0 78.0 91.0 0.0 74.0 11.0 49.0 45.0 47.0 3.0 30.0 10.0 74.0 51.0 43.0 85.0 36.0 21.0 31.0 37.0 76.0 21.0 91.0 28.0 80.0 3.0 10.0 50.0 6.0 85.0 57.0 76.0 24.0 61.0 95.0 41.0 83.0 11.0 1.0 90.0 35.0 43.0 85.0 67.0 70.0 79.0 14.0 44.0 36.0 35.0 17.0 15.0 77.0 91.0 42.0 79.0 75.0 62.0 23.0 28.0 87.0 93.0 26.0 77.0 21.0 63.0 77.0 87.0 66.0 82.0 30.0 99.0 42.0 87.0 49.0 38.0 76.0 70.0 38.0 33.0 39.0 21.0 18.0 91.0 20.0 29.0 28.0 60.0 8.0 59.0 24.0 56.0 65.0 25.0 70.0 49.0 73.0 72.0 43.0 77.0 29.0 33.0 94.0 10.0 10.0 31.0 26.0 75.0 45.0 79.0 29.0 78.0 44.0 99.0 39.0 22.0 14.0 52.0 18.0 24.0 9.0 96.0 85.0 8.0 17.0 88.0 38.0 88.0 78.0 95.0 96.0 61.0 62.0 17.0 7.0 94.0 26.0 4.0 37.0 41.0 68.0 13.0 37.0 98.0 72.0 57.0 49.0 16.0 21.0 15.0 68.0 64.0 7.0 96.0 27.0 94.0 48.0 79.0 7.0 80.0 20.0 35.0 10.0 58.0 9.0 95.0 33.0 61.0 63.0 29.0 25.0 45.0 79.0 83.0 63.0 86.0 31.0 88.0 25.0 52.0 91.0 36.0 79.0 82.0 36.0 23.0 96.0 63.0 55.0 90.0 65.0 49.0 6.0 91.0 28.0 42.0 66.0 32.0 1.0 75.0 43.0 97.0 86.0 8.0 83.0 72.0 9.0 10.0 13.0 54.0 13.0 23.0 22.0 50.0 70.0 71.0 51.0 25.0 56.0 33.0 13.0 44.0 25.0 17.0 17.0 86.0 97.0 47.0 3.0 5.0 47.0 11.0 21.0 81.0 31.0 56.0 6.0 36.0 56.0 48.0 10.0 73.0 18.0 14.0 42.0 91.0 86.0 28.0 85.0 5.0 7.0 38.0 95.0 59.0 55.0 5.0 92.0 11.0 10.0 3.0 8.0 51.0 83.0 23.0 99.0 62.0 63.0 27.0 78.0 22.0 53.0 39.0 59.0 34.0 17.0 88.0 18.0 91.0 27.0 91.0 21.0 15.0 34.0 8.0 11.0 28.0 46.0 43.0 34.0 9.0 87.0 91.0 62.0 32.0 86.0 46.0 65.0 92.0 90.0 18.0 31.0 23.0 51.0 68.0 10.0 30.0 0.0 17.0 94.0 12.0 2.0 96.0 88.0 73.0 74.0 72.0 73.0 31.0 90.0 18.0 37.0 69.0 77.0 32.0 34.0 22.0 18.0 17.0 49.0 68.0 52.0 46.0 28.0 40.0 40.0 65.0 19.0 28.0 28.0 21.0 43.0 97.0 10.0 71.0 94.0 11.0 12.0 81.0 85.0 69.0 99.0 39.0 49.0 53.0 79.0 89.0 1.0 30.0 63.0 30.0 20.0 47.0 83.0 38.0 18.0 88.0 32.0 40.0 67.0 50.0 31.0 40.0 58.0 52.0 41.0 42.0 67.0 40.0 1.0 67.0 58.0 25.0 32.0 30.0 46.0 51.0 2.0 3.0 96.0 33.0 1.0 3.0 88.0 70.0 92.0 44.0 11.0 15.0 53.0 39.0 3.0 93.0 11.0 32.0 57.0 45.0 8.0 70.0 37.0 49.0 6.0 11.0 53.0 48.0 63.0 51.0 42.0 49.0 33.0 53.0 83.0 48.0 92.0 80.0 49.0 25.0 69.0 81.0 82.0 50.0 68.0 17.0 14.0 60.0 91.0 92.0 20.0 39.0 2.0 12.0 31.0 18.0 78.0 53.0 42.0 64.0 60.0 34.0 19.0 33.0 41.0 37.0 46.0 22.0 1.0 55.0 42.0 25.0 20.0 93.0 0.0 73.0 
(48 : 26)
(26 : 7)
(287 : 286)
(7 : 6)
(228 : 204)
(500 : 488)
(168 : 152)
(495 : 479)
(48 : 47)
(302 : 279)
(54 : 33)
(6 : 5)
(204 : 182)
(479 : 468)
(359 : 358)
(175 : 174)
(48 : 49)
(26 : 27)
(27 : 49)
(356 : 338)
(48 : 72)
(306 : 284)
(230 : 231)
(287 : 288)
(49 : 73)
(73 : 72)
(468 : 452)
(287 : 310)
(6 : 25)
(25 : 47)
(231 : 232)
(318 : 319)
(302 : 301)
(319 : 294)
(91 : 72)
(174 : 196)
(27 : 8)
(288 : 264)
(362 : 342)
(235 : 236)
(236 : 212)
(168 : 169)
(409 : 420)
(8 : 9)
(310 : 311)
(91 : 110)
(207 : 186)
(310 : 309)
(169 : 153)
(500 : 517)
(286 : 285)
(212 : 191)
(318 : 293)
(359 : 376)
(207 : 208)
(301 : 278)
(278 : 279)
(376 : 375)
(375 : 358)
(338 : 337)
(356 : 357)
(357 : 358)
(381 : 380)
(301 : 327)
(49 : 50)
(211 : 189)
(278 : 277)
(338 : 316)
(212 : 213)
(285 : 308)
(191 : 192)
(192 : 213)
(516 : 515)
(396 : 380)
(27 : 28)
(110 : 111)
(46 : 47)
(213 : 214)
(231 : 252)
(412 : 427)
(14 : 13)
(13 : 33)
(306 : 307)
(9 : 10)
(311 : 312)
(337 : 315)
(315 : 316)
(91 : 90)
(186 : 166)
(515 : 514)
(308 : 333)
(153 : 130)
(378 : 379)
(379 : 380)
(427 : 426)
(90 : 71)
(360 : 379)
(379 : 395)
(395 : 396)
(312 : 289)
(186 : 187)
(187 : 208)
(213 : 237)
(283 : 284)
(236 : 257)
(479 : 478)
(495 : 496)
(71 : 70)
(230 : 229)
(102 : 101)
(487 : 486)
(152 : 151)
(342 : 343)
(153 : 154)
(315 : 314)
(277 : 276)
(360 : 340)
(289 : 265)
(265 : 264)
(46 : 45)
(24 : 23)
(316 : 317)
(309 : 334)
(395 : 394)
(394 : 378)
(333 : 350)
(45 : 44)
(426 : 425)
(376 : 392)
(277 : 300)
(300 : 301)
(377 : 376)
(377 : 378)
(392 : 393)
(315 : 291)
(130 : 129)
(129 : 152)
(195 : 196)
(228 : 227)
(102 : 103)
(425 : 424)
(264 : 247)
(10 : 29)
(293 : 292)
(394 : 406)
(232 : 233)
(14 : 15)
(300 : 299)
(299 : 276)
(337 : 336)
(296 : 273)
(136 : 116)
(189 : 188)
(158 : 157)
(343 : 344)
(314 : 313)
(313 : 312)
(85 : 64)
(111 : 112)
(420 : 437)
(182 : 183)
(294 : 295)
(295 : 320)
(166 : 165)
(165 : 185)
(181 : 162)
(195 : 194)
(237 : 238)
(232 : 253)
(208 : 209)
(167 : 188)
(393 : 405)
(405 : 406)
(204 : 203)
(158 : 135)
(252 : 271)
(271 : 295)
(292 : 269)
(496 : 480)
(446 : 445)
(408 : 396)
(340 : 322)
(322 : 296)
(23 : 22)
(445 : 444)
(311 : 335)
(289 : 290)
(290 : 313)
(286 : 263)
(233 : 234)
(110 : 109)
(514 : 513)
(84 : 83)
(185 : 184)
(184 : 183)
(513 : 512)
(437 : 455)
(499 : 498)
(265 : 266)
(253 : 272)
(445 : 431)
(495 : 509)
(300 : 326)
(326 : 343)
(173 : 172)
(486 : 473)
(408 : 407)
(407 : 395)
(181 : 180)
(211 : 210)
(210 : 188)
(210 : 234)
(291 : 267)
(342 : 341)
(283 : 261)
(320 : 321)
(321 : 322)
(247 : 246)
(112 : 92)
(204 : 205)
(205 : 183)
(498 : 497)
(518 : 502)
(500 : 501)
(407 : 418)
(418 : 419)
(70 : 69)
(351 : 352)
(64 : 41)
(44 : 43)
(43 : 22)
(302 : 303)
(136 : 137)
(63 : 62)
(66 : 65)
(342 : 325)
(205 : 206)
(512 : 511)
(511 : 497)
(159 : 175)
(44 : 68)
(104 : 105)
(357 : 374)
(374 : 375)
(455 : 456)
(498 : 483)
(137 : 138)
(90 : 89)
(496 : 510)
(163 : 144)
(144 : 143)
(116 : 95)
(284 : 262)
(412 : 401)
(234 : 255)
(509 : 508)
(341 : 361)
(361 : 381)
(184 : 164)
(299 : 298)
(468 : 469)
(485 : 484)
(83 : 82)
(92 : 74)
(74 : 50)
(74 : 73)
(247 : 224)
(215 : 193)
(63 : 40)
(298 : 297)
(303 : 304)
(123 : 105)
(235 : 256)
(323 : 322)
(32 : 31)
(151 : 128)
(473 : 458)
(267 : 268)
(144 : 145)
(145 : 123)
(31 : 30)
(15 : 16)
(34 : 56)
(56 : 55)
(175 : 197)
(89 : 88)
(197 : 220)
(54 : 77)
(162 : 142)
(142 : 143)
(441 : 424)
(224 : 200)
(203 : 202)
(330 : 331)
(180 : 179)
(179 : 200)
(381 : 382)
(382 : 397)
(159 : 160)
(141 : 121)
(141 : 142)
(40 : 39)
(30 : 11)
(109 : 108)
(331 : 348)
(154 : 131)
(131 : 130)
(485 : 472)
(472 : 473)
(262 : 243)
(323 : 324)
(324 : 341)
(145 : 146)
(50 : 51)
(458 : 440)
(243 : 244)
(255 : 254)
(109 : 127)
(404 : 403)
(352 : 369)
(141 : 140)
(401 : 384)
(30 : 53)
(460 : 459)
(459 : 458)
(437 : 438)
(270 : 294)
(116 : 115)
(350 : 367)
(112 : 113)
(86 : 67)
(67 : 43)
(67 : 66)
(297 : 274)
(274 : 255)
(274 : 273)
(22 : 3)
(3 : 4)
(167 : 150)
(150 : 151)
(227 : 226)
(436 : 453)
(453 : 452)
(453 : 469)
(508 : 507)
(83 : 61)
(471 : 472)
(444 : 443)
(443 : 429)
(451 : 435)
(451 : 452)
(160 : 176)
(176 : 175)
(503 : 504)
(88 : 87)
(466 : 449)
(227 : 249)
(431 : 430)
(430 : 429)
(146 : 147)
(147 : 164)
(170 : 171)
(224 : 223)
(223 : 222)
(223 : 246)
(504 : 519)
(198 : 197)
(78 : 55)
(78 : 77)
(346 : 345)
(345 : 344)
(467 : 450)
(121 : 120)
(431 : 432)
(432 : 446)
(61 : 60)
(430 : 413)
(116 : 117)
(117 : 137)
(101 : 100)
(100 : 83)
(143 : 122)
(117 : 96)
(96 : 95)
(274 : 275)
(275 : 298)
(474 : 461)
(307 : 332)
(481 : 480)
(88 : 107)
(477 : 465)
(220 : 219)
(477 : 476)
(431 : 414)
(414 : 413)
(453 : 454)
(454 : 455)
(252 : 253)
(369 : 370)
(355 : 337)
(355 : 356)
(194 : 217)
(124 : 147)
(101 : 84)
(215 : 216)
(216 : 239)
(216 : 217)
(306 : 331)
(354 : 353)
(353 : 352)
(353 : 370)
(417 : 406)
(417 : 435)
(417 : 418)
(43 : 42)
(42 : 66)
(239 : 258)
(220 : 243)
(344 : 364)
(191 : 169)
(237 : 236)
(61 : 38)
(38 : 39)
(340 : 339)
(317 : 318)
(25 : 26)
(436 : 419)
(344 : 327)
(503 : 490)
(298 : 324)
(245 : 221)
(221 : 222)
(82 : 81)
(296 : 297)
(335 : 352)
(374 : 390)
(390 : 403)
(364 : 363)
(363 : 343)
(363 : 362)
(150 : 149)
(325 : 326)
(493 : 494)
(449 : 448)
(448 : 465)
(253 : 254)
(165 : 148)
(148 : 147)
(404 : 391)
(391 : 375)
(391 : 390)
(391 : 392)
(356 : 373)
(373 : 374)
(179 : 161)
(161 : 140)
(249 : 250)
(250 : 228)
(250 : 268)
(250 : 251)
(507 : 506)
(506 : 493)
(206 : 184)
(206 : 229)
(38 : 37)
(37 : 60)
(270 : 271)
(410 : 399)
(399 : 398)
(24 : 45)
(355 : 372)
(372 : 373)
(463 : 444)
(330 : 329)
(164 : 165)
(51 : 52)
(52 : 53)
(248 : 226)
(248 : 249)
(472 : 457)
(457 : 458)
(179 : 178)
(408 : 419)
(423 : 424)
(280 : 258)
(280 : 304)
(140 : 139)
(56 : 57)
(446 : 447)
(294 : 293)
(172 : 156)
(156 : 157)
(326 : 327)
(120 : 119)
(119 : 139)
(203 : 227)
(67 : 68)
(421 : 410)
(311 : 288)
(95 : 94)
(94 : 78)
(94 : 115)
(126 : 108)
(126 : 127)
(108 : 89)
(108 : 107)
(221 : 199)
(84 : 62)
(489 : 502)
(489 : 490)
(439 : 421)
(439 : 438)
(283 : 282)
(128 : 112)
(128 : 129)
(21 : 20)
(20 : 41)
(320 : 319)
(348 : 349)
(349 : 332)
(219 : 218)
(218 : 195)
(218 : 217)
(39 : 18)
(372 : 371)
(218 : 241)
(469 : 470)
(470 : 454)
(470 : 481)
(52 : 76)
(119 : 99)
(99 : 82)
(99 : 100)
(427 : 428)
(428 : 442)
(383 : 364)
(383 : 399)
(498 : 512)
(214 : 238)
(214 : 215)
(18 : 0)
(361 : 362)
(18 : 17)
(17 : 38)
(121 : 101)
(435 : 434)
(434 : 450)
(124 : 106)
(106 : 87)
(106 : 107)
(21 : 1)
(304 : 328)
(517 : 516)
(292 : 317)
(269 : 268)
(79 : 57)
(79 : 96)
(209 : 233)
(209 : 210)
(421 : 422)
(416 : 433)
(433 : 449)
(433 : 434)
(256 : 276)
(256 : 257)
(485 : 486)
(241 : 240)
(240 : 217)
(240 : 239)
(3 : 2)
(2 : 1)
(261 : 242)
(242 : 219)
(242 : 241)
(242 : 243)
(371 : 388)
(388 : 387)
(126 : 125)
(125 : 107)
(125 : 124)
(125 : 148)
(305 : 282)
(305 : 329)
(94 : 93)
(93 : 77)
(79 : 80)
(465 : 464)
(464 : 476)
(225 : 224)
(460 : 441)
(325 : 299)
(367 : 368)
(346 : 347)
(347 : 328)
(493 : 492)
(492 : 477)
(497 : 482)
(482 : 481)
(482 : 483)
(34 : 35)
(35 : 16)
(35 : 57)
(176 : 198)
(387 : 386)
(386 : 370)
(4 : 23)
(60 : 59)
(59 : 81)
(240 : 259)
(259 : 258)
(99 : 98)
(98 : 81)
(40 : 19)
(19 : 18)
(19 : 20)
(15 : 34)
(483 : 484)
(506 : 505)
(505 : 492)
(288 : 289)
(171 : 155)
(155 : 156)
(173 : 157)
(173 : 194)
(462 : 475)
(475 : 490)
(177 : 178)
(460 : 461)
(156 : 134)
(201 : 181)
(201 : 202)
(98 : 97)
(86 : 87)
(153 : 152)
(502 : 501)
(502 : 503)
(12 : 32)
(80 : 58)
(58 : 57)
(416 : 415)
(415 : 404)
(407 : 406)
(208 : 232)
(480 : 469)
(97 : 118)
(494 : 507)
(259 : 281)
(281 : 280)
(281 : 282)
(35 : 36)
(36 : 58)
(490 : 491)
(491 : 504)
(41 : 40)
(347 : 366)
(74 : 75)
(75 : 51)
(75 : 76)
(401 : 400)
(372 : 389)
(389 : 388)
(346 : 365)
(365 : 366)
(189 : 190)
(241 : 260)
(260 : 259)
(260 : 282)
(260 : 261)
(471 : 484)
(168 : 190)
(114 : 93)
(114 : 115)
(367 : 385)
(155 : 133)
(133 : 134)
(254 : 233)
(254 : 273)
(219 : 196)
(422 : 411)
(411 : 410)
(172 : 171)
(132 : 131)
(132 : 133)
(487 : 488)
(100 : 120)
(104 : 103)
(336 : 314)
(137 : 159)
(386 : 402)
(402 : 414)
