3448.0
6
10
115 206 10 157 52 107 168 160 63 56 
23.0 9.0 63.0 7.0 60.0 45.0 60.0 34.0 77.0 82.0 43.0 11.0 82.0 81.0 55.0 70.0 17.0 34.0 25.0 88.0 7.0 34.0 31.0 85.0 59.0 26.0 34.0 97.0 51.0 44.0 1.0 10.0 95.0 12.0 65.0 71.0 11.0 65.0 88.0 71.0 55.0 9.0 80.0 24.0 90.0 67.0 29.0 10.0 78.0 50.0 54.0 61.0 93.0 65.0 18.0 8.0 11.0 41.0 11.0 94.0 86.0 64.0 89.0 61.0 81.0 75.0 46.0 9.0 38.0 49.0 4.0 14.0 39.0 97.0 41.0 28.0 79.0 44.0 0.0 89.0 50.0 8.0 97.0 78.0 40.0 22.0 2.0 36.0 79.0 52.0 57.0 52.0 69.0 52.0 18.0 95.0 15.0 35.0 84.0 22.0 25.0 9.0 64.0 67.0 5.0 48.0 24.0 41.0 12.0 75.0 86.0 7.0 10.0 20.0 63.0 44.0 91.0 11.0 78.0 97.0 9.0 9.0 60.0 43.0 76.0 88.0 15.0 81.0 92.0 99.0 21.0 63.0 30.0 96.0 51.0 36.0 33.0 80.0 28.0 65.0 83.0 69.0 43.0 27.0 34.0 16.0 67.0 66.0 66.0 2.0 7.0 85.0 77.0 30.0 91.0 41.0 11.0 43.0 24.0 76.0 22.0 58.0 23.0 68.0 75.0 86.0 33.0 77.0 46.0 66.0 94.0 54.0 88.0 2.0 98.0 63.0 12.0 14.0 50.0 51.0 20.0 77.0 31.0 65.0 90.0 14.0 2.0 52.0 37.0 53.0 93.0 72.0 6.0 33.0 70.0 21.0 68.0 82.0 31.0 76.0 
(56 : 40)
(160 : 147)
(168 : 169)
(206 : 205)
(107 : 106)
(107 : 98)
(168 : 154)
(157 : 158)
(40 : 41)
(41 : 42)
(98 : 86)
(107 : 108)
(40 : 28)
(86 : 87)
(160 : 161)
(42 : 58)
(206 : 198)
(169 : 182)
(182 : 181)
(86 : 72)
(58 : 57)
(57 : 56)
(86 : 85)
(115 : 114)
(41 : 29)
(29 : 28)
(52 : 38)
(147 : 131)
(63 : 48)
(168 : 167)
(147 : 148)
(42 : 43)
(131 : 118)
(169 : 170)
(157 : 144)
(98 : 97)
(56 : 55)
(161 : 162)
(162 : 163)
(154 : 138)
(72 : 59)
(181 : 180)
(180 : 167)
(48 : 47)
(57 : 70)
(57 : 41)
(29 : 16)
(120 : 106)
(120 : 133)
(198 : 197)
(197 : 205)
(160 : 175)
(38 : 37)
(148 : 149)
(47 : 46)
(147 : 146)
(115 : 126)
(85 : 84)
(43 : 30)
(48 : 35)
(131 : 130)
(130 : 146)
(16 : 6)
(138 : 139)
(162 : 177)
(160 : 159)
(159 : 146)
(37 : 51)
(114 : 113)
(177 : 176)
(176 : 161)
(176 : 175)
(108 : 109)
(148 : 132)
(132 : 131)
(37 : 24)
(24 : 12)
(114 : 103)
(180 : 179)
(56 : 69)
(69 : 68)
(68 : 55)
(59 : 60)
(157 : 156)
(158 : 173)
(99 : 100)
(139 : 124)
(139 : 140)
(140 : 155)
(179 : 166)
(175 : 174)
(174 : 159)
(113 : 102)
(60 : 45)
(205 : 204)
(100 : 89)
(140 : 125)
(125 : 124)
(204 : 203)
(166 : 165)
(48 : 49)
(16 : 17)
(144 : 127)
(156 : 143)
(51 : 65)
(175 : 186)
(87 : 88)
(88 : 99)
(88 : 89)
(51 : 52)
(204 : 196)
(52 : 53)
(179 : 178)
(109 : 110)
(65 : 66)
(167 : 153)
(153 : 154)
(70 : 83)
(121 : 136)
(69 : 82)
(82 : 83)
(149 : 150)
(138 : 123)
(123 : 124)
(38 : 25)
(25 : 24)
(16 : 15)
(10 : 9)
(186 : 185)
(38 : 39)
(176 : 187)
(110 : 111)
(111 : 123)
(203 : 202)
(59 : 44)
(44 : 43)
(44 : 45)
(113 : 112)
(112 : 111)
(157 : 172)
(172 : 173)
(187 : 195)
(112 : 101)
(35 : 36)
(45 : 32)
(140 : 141)
(109 : 99)
(123 : 122)
(122 : 121)
(178 : 190)
(194 : 185)
(198 : 199)
(65 : 77)
(60 : 61)
(61 : 46)
(28 : 27)
(55 : 54)
(206 : 207)
(207 : 199)
(135 : 134)
(177 : 188)
(167 : 166)
(124 : 112)
(119 : 118)
(96 : 97)
(166 : 152)
(35 : 34)
(34 : 47)
(73 : 89)
(82 : 81)
(34 : 22)
(22 : 9)
(81 : 94)
(207 : 208)
(180 : 192)
(44 : 31)
(31 : 30)
(185 : 184)
(15 : 5)
(73 : 62)
(62 : 61)
(62 : 63)
(146 : 145)
(127 : 116)
(15 : 14)
(14 : 27)
(145 : 129)
(62 : 47)
(69 : 70)
(97 : 85)
(32 : 20)
(73 : 74)
(49 : 50)
(150 : 133)
(150 : 163)
(90 : 74)
(149 : 162)
(39 : 26)
(161 : 148)
(153 : 137)
(137 : 122)
(137 : 136)
(137 : 138)
(190 : 191)
(191 : 179)
(191 : 196)
(191 : 192)
(128 : 129)
(102 : 92)
(82 : 95)
(95 : 94)
(208 : 200)
(135 : 151)
(151 : 165)
(173 : 183)
(34 : 33)
(33 : 32)
(33 : 46)
(172 : 171)
(127 : 128)
(89 : 90)
(126 : 142)
(84 : 71)
(71 : 70)
(208 : 209)
(182 : 193)
(193 : 199)
(33 : 21)
(21 : 22)
(3 : 2)
(17 : 18)
(18 : 30)
(90 : 91)
(91 : 101)
(91 : 92)
(10 : 11)
(77 : 78)
(78 : 66)
(2 : 8)
(8 : 21)
(8 : 9)
(95 : 104)
(104 : 118)
(104 : 105)
(20 : 19)
(19 : 18)
(19 : 31)
(116 : 117)
(117 : 128)
(209 : 201)
(201 : 200)
(35 : 23)
(23 : 10)
(23 : 22)
(2 : 1)
(74 : 75)
(75 : 91)
(119 : 132)
(197 : 192)
(163 : 164)
(164 : 165)
(75 : 76)
(76 : 92)
(151 : 152)
(66 : 67)
(67 : 53)
(20 : 7)
(7 : 1)
(7 : 8)
(187 : 186)
(105 : 119)
(6 : 0)
(103 : 93)
(93 : 92)
(4 : 11)
(165 : 178)
(121 : 109)
(45 : 46)
(25 : 13)
(13 : 12)
(103 : 102)
(81 : 80)
(63 : 64)
(64 : 49)
(64 : 75)
(188 : 189)
(67 : 79)
(79 : 78)
(79 : 80)
