863.0
4
20
69 89 45 77 54 67 80 78 57 55 71 64 107 21 92 48 30 95 110 24 
81.0 63.0 74.0 39.0 87.0 11.0 13.0 98.0 16.0 10.0 97.0 57.0 32.0 9.0 31.0 55.0 73.0 13.0 84.0 21.0 70.0 63.0 0.0 33.0 47.0 62.0 73.0 79.0 92.0 26.0 17.0 15.0 14.0 51.0 72.0 46.0 55.0 84.0 37.0 96.0 2.0 8.0 12.0 89.0 94.0 13.0 31.0 51.0 72.0 32.0 85.0 81.0 73.0 69.0 86.0 41.0 53.0 21.0 41.0 86.0 20.0 52.0 99.0 75.0 60.0 96.0 5.0 55.0 96.0 28.0 76.0 74.0 99.0 53.0 62.0 59.0 10.0 70.0 43.0 19.0 28.0 90.0 87.0 79.0 69.0 68.0 29.0 82.0 48.0 2.0 36.0 20.0 24.0 32.0 76.0 47.0 11.0 33.0 39.0 46.0 
(24 : 25)
(95 : 94)
(25 : 26)
(48 : 37)
(89 : 90)
(24 : 23)
(24 : 13)
(95 : 87)
(13 : 14)
(14 : 25)
(78 : 79)
(79 : 67)
(64 : 63)
(45 : 34)
(69 : 58)
(58 : 46)
(71 : 60)
(63 : 51)
(51 : 52)
(57 : 56)
(56 : 55)
(56 : 67)
(30 : 29)
(57 : 68)
(68 : 80)
(68 : 69)
(37 : 36)
(95 : 104)
(107 : 106)
(45 : 44)
(44 : 56)
(71 : 72)
(29 : 28)
(95 : 96)
(48 : 47)
(47 : 36)
(47 : 46)
(23 : 22)
(22 : 34)
(107 : 108)
(64 : 75)
(51 : 50)
(67 : 66)
(66 : 55)
(66 : 78)
(90 : 91)
(21 : 10)
(107 : 117)
(88 : 78)
(60 : 59)
(59 : 47)
(59 : 58)
(28 : 27)
(106 : 97)
(63 : 74)
(92 : 82)
(21 : 20)
(10 : 2)
(106 : 105)
(110 : 109)
(30 : 31)
(2 : 1)
(105 : 115)
(97 : 98)
(50 : 62)
(62 : 63)
(30 : 42)
(34 : 35)
(35 : 46)
(89 : 99)
(77 : 76)
(76 : 87)
(25 : 37)
(115 : 116)
(116 : 117)
(66 : 65)
(65 : 77)
(75 : 86)
(86 : 94)
(75 : 74)
(26 : 38)
(90 : 81)
(81 : 80)
(44 : 43)
(20 : 9)
(9 : 1)
(30 : 18)
(13 : 12)
(87 : 86)
(97 : 88)
(38 : 49)
(110 : 111)
(34 : 33)
(33 : 21)
(111 : 119)
(104 : 114)
(114 : 115)
(60 : 61)
(61 : 72)
(9 : 8)
(28 : 40)
(40 : 51)
(55 : 43)
(55 : 54)
(18 : 17)
(1 : 0)
(50 : 39)
(39 : 40)
(12 : 4)
(31 : 32)
(32 : 43)
(67 : 68)
(59 : 70)
(70 : 69)
(111 : 112)
(22 : 11)
(11 : 10)
(86 : 85)
(20 : 19)
(22 : 21)
(62 : 73)
(73 : 74)
(19 : 8)
(14 : 15)
(57 : 58)
(17 : 6)
(104 : 103)
(73 : 84)
(109 : 118)
(91 : 100)
(76 : 75)
(94 : 93)
(93 : 85)
(28 : 16)
(14 : 5)
(60 : 48)
(35 : 23)
(17 : 29)
(72 : 83)
(114 : 113)
(113 : 103)
(103 : 102)
(42 : 41)
(41 : 29)
(41 : 40)
(41 : 52)
(2 : 3)
(3 : 11)
(3 : 4)
(18 : 7)
(7 : 6)
(7 : 8)
(52 : 53)
(53 : 42)
(53 : 54)
(23 : 12)
(98 : 107)
(111 : 101)
(101 : 92)
(101 : 100)
