4597.0
9
20
295 415 163 356 220 289 364 359 225 221 299 279 498 32 417 169 88 452 507 41 
44.0 26.0 38.0 46.0 53.0 5.0 21.0 17.0 66.0 5.0 88.0 88.0 90.0 75.0 76.0 86.0 49.0 25.0 0.0 81.0 56.0 85.0 88.0 76.0 50.0 80.0 16.0 67.0 59.0 68.0 63.0 83.0 24.0 16.0 87.0 98.0 67.0 93.0 20.0 7.0 89.0 46.0 80.0 30.0 2.0 23.0 29.0 89.0 78.0 79.0 47.0 32.0 83.0 58.0 46.0 80.0 72.0 30.0 19.0 56.0 30.0 76.0 10.0 35.0 73.0 89.0 80.0 47.0 92.0 49.0 93.0 87.0 51.0 95.0 40.0 92.0 72.0 93.0 1.0 46.0 97.0 22.0 97.0 25.0 51.0 73.0 60.0 29.0 50.0 77.0 66.0 46.0 34.0 85.0 54.0 10.0 78.0 83.0 18.0 17.0 80.0 68.0 85.0 39.0 47.0 69.0 44.0 52.0 82.0 36.0 78.0 97.0 94.0 17.0 49.0 97.0 9.0 26.0 53.0 57.0 86.0 17.0 47.0 79.0 26.0 93.0 21.0 76.0 44.0 44.0 86.0 76.0 52.0 14.0 1.0 45.0 54.0 55.0 47.0 17.0 32.0 73.0 52.0 71.0 1.0 64.0 99.0 31.0 23.0 33.0 60.0 60.0 87.0 52.0 79.0 98.0 20.0 35.0 32.0 23.0 29.0 5.0 50.0 77.0 78.0 61.0 94.0 49.0 50.0 10.0 63.0 0.0 3.0 63.0 82.0 84.0 92.0 31.0 90.0 67.0 14.0 41.0 79.0 23.0 39.0 56.0 42.0 86.0 8.0 19.0 34.0 18.0 8.0 87.0 79.0 32.0 75.0 58.0 73.0 40.0 57.0 98.0 58.0 22.0 37.0 3.0 88.0 47.0 12.0 17.0 98.0 37.0 27.0 50.0 38.0 68.0 16.0 72.0 47.0 31.0 11.0 84.0 47.0 83.0 57.0 15.0 82.0 2.0 36.0 19.0 40.0 64.0 9.0 44.0 81.0 33.0 50.0 45.0 63.0 18.0 21.0 42.0 37.0 17.0 17.0 68.0 1.0 26.0 10.0 24.0 19.0 13.0 45.0 85.0 50.0 99.0 62.0 79.0 85.0 25.0 83.0 40.0 44.0 63.0 44.0 13.0 11.0 73.0 59.0 47.0 21.0 60.0 69.0 55.0 91.0 11.0 66.0 87.0 79.0 37.0 84.0 70.0 11.0 20.0 20.0 0.0 82.0 37.0 63.0 99.0 20.0 51.0 42.0 36.0 76.0 28.0 21.0 18.0 37.0 37.0 45.0 42.0 56.0 39.0 97.0 74.0 71.0 63.0 21.0 88.0 89.0 69.0 55.0 62.0 45.0 84.0 58.0 66.0 67.0 10.0 8.0 32.0 46.0 23.0 46.0 11.0 69.0 94.0 65.0 51.0 52.0 85.0 35.0 36.0 39.0 37.0 59.0 50.0 96.0 85.0 57.0 69.0 18.0 70.0 97.0 44.0 70.0 48.0 42.0 37.0 73.0 56.0 43.0 92.0 95.0 61.0 63.0 45.0 38.0 41.0 32.0 36.0 86.0 65.0 9.0 28.0 30.0 98.0 71.0 49.0 1.0 13.0 72.0 96.0 22.0 42.0 71.0 69.0 56.0 52.0 84.0 70.0 89.0 40.0 22.0 2.0 38.0 92.0 45.0 7.0 39.0 39.0 2.0 15.0 49.0 64.0 35.0 58.0 21.0 90.0 84.0 68.0 67.0 96.0 95.0 80.0 54.0 35.0 83.0 43.0 0.0 48.0 23.0 30.0 26.0 82.0 46.0 68.0 80.0 85.0 10.0 4.0 53.0 1.0 0.0 51.0 13.0 83.0 27.0 78.0 99.0 1.0 87.0 72.0 80.0 98.0 30.0 83.0 2.0 73.0 59.0 92.0 72.0 40.0 43.0 30.0 49.0 15.0 21.0 77.0 83.0 32.0 40.0 36.0 98.0 73.0 35.0 57.0 8.0 42.0 28.0 48.0 45.0 52.0 27.0 54.0 11.0 31.0 19.0 46.0 70.0 0.0 58.0 57.0 69.0 44.0 22.0 84.0 28.0 62.0 46.0 27.0 4.0 33.0 8.0 94.0 62.0 43.0 67.0 57.0 49.0 4.0 18.0 58.0 40.0 43.0 58.0 26.0 23.0 17.0 
(289 : 290)
(221 : 201)
(498 : 484)
(356 : 355)
(119 : 120)
(119 : 97)
(299 : 300)
(279 : 257)
(279 : 280)
(364 : 340)
(484 : 485)
(356 : 357)
(290 : 291)
(120 : 98)
(201 : 178)
(340 : 339)
(163 : 164)
(498 : 499)
(41 : 42)
(356 : 380)
(199 : 176)
(452 : 453)
(32 : 15)
(88 : 68)
(498 : 497)
(417 : 418)
(339 : 338)
(452 : 437)
(497 : 496)
(355 : 330)
(291 : 268)
(355 : 354)
(240 : 241)
(257 : 258)
(178 : 158)
(355 : 379)
(379 : 380)
(280 : 304)
(340 : 341)
(42 : 43)
(32 : 33)
(43 : 61)
(380 : 395)
(257 : 256)
(163 : 184)
(169 : 150)
(295 : 294)
(199 : 200)
(200 : 177)
(177 : 176)
(177 : 178)
(42 : 22)
(515 : 498)
(485 : 472)
(176 : 156)
(330 : 308)
(68 : 67)
(158 : 138)
(268 : 269)
(364 : 363)
(363 : 339)
(61 : 60)
(60 : 42)
(484 : 471)
(241 : 265)
(471 : 457)
(280 : 281)
(88 : 87)
(87 : 67)
(484 : 483)
(483 : 497)
(291 : 292)
(295 : 272)
(279 : 303)
(158 : 157)
(157 : 177)
(303 : 325)
(60 : 81)
(516 : 500)
(364 : 385)
(33 : 55)
(184 : 183)
(357 : 332)
(295 : 319)
(341 : 317)
(178 : 179)
(81 : 80)
(225 : 206)
(206 : 184)
(317 : 293)
(293 : 294)
(206 : 205)
(15 : 2)
(516 : 517)
(150 : 127)
(169 : 170)
(33 : 34)
(396 : 395)
(61 : 82)
(82 : 81)
(356 : 331)
(331 : 332)
(258 : 259)
(102 : 80)
(437 : 436)
(225 : 224)
(224 : 205)
(385 : 384)
(384 : 363)
(55 : 56)
(224 : 247)
(247 : 268)
(453 : 465)
(61 : 62)
(379 : 378)
(378 : 354)
(41 : 40)
(500 : 501)
(501 : 517)
(179 : 202)
(202 : 201)
(294 : 318)
(417 : 405)
(43 : 23)
(471 : 470)
(470 : 483)
(295 : 296)
(40 : 39)
(143 : 118)
(98 : 76)
(2 : 3)
(202 : 203)
(338 : 315)
(120 : 121)
(55 : 54)
(54 : 32)
(32 : 31)
(452 : 464)
(464 : 465)
(288 : 287)
(281 : 305)
(241 : 242)
(242 : 221)
(257 : 233)
(83 : 82)
(233 : 214)
(83 : 84)
(330 : 329)
(329 : 354)
(299 : 276)
(385 : 386)
(97 : 96)
(169 : 192)
(183 : 182)
(242 : 243)
(150 : 149)
(102 : 124)
(150 : 151)
(243 : 266)
(288 : 313)
(158 : 159)
(159 : 179)
(233 : 232)
(417 : 432)
(220 : 219)
(501 : 486)
(138 : 139)
(39 : 38)
(300 : 277)
(34 : 35)
(293 : 270)
(270 : 269)
(278 : 255)
(255 : 256)
(457 : 456)
(281 : 282)
(182 : 181)
(41 : 21)
(247 : 248)
(304 : 326)
(326 : 325)
(437 : 421)
(15 : 14)
(14 : 13)
(88 : 108)
(319 : 320)
(320 : 296)
(203 : 204)
(204 : 223)
(219 : 218)
(218 : 198)
(378 : 377)
(179 : 180)
(180 : 203)
(164 : 165)
(282 : 260)
(14 : 1)
(1 : 2)
(405 : 390)
(390 : 371)
(170 : 193)
(159 : 160)
(160 : 180)
(243 : 222)
(404 : 405)
(465 : 466)
(62 : 44)
(125 : 126)
(126 : 127)
(198 : 173)
(173 : 174)
(121 : 122)
(452 : 451)
(472 : 473)
(1 : 0)
(515 : 514)
(514 : 497)
(102 : 101)
(88 : 89)
(232 : 213)
(3 : 4)
(514 : 513)
(513 : 496)
(421 : 420)
(486 : 474)
(80 : 79)
(4 : 5)
(255 : 231)
(231 : 232)
(294 : 271)
(271 : 270)
(271 : 272)
(290 : 267)
(233 : 234)
(234 : 258)
(458 : 459)
(459 : 474)
(415 : 416)
(144 : 122)
(338 : 337)
(445 : 459)
(464 : 463)
(267 : 246)
(240 : 239)
(181 : 161)
(501 : 502)
(329 : 328)
(39 : 19)
(108 : 107)
(107 : 87)
(79 : 59)
(502 : 518)
(107 : 106)
(214 : 195)
(507 : 508)
(89 : 90)
(470 : 469)
(23 : 24)
(337 : 336)
(174 : 154)
(66 : 67)
(139 : 114)
(359 : 358)
(395 : 394)
(396 : 411)
(240 : 264)
(277 : 254)
(436 : 435)
(219 : 238)
(238 : 239)
(67 : 48)
(223 : 245)
(463 : 462)
(453 : 438)
(438 : 437)
(144 : 145)
(97 : 75)
(443 : 456)
(245 : 244)
(143 : 142)
(142 : 162)
(313 : 312)
(312 : 287)
(169 : 168)
(40 : 20)
(20 : 19)
(225 : 226)
(124 : 123)
(381 : 397)
(508 : 490)
(365 : 387)
(387 : 386)
(312 : 311)
(438 : 422)
(249 : 271)
(459 : 460)
(151 : 128)
(128 : 127)
(420 : 408)
(138 : 137)
(507 : 506)
(313 : 335)
(45 : 25)
(25 : 24)
(475 : 476)
(401 : 400)
(395 : 410)
(231 : 212)
(39 : 58)
(418 : 406)
(75 : 74)
(415 : 414)
(414 : 401)
(414 : 426)
(408 : 392)
(415 : 427)
(427 : 426)
(427 : 445)
(198 : 197)
(331 : 309)
(309 : 308)
(144 : 166)
(5 : 6)
(336 : 361)
(361 : 362)
(326 : 327)
(354 : 353)
(353 : 377)
(397 : 398)
(371 : 347)
(108 : 132)
(276 : 275)
(86 : 65)
(65 : 66)
(490 : 489)
(489 : 507)
(125 : 148)
(343 : 344)
(411 : 412)
(412 : 397)
(483 : 482)
(482 : 469)
(371 : 370)
(137 : 112)
(260 : 236)
(218 : 217)
(217 : 236)
(76 : 57)
(154 : 134)
(312 : 334)
(344 : 368)
(107 : 131)
(168 : 167)
(193 : 211)
(138 : 113)
(16 : 35)
(309 : 285)
(10 : 24)
(48 : 27)
(90 : 109)
(109 : 134)
(139 : 140)
(451 : 450)
(450 : 462)
(445 : 446)
(446 : 460)
(74 : 73)
(73 : 55)
(264 : 263)
(263 : 239)
(122 : 99)
(518 : 519)
(236 : 237)
(142 : 117)
(117 : 118)
(57 : 36)
(496 : 495)
(344 : 321)
(321 : 320)
(185 : 184)
(278 : 301)
(301 : 324)
(301 : 302)
(133 : 132)
(113 : 92)
(114 : 115)
(115 : 140)
(117 : 95)
(95 : 73)
(13 : 12)
(361 : 360)
(360 : 335)
(321 : 297)
(347 : 346)
(418 : 433)
(433 : 432)
(506 : 505)
(390 : 391)
(226 : 227)
(54 : 72)
(72 : 73)
(114 : 93)
(166 : 187)
(409 : 408)
(168 : 191)
(191 : 192)
(192 : 210)
(210 : 211)
(112 : 111)
(466 : 481)
(165 : 186)
(186 : 187)
(236 : 235)
(235 : 259)
(490 : 478)
(237 : 261)
(261 : 260)
(79 : 78)
(78 : 58)
(111 : 110)
(387 : 402)
(154 : 155)
(155 : 175)
(155 : 156)
(217 : 216)
(216 : 235)
(387 : 388)
(388 : 366)
(388 : 403)
(403 : 402)
(502 : 503)
(435 : 434)
(234 : 215)
(215 : 214)
(216 : 196)
(173 : 172)
(172 : 197)
(368 : 369)
(145 : 146)
(326 : 352)
(460 : 461)
(461 : 476)
(86 : 85)
(377 : 376)
(124 : 147)
(147 : 146)
(147 : 148)
(358 : 333)
(333 : 332)
(65 : 64)
(64 : 85)
(282 : 306)
(306 : 305)
(296 : 273)
(68 : 49)
(371 : 372)
(409 : 393)
(393 : 377)
(469 : 468)
(286 : 310)
(310 : 309)
(310 : 332)
(310 : 311)
(72 : 71)
(19 : 7)
(273 : 251)
(134 : 135)
(135 : 155)
(117 : 116)
(116 : 115)
(444 : 425)
(9 : 8)
(64 : 63)
(476 : 477)
(465 : 480)
(480 : 481)
(93 : 94)
(94 : 71)
(52 : 51)
(135 : 136)
(285 : 284)
(284 : 308)
(361 : 383)
(167 : 190)
(329 : 307)
(307 : 308)
(450 : 449)
(412 : 423)
(368 : 367)
(273 : 274)
(446 : 447)
(65 : 47)
(213 : 194)
(38 : 37)
(131 : 130)
(27 : 11)
(276 : 253)
(435 : 419)
(419 : 420)
(71 : 53)
(53 : 31)
(53 : 52)
(53 : 54)
(324 : 349)
(176 : 175)
(86 : 105)
(105 : 106)
(275 : 252)
(252 : 253)
(401 : 384)
(56 : 34)
(56 : 74)
(473 : 458)
(473 : 474)
(137 : 157)
(142 : 141)
(141 : 116)
(141 : 140)
(141 : 161)
(314 : 313)
(101 : 100)
(100 : 78)
(100 : 99)
(69 : 90)
(513 : 512)
(512 : 495)
(419 : 407)
(407 : 408)
(318 : 342)
(342 : 341)
(342 : 365)
(454 : 467)
(467 : 466)
(336 : 314)
(36 : 17)
(17 : 6)
(17 : 16)
(111 : 91)
(30 : 29)
(272 : 250)
(250 : 249)
(250 : 251)
(383 : 399)
(258 : 280)
(414 : 413)
(413 : 400)
(413 : 425)
(425 : 424)
(250 : 228)
(228 : 227)
(216 : 215)
(306 : 328)
(306 : 307)
(307 : 283)
(283 : 261)
(283 : 282)
(283 : 284)
(30 : 51)
(164 : 185)
(494 : 480)
(130 : 152)
(447 : 429)
(318 : 319)
(85 : 104)
(104 : 105)
(446 : 428)
(428 : 416)
(428 : 427)
(428 : 429)
(27 : 28)
(28 : 49)
(170 : 151)
(448 : 432)
(350 : 349)
(130 : 129)
(129 : 105)
(476 : 487)
(487 : 503)
(325 : 351)
(351 : 350)
(351 : 352)
(303 : 302)
(303 : 304)
(284 : 262)
(262 : 238)
(262 : 261)
(262 : 263)
(79 : 101)
(359 : 334)
(432 : 431)
(51 : 50)
(50 : 29)
(494 : 493)
(406 : 391)
(210 : 209)
(209 : 191)
(64 : 46)
(46 : 47)
(133 : 134)
(94 : 115)
(443 : 442)
(320 : 343)
(410 : 411)
(252 : 229)
(229 : 209)
(237 : 238)
(494 : 511)
(508 : 509)
(118 : 96)
(118 : 119)
(275 : 298)
(298 : 299)
(439 : 440)
(440 : 454)
(196 : 171)
(171 : 172)
(422 : 421)
(375 : 351)
(292 : 269)
(285 : 263)
(207 : 186)
(207 : 227)
(17 : 18)
(18 : 37)
(347 : 348)
(348 : 323)
(348 : 372)
(350 : 374)
(374 : 375)
(442 : 441)
(316 : 317)
(103 : 82)
(505 : 488)
(253 : 230)
(230 : 210)
(230 : 229)
(493 : 492)
(450 : 435)
(321 : 322)
(22 : 9)
(22 : 21)
(190 : 189)
(76 : 77)
(463 : 479)
(479 : 492)
(148 : 149)
(69 : 70)
(431 : 430)
(47 : 26)
(374 : 373)
(373 : 349)
(344 : 345)
(345 : 322)
(345 : 369)
(97 : 98)
(439 : 438)
(213 : 212)
(213 : 214)
(30 : 12)
(160 : 140)
(300 : 323)
(472 : 471)
(469 : 455)
(455 : 442)
(455 : 456)
(421 : 409)
(190 : 208)
(208 : 209)
(511 : 510)
(510 : 493)
(187 : 188)
(156 : 157)
(360 : 382)
(490 : 491)
(491 : 509)
(500 : 499)
(390 : 389)
(389 : 370)
(389 : 404)
(131 : 153)
(153 : 152)
(153 : 171)
(505 : 504)
(504 : 503)
