869.0
4
20
62 85 37 70 46 60 73 71 49 47 64 56 106 14 88 40 22 92 109 17 
4.0 39.0 8.0 99.0 84.0 70.0 56.0 1.0 1.0 25.0 0.0 13.0 74.0 30.0 17.0 32.0 0.0 55.0 80.0 21.0 97.0 95.0 14.0 29.0 37.0 57.0 91.0 56.0 49.0 27.0 31.0 74.0 13.0 19.0 57.0 94.0 35.0 29.0 84.0 36.0 4.0 6.0 70.0 63.0 13.0 94.0 71.0 40.0 72.0 36.0 58.0 97.0 60.0 75.0 93.0 45.0 16.0 86.0 87.0 92.0 61.0 23.0 63.0 55.0 91.0 22.0 80.0 53.0 9.0 46.0 28.0 96.0 75.0 87.0 43.0 28.0 61.0 80.0 91.0 38.0 84.0 80.0 45.0 53.0 10.0 76.0 99.0 41.0 39.0 14.0 75.0 85.0 41.0 55.0 27.0 53.0 48.0 49.0 88.0 83.0 
(37 : 36)
(56 : 55)
(64 : 63)
(63 : 62)
(71 : 72)
(106 : 105)
(60 : 61)
(61 : 62)
(55 : 54)
(70 : 69)
(70 : 58)
(69 : 57)
(57 : 58)
(88 : 87)
(47 : 59)
(59 : 71)
(87 : 75)
(71 : 83)
(36 : 25)
(47 : 35)
(105 : 94)
(94 : 83)
(35 : 34)
(34 : 46)
(56 : 68)
(55 : 43)
(69 : 81)
(68 : 80)
(72 : 84)
(84 : 83)
(84 : 85)
(73 : 74)
(74 : 75)
(74 : 86)
(86 : 87)
(80 : 79)
(85 : 96)
(81 : 82)
(82 : 70)
(22 : 23)
(34 : 33)
(33 : 22)
(63 : 51)
(57 : 45)
(45 : 33)
(35 : 24)
(17 : 8)
(14 : 15)
(62 : 50)
(50 : 51)
(43 : 42)
(42 : 54)
(94 : 95)
(95 : 106)
(95 : 96)
(92 : 91)
(105 : 104)
(104 : 93)
(93 : 94)
(87 : 98)
(98 : 109)
(91 : 90)
(8 : 7)
(51 : 39)
(39 : 40)
(43 : 44)
(44 : 56)
(23 : 12)
(60 : 48)
(48 : 36)
(48 : 47)
(48 : 49)
(104 : 103)
(103 : 92)
(91 : 102)
(75 : 76)
(76 : 64)
(76 : 88)
(33 : 32)
(32 : 44)
(109 : 110)
(64 : 52)
(98 : 99)
(99 : 110)
(105 : 114)
(88 : 89)
(98 : 97)
(97 : 86)
(96 : 107)
(107 : 106)
(55 : 67)
(67 : 79)
(64 : 65)
(25 : 26)
(39 : 28)
(15 : 16)
(16 : 17)
(110 : 119)
(37 : 38)
(8 : 2)
(17 : 18)
(109 : 108)
(108 : 107)
(65 : 53)
(54 : 66)
(66 : 67)
(53 : 41)
(119 : 118)
(118 : 109)
(76 : 77)
(77 : 65)
(14 : 5)
(8 : 9)
(118 : 117)
(66 : 78)
(78 : 79)
(15 : 6)
(6 : 5)
(6 : 7)
(104 : 113)
(113 : 114)
(43 : 31)
(32 : 21)
(21 : 22)
(114 : 115)
(22 : 11)
(107 : 116)
(40 : 29)
(29 : 18)
(29 : 28)
(6 : 0)
(28 : 27)
(27 : 16)
(11 : 10)
(29 : 30)
(30 : 41)
(103 : 112)
(112 : 113)
(30 : 19)
(31 : 20)
(99 : 100)
(100 : 89)
(112 : 111)
(11 : 4)
(102 : 101)
(101 : 90)
(4 : 3)
(7 : 1)
(1 : 2)
(12 : 13)
(13 : 24)
(13 : 14)
