3406.0
8
10
111 205 16 150 57 106 159 153 65 59 
24.0 26.0 4.0 90.0 25.0 79.0 67.0 94.0 16.0 77.0 94.0 30.0 50.0 7.0 52.0 13.0 9.0 63.0 65.0 40.0 94.0 97.0 62.0 36.0 97.0 49.0 93.0 54.0 61.0 89.0 33.0 98.0 9.0 90.0 79.0 69.0 55.0 55.0 55.0 39.0 88.0 86.0 37.0 2.0 2.0 58.0 87.0 9.0 54.0 11.0 34.0 17.0 43.0 33.0 59.0 42.0 27.0 34.0 8.0 7.0 68.0 51.0 16.0 96.0 31.0 41.0 6.0 24.0 56.0 31.0 43.0 47.0 24.0 95.0 19.0 80.0 26.0 18.0 87.0 18.0 1.0 7.0 6.0 74.0 23.0 47.0 28.0 42.0 85.0 15.0 19.0 11.0 8.0 63.0 10.0 15.0 90.0 82.0 96.0 20.0 95.0 54.0 99.0 81.0 30.0 50.0 69.0 86.0 76.0 30.0 49.0 49.0 1.0 39.0 1.0 50.0 31.0 51.0 85.0 51.0 63.0 53.0 60.0 55.0 89.0 80.0 33.0 66.0 3.0 45.0 83.0 26.0 17.0 27.0 61.0 92.0 41.0 46.0 1.0 15.0 34.0 99.0 5.0 30.0 39.0 63.0 13.0 63.0 76.0 83.0 9.0 7.0 89.0 9.0 41.0 44.0 73.0 7.0 69.0 73.0 17.0 2.0 3.0 92.0 4.0 80.0 5.0 19.0 19.0 58.0 74.0 47.0 43.0 95.0 70.0 25.0 13.0 72.0 43.0 48.0 7.0 39.0 71.0 27.0 88.0 41.0 67.0 64.0 77.0 61.0 79.0 55.0 58.0 90.0 90.0 52.0 57.0 68.0 39.0 0.0 
(16 : 7)
(150 : 137)
(59 : 50)
(57 : 56)
(153 : 152)
(205 : 204)
(152 : 139)
(153 : 168)
(150 : 149)
(7 : 8)
(168 : 169)
(56 : 68)
(205 : 197)
(205 : 206)
(68 : 69)
(7 : 6)
(168 : 167)
(167 : 152)
(152 : 151)
(56 : 46)
(59 : 73)
(197 : 198)
(59 : 60)
(159 : 145)
(36 : 22)
(149 : 164)
(159 : 158)
(206 : 207)
(72 : 73)
(207 : 199)
(158 : 157)
(112 : 99)
(197 : 186)
(186 : 185)
(199 : 187)
(69 : 70)
(57 : 47)
(47 : 46)
(60 : 51)
(159 : 173)
(87 : 88)
(50 : 49)
(145 : 146)
(164 : 177)
(177 : 178)
(22 : 21)
(173 : 174)
(159 : 160)
(160 : 174)
(58 : 48)
(48 : 49)
(106 : 105)
(99 : 98)
(99 : 100)
(6 : 5)
(58 : 71)
(71 : 70)
(71 : 72)
(70 : 80)
(160 : 161)
(100 : 113)
(113 : 112)
(100 : 89)
(47 : 33)
(69 : 79)
(79 : 80)
(21 : 20)
(169 : 154)
(106 : 107)
(46 : 32)
(172 : 157)
(36 : 35)
(35 : 48)
(125 : 138)
(138 : 151)
(138 : 139)
(187 : 188)
(65 : 54)
(16 : 27)
(27 : 28)
(28 : 43)
(188 : 175)
(169 : 182)
(80 : 81)
(21 : 11)
(172 : 171)
(43 : 42)
(43 : 44)
(34 : 35)
(178 : 191)
(6 : 15)
(73 : 82)
(8 : 9)
(154 : 155)
(107 : 119)
(165 : 179)
(179 : 178)
(157 : 144)
(188 : 189)
(101 : 100)
(23 : 24)
(167 : 166)
(144 : 143)
(161 : 162)
(175 : 176)
(176 : 189)
(125 : 114)
(114 : 113)
(107 : 95)
(82 : 91)
(166 : 180)
(191 : 190)
(140 : 154)
(179 : 192)
(139 : 126)
(126 : 125)
(44 : 55)
(44 : 29)
(29 : 28)
(30 : 29)
(37 : 24)
(37 : 51)
(91 : 92)
(101 : 102)
(11 : 10)
(10 : 20)
(37 : 38)
(161 : 147)
(147 : 146)
(126 : 115)
(65 : 64)
(64 : 53)
(53 : 41)
(104 : 103)
(103 : 91)
(103 : 102)
(200 : 209)
(209 : 208)
(15 : 14)
(14 : 5)
(65 : 77)
(77 : 78)
(204 : 203)
(1 : 0)
(172 : 184)
(184 : 185)
(41 : 40)
(5 : 4)
(95 : 96)
(111 : 110)
(182 : 194)
(20 : 19)
(19 : 33)
(65 : 66)
(66 : 78)
(93 : 94)
(64 : 63)
(119 : 118)
(118 : 106)
(199 : 198)
(63 : 62)
(147 : 135)
(162 : 163)
(163 : 176)
(66 : 67)
(67 : 55)
(23 : 12)
(61 : 52)
(171 : 170)
(170 : 156)
(54 : 53)
(207 : 208)
(94 : 85)
(115 : 116)
(116 : 103)
(163 : 148)
(135 : 123)
(198 : 206)
(92 : 83)
(92 : 93)
(129 : 117)
(143 : 142)
(142 : 156)
(121 : 109)
(83 : 84)
(84 : 93)
(84 : 85)
(143 : 131)
(131 : 119)
(26 : 25)
(167 : 181)
(146 : 134)
(134 : 135)
(69 : 57)
(64 : 76)
(76 : 77)
(42 : 27)
(136 : 135)
(83 : 82)
(105 : 94)
(144 : 132)
(132 : 131)
(132 : 133)
(181 : 193)
(40 : 39)
(39 : 25)
(41 : 42)
(23 : 22)
(61 : 74)
(74 : 85)
(74 : 75)
(127 : 116)
(127 : 126)
(196 : 184)
(196 : 203)
(128 : 127)
(128 : 140)
(128 : 129)
(0 : 10)
(89 : 88)
(184 : 183)
(183 : 171)
(30 : 31)
(31 : 17)
(31 : 45)
(4 : 3)
(49 : 36)
(108 : 96)
(108 : 107)
(141 : 142)
(50 : 51)
(26 : 14)
(142 : 130)
(130 : 118)
(130 : 131)
(196 : 195)
(195 : 183)
(121 : 120)
(120 : 133)
(102 : 90)
(102 : 115)
(89 : 80)
(4 : 13)
(13 : 25)
(13 : 14)
(15 : 16)
(154 : 153)
(88 : 79)
(88 : 99)
(134 : 122)
(122 : 121)
(122 : 123)
(115 : 114)
(40 : 26)
(109 : 97)
(77 : 86)
(86 : 97)
(32 : 18)
(18 : 19)
(192 : 201)
(201 : 202)
(87 : 98)
(3 : 2)
(166 : 165)
(123 : 124)
(124 : 110)
(124 : 136)
