4250.0
9
20
253 386 108 317 168 247 326 320 175 170 259 236 494 22 390 112 61 433 503 30 
82.0 64.0 22.0 15.0 32.0 38.0 27.0 73.0 53.0 0.0 35.0 36.0 65.0 8.0 48.0 28.0 84.0 89.0 32.0 21.0 52.0 99.0 16.0 18.0 46.0 85.0 19.0 45.0 28.0 5.0 61.0 45.0 41.0 11.0 94.0 71.0 28.0 96.0 1.0 22.0 27.0 10.0 28.0 10.0 81.0 18.0 71.0 23.0 18.0 93.0 69.0 58.0 84.0 39.0 44.0 33.0 35.0 95.0 2.0 13.0 78.0 5.0 23.0 82.0 96.0 99.0 67.0 96.0 88.0 50.0 79.0 49.0 76.0 0.0 98.0 42.0 6.0 62.0 63.0 52.0 69.0 99.0 67.0 24.0 33.0 90.0 24.0 72.0 39.0 64.0 16.0 40.0 5.0 70.0 97.0 68.0 42.0 1.0 22.0 66.0 69.0 79.0 53.0 90.0 44.0 3.0 42.0 47.0 84.0 60.0 26.0 99.0 86.0 82.0 1.0 7.0 63.0 70.0 53.0 32.0 61.0 15.0 54.0 71.0 82.0 48.0 99.0 94.0 97.0 33.0 14.0 40.0 23.0 8.0 42.0 52.0 72.0 48.0 32.0 65.0 23.0 91.0 50.0 69.0 7.0 3.0 76.0 17.0 43.0 44.0 78.0 95.0 1.0 72.0 36.0 29.0 3.0 11.0 50.0 8.0 10.0 67.0 60.0 73.0 8.0 39.0 22.0 81.0 86.0 10.0 93.0 5.0 86.0 48.0 35.0 0.0 29.0 83.0 80.0 60.0 22.0 17.0 96.0 72.0 16.0 76.0 45.0 19.0 27.0 74.0 60.0 92.0 2.0 75.0 66.0 48.0 7.0 9.0 92.0 64.0 18.0 75.0 7.0 3.0 0.0 31.0 28.0 88.0 12.0 8.0 71.0 37.0 10.0 50.0 79.0 58.0 1.0 10.0 91.0 59.0 56.0 45.0 34.0 48.0 28.0 87.0 69.0 37.0 89.0 64.0 59.0 55.0 51.0 40.0 35.0 19.0 87.0 51.0 96.0 46.0 2.0 51.0 84.0 59.0 3.0 1.0 21.0 28.0 94.0 61.0 2.0 31.0 24.0 98.0 99.0 22.0 66.0 84.0 10.0 79.0 85.0 67.0 48.0 25.0 90.0 29.0 76.0 51.0 29.0 68.0 16.0 88.0 86.0 28.0 64.0 0.0 19.0 96.0 14.0 42.0 11.0 2.0 38.0 57.0 30.0 71.0 59.0 43.0 26.0 9.0 29.0 98.0 92.0 27.0 40.0 32.0 50.0 39.0 37.0 72.0 50.0 53.0 93.0 28.0 60.0 69.0 26.0 65.0 64.0 16.0 44.0 84.0 1.0 99.0 31.0 4.0 76.0 87.0 81.0 94.0 94.0 7.0 85.0 30.0 1.0 53.0 35.0 28.0 82.0 11.0 39.0 99.0 25.0 71.0 2.0 16.0 38.0 24.0 36.0 87.0 27.0 16.0 18.0 26.0 27.0 41.0 49.0 11.0 45.0 7.0 91.0 7.0 91.0 89.0 3.0 87.0 50.0 31.0 35.0 78.0 14.0 25.0 44.0 82.0 17.0 94.0 56.0 93.0 72.0 88.0 20.0 50.0 93.0 67.0 12.0 15.0 73.0 4.0 85.0 43.0 95.0 99.0 13.0 77.0 63.0 19.0 44.0 36.0 5.0 33.0 56.0 12.0 21.0 20.0 6.0 20.0 36.0 37.0 1.0 70.0 3.0 50.0 99.0 35.0 83.0 22.0 43.0 82.0 79.0 25.0 73.0 67.0 83.0 37.0 19.0 9.0 90.0 30.0 3.0 14.0 61.0 43.0 66.0 98.0 19.0 38.0 49.0 98.0 25.0 14.0 31.0 38.0 37.0 71.0 44.0 90.0 24.0 10.0 71.0 84.0 92.0 18.0 27.0 55.0 14.0 25.0 9.0 85.0 30.0 64.0 26.0 56.0 74.0 13.0 48.0 44.0 83.0 93.0 67.0 59.0 66.0 31.0 32.0 95.0 48.0 85.0 64.0 28.0 37.0 50.0 20.0 62.0 51.0 99.0 4.0 14.0 9.0 45.0 21.0 59.0 79.0 29.0 58.0 58.0 11.0 41.0 81.0 24.0 94.0 71.0 55.0 87.0 20.0 89.0 46.0 3.0 0.0 27.0 9.0 51.0 
(317 : 318)
(236 : 237)
(326 : 301)
(494 : 495)
(301 : 300)
(259 : 258)
(326 : 325)
(29 : 14)
(300 : 276)
(22 : 23)
(300 : 299)
(258 : 257)
(299 : 275)
(317 : 316)
(61 : 60)
(259 : 232)
(320 : 319)
(319 : 318)
(325 : 346)
(325 : 324)
(324 : 299)
(317 : 292)
(276 : 249)
(258 : 283)
(170 : 169)
(494 : 476)
(324 : 323)
(258 : 231)
(433 : 432)
(170 : 148)
(433 : 415)
(236 : 209)
(316 : 291)
(168 : 145)
(169 : 147)
(319 : 340)
(175 : 176)
(259 : 260)
(247 : 246)
(346 : 347)
(275 : 274)
(274 : 247)
(386 : 387)
(168 : 167)
(317 : 338)
(495 : 477)
(477 : 476)
(291 : 290)
(176 : 154)
(60 : 46)
(154 : 131)
(237 : 210)
(494 : 493)
(387 : 405)
(340 : 339)
(339 : 318)
(339 : 338)
(29 : 28)
(307 : 308)
(308 : 332)
(318 : 293)
(325 : 300)
(236 : 235)
(503 : 504)
(415 : 394)
(30 : 42)
(339 : 360)
(292 : 268)
(30 : 16)
(284 : 260)
(316 : 315)
(290 : 267)
(167 : 144)
(144 : 145)
(301 : 277)
(299 : 298)
(298 : 323)
(108 : 107)
(209 : 208)
(274 : 273)
(235 : 234)
(170 : 193)
(290 : 289)
(15 : 14)
(394 : 395)
(208 : 207)
(267 : 240)
(253 : 226)
(237 : 264)
(273 : 272)
(207 : 182)
(503 : 502)
(176 : 200)
(307 : 331)
(331 : 332)
(277 : 250)
(502 : 484)
(246 : 220)
(16 : 3)
(320 : 295)
(169 : 192)
(108 : 92)
(332 : 352)
(42 : 43)
(30 : 31)
(147 : 146)
(42 : 41)
(495 : 509)
(46 : 45)
(308 : 284)
(459 : 458)
(277 : 278)
(154 : 153)
(340 : 361)
(275 : 248)
(248 : 247)
(248 : 249)
(240 : 213)
(175 : 174)
(210 : 185)
(42 : 55)
(293 : 269)
(269 : 268)
(458 : 457)
(43 : 56)
(56 : 55)
(182 : 183)
(183 : 208)
(153 : 130)
(209 : 184)
(167 : 166)
(360 : 359)
(275 : 276)
(269 : 243)
(493 : 475)
(213 : 212)
(405 : 404)
(268 : 242)
(242 : 243)
(61 : 62)
(495 : 496)
(359 : 358)
(264 : 263)
(496 : 497)
(14 : 13)
(23 : 24)
(338 : 337)
(337 : 358)
(210 : 211)
(211 : 212)
(278 : 251)
(191 : 190)
(331 : 330)
(240 : 239)
(405 : 426)
(243 : 216)
(216 : 191)
(247 : 221)
(221 : 220)
(509 : 508)
(41 : 40)
(40 : 29)
(298 : 297)
(338 : 359)
(457 : 439)
(182 : 160)
(297 : 322)
(322 : 323)
(257 : 230)
(230 : 231)
(41 : 54)
(331 : 351)
(274 : 298)
(260 : 233)
(337 : 336)
(324 : 345)
(345 : 346)
(316 : 337)
(216 : 215)
(215 : 190)
(215 : 242)
(112 : 113)
(207 : 234)
(395 : 416)
(416 : 415)
(144 : 143)
(143 : 166)
(240 : 241)
(351 : 350)
(183 : 161)
(297 : 296)
(296 : 272)
(497 : 479)
(154 : 155)
(484 : 483)
(340 : 341)
(341 : 320)
(143 : 142)
(193 : 218)
(504 : 505)
(193 : 194)
(183 : 184)
(257 : 256)
(148 : 125)
(509 : 510)
(415 : 414)
(484 : 466)
(277 : 276)
(497 : 511)
(218 : 217)
(217 : 216)
(386 : 367)
(367 : 347)
(483 : 465)
(465 : 466)
(465 : 448)
(414 : 393)
(55 : 68)
(272 : 245)
(323 : 344)
(326 : 327)
(43 : 44)
(146 : 123)
(211 : 238)
(238 : 237)
(238 : 239)
(174 : 173)
(359 : 380)
(459 : 441)
(185 : 163)
(448 : 429)
(502 : 501)
(194 : 171)
(171 : 170)
(508 : 507)
(60 : 59)
(426 : 427)
(113 : 136)
(251 : 224)
(224 : 200)
(404 : 403)
(393 : 376)
(28 : 39)
(376 : 355)
(231 : 204)
(496 : 478)
(478 : 479)
(241 : 214)
(214 : 215)
(326 : 347)
(511 : 512)
(112 : 93)
(232 : 205)
(358 : 357)
(204 : 179)
(221 : 196)
(290 : 315)
(226 : 225)
(225 : 224)
(502 : 516)
(185 : 186)
(301 : 302)
(302 : 327)
(341 : 342)
(267 : 266)
(142 : 141)
(465 : 464)
(145 : 122)
(251 : 252)
(252 : 253)
(23 : 35)
(386 : 385)
(327 : 328)
(68 : 67)
(352 : 373)
(266 : 265)
(315 : 314)
(153 : 152)
(357 : 378)
(163 : 140)
(112 : 135)
(135 : 136)
(22 : 21)
(439 : 438)
(373 : 372)
(372 : 351)
(372 : 390)
(341 : 362)
(107 : 106)
(483 : 482)
(360 : 381)
(466 : 449)
(449 : 448)
(319 : 294)
(403 : 424)
(234 : 261)
(344 : 343)
(250 : 223)
(54 : 53)
(56 : 57)
(57 : 44)
(483 : 501)
(504 : 518)
(22 : 8)
(426 : 425)
(266 : 239)
(266 : 289)
(295 : 271)
(302 : 303)
(303 : 328)
(53 : 66)
(125 : 104)
(327 : 348)
(346 : 366)
(192 : 193)
(403 : 402)
(175 : 199)
(199 : 223)
(497 : 498)
(161 : 162)
(162 : 184)
(261 : 262)
(262 : 263)
(271 : 244)
(244 : 245)
(161 : 138)
(362 : 382)
(233 : 206)
(206 : 205)
(484 : 485)
(485 : 503)
(148 : 149)
(448 : 447)
(447 : 464)
(478 : 460)
(143 : 120)
(62 : 74)
(296 : 321)
(285 : 262)
(249 : 222)
(222 : 223)
(199 : 198)
(198 : 174)
(198 : 222)
(179 : 180)
(180 : 205)
(387 : 368)
(218 : 219)
(219 : 245)
(219 : 220)
(62 : 63)
(246 : 273)
(168 : 190)
(146 : 145)
(376 : 377)
(377 : 378)
(429 : 408)
(59 : 58)
(479 : 461)
(144 : 121)
(121 : 122)
(239 : 212)
(238 : 265)
(362 : 363)
(380 : 379)
(447 : 428)
(342 : 321)
(342 : 343)
(190 : 189)
(433 : 434)
(434 : 416)
(408 : 389)
(17 : 5)
(485 : 486)
(382 : 398)
(200 : 201)
(211 : 186)
(307 : 306)
(256 : 255)
(210 : 209)
(206 : 181)
(142 : 165)
(165 : 166)
(136 : 159)
(106 : 91)
(131 : 109)
(282 : 256)
(498 : 480)
(480 : 479)
(43 : 31)
(478 : 477)
(141 : 118)
(432 : 452)
(438 : 437)
(297 : 273)
(345 : 365)
(185 : 184)
(23 : 9)
(9 : 8)
(181 : 159)
(516 : 517)
(414 : 413)
(196 : 172)
(107 : 129)
(129 : 130)
(15 : 2)
(113 : 94)
(5 : 6)
(309 : 333)
(231 : 232)
(321 : 320)
(59 : 71)
(505 : 487)
(373 : 391)
(501 : 500)
(500 : 482)
(142 : 119)
(119 : 118)
(135 : 134)
(226 : 227)
(57 : 70)
(198 : 197)
(197 : 173)
(9 : 10)
(233 : 232)
(134 : 111)
(111 : 112)
(466 : 467)
(434 : 454)
(28 : 27)
(350 : 349)
(367 : 368)
(223 : 224)
(196 : 195)
(195 : 220)
(408 : 407)
(28 : 13)
(160 : 137)
(137 : 138)
(441 : 421)
(137 : 114)
(173 : 151)
(151 : 152)
(165 : 164)
(164 : 163)
(452 : 453)
(453 : 454)
(480 : 462)
(453 : 471)
(358 : 379)
(302 : 278)
(174 : 152)
(135 : 158)
(158 : 159)
(391 : 412)
(60 : 72)
(72 : 71)
(74 : 75)
(75 : 63)
(118 : 97)
(5 : 4)
(253 : 254)
(254 : 227)
(449 : 450)
(450 : 467)
(134 : 133)
(162 : 139)
(139 : 138)
(139 : 140)
(139 : 116)
(72 : 85)
(378 : 395)
(22 : 34)
(34 : 35)
(149 : 126)
(227 : 228)
(228 : 255)
(252 : 279)
(279 : 278)
(475 : 474)
(474 : 458)
(425 : 444)
(10 : 0)
(386 : 404)
(376 : 375)
(91 : 76)
(486 : 468)
(468 : 467)
(352 : 351)
(147 : 124)
(24 : 36)
(141 : 140)
(256 : 229)
(229 : 228)
(229 : 230)
(454 : 455)
(53 : 52)
(289 : 288)
(288 : 265)
(176 : 177)
(74 : 73)
(73 : 72)
(92 : 77)
(343 : 364)
(120 : 99)
(73 : 86)
(282 : 281)
(281 : 255)
(429 : 430)
(430 : 449)
(468 : 451)
(487 : 469)
(482 : 481)
(309 : 310)
(310 : 285)
(330 : 329)
(329 : 349)
(454 : 472)
(129 : 128)
(128 : 106)
(390 : 411)
(36 : 49)
(512 : 513)
(494 : 508)
(493 : 492)
(68 : 79)
(336 : 335)
(138 : 115)
(148 : 147)
(375 : 374)
(361 : 360)
(361 : 362)
(158 : 157)
(173 : 172)
(166 : 188)
(188 : 213)
(188 : 187)
(187 : 186)
(187 : 212)
(149 : 150)
(263 : 286)
(286 : 285)
(367 : 366)
(397 : 419)
(366 : 365)
(424 : 423)
(378 : 379)
(487 : 488)
(164 : 186)
(253 : 280)
(389 : 370)
(372 : 371)
(6 : 7)
(493 : 507)
(17 : 18)
(321 : 322)
(63 : 64)
(120 : 121)
(468 : 469)
(271 : 270)
(24 : 25)
(36 : 37)
(128 : 127)
(368 : 369)
(71 : 84)
(84 : 85)
(347 : 348)
(115 : 95)
(425 : 404)
(425 : 424)
(104 : 103)
(37 : 38)
(462 : 445)
(445 : 444)
(447 : 446)
(446 : 427)
(56 : 69)
(70 : 81)
(3 : 2)
(3 : 4)
(10 : 11)
(11 : 25)
(282 : 304)
(54 : 55)
(228 : 203)
(18 : 32)
(461 : 444)
(52 : 51)
(398 : 399)
(179 : 178)
(37 : 50)
(393 : 392)
(392 : 375)
(457 : 456)
(487 : 486)
(306 : 305)
(305 : 304)
(405 : 406)
(406 : 427)
(119 : 98)
(98 : 99)
(414 : 432)
(155 : 156)
(406 : 388)
(388 : 369)
(438 : 456)
(460 : 443)
(443 : 424)
(443 : 444)
(471 : 490)
(7 : 19)
(19 : 18)
(67 : 78)
(78 : 79)
(75 : 88)
(160 : 161)
(133 : 110)
(196 : 197)
(402 : 401)
(333 : 353)
(108 : 130)
(108 : 109)
(155 : 132)
(132 : 131)
(38 : 26)
(26 : 27)
(122 : 101)
(289 : 314)
(467 : 485)
(226 : 202)
(49 : 48)
(48 : 35)
(126 : 105)
(105 : 104)
(85 : 86)
(97 : 96)
(262 : 235)
(513 : 514)
(314 : 313)
(313 : 288)
(121 : 100)
(100 : 101)
(441 : 440)
(440 : 439)
(123 : 102)
(474 : 473)
(473 : 457)
(40 : 39)
(40 : 53)
(438 : 419)
(399 : 383)
(383 : 363)
(306 : 283)
(306 : 330)
(128 : 151)
(411 : 410)
(492 : 491)
(491 : 473)
(446 : 463)
(463 : 481)
(463 : 464)
(264 : 287)
(236 : 263)
(118 : 117)
(428 : 429)
(510 : 496)
(510 : 511)
(27 : 12)
(419 : 418)
(264 : 265)
(474 : 492)
(199 : 200)
(88 : 87)
(87 : 74)
(87 : 86)
(310 : 334)
(334 : 333)
(401 : 384)
(440 : 420)
(420 : 421)
(412 : 431)
(100 : 88)
(100 : 99)
(235 : 208)
(125 : 124)
(513 : 499)
(45 : 33)
(342 : 363)
(97 : 98)
(2 : 1)
(66 : 65)
(48 : 47)
(103 : 89)
(421 : 400)
(400 : 399)
(400 : 401)
(368 : 348)
(272 : 271)
(488 : 470)
(470 : 469)
(67 : 54)
(67 : 66)
(84 : 83)
(437 : 436)
(488 : 489)
(428 : 407)
(428 : 427)
(423 : 422)
(377 : 356)
(356 : 355)
(380 : 396)
(418 : 417)
(417 : 396)
(417 : 436)
(408 : 409)
(409 : 430)
(104 : 90)
(90 : 89)
(286 : 311)
(311 : 310)
(86 : 98)
(287 : 312)
(312 : 311)
(312 : 313)
(163 : 162)
(441 : 442)
(442 : 422)
(353 : 354)
(354 : 334)
(505 : 519)
(519 : 518)
(501 : 515)
(515 : 514)
(515 : 516)
(21 : 20)
(459 : 475)
(492 : 506)
(506 : 507)
(69 : 80)
(80 : 79)
(80 : 81)
(455 : 435)
(435 : 434)
(435 : 436)
(93 : 82)
(82 : 81)
