1632.0
4
10
69 103 21 79 37 65 85 81 43 39 
71.0 47.0 8.0 14.0 0.0 97.0 0.0 67.0 64.0 88.0 77.0 56.0 14.0 98.0 12.0 40.0 2.0 28.0 93.0 57.0 31.0 8.0 79.0 44.0 88.0 44.0 36.0 35.0 48.0 20.0 92.0 30.0 65.0 76.0 2.0 41.0 31.0 69.0 43.0 44.0 40.0 59.0 90.0 6.0 87.0 85.0 37.0 18.0 40.0 56.0 41.0 17.0 5.0 46.0 65.0 4.0 5.0 66.0 82.0 26.0 33.0 75.0 86.0 32.0 51.0 31.0 23.0 55.0 97.0 68.0 17.0 93.0 78.0 83.0 31.0 55.0 89.0 39.0 15.0 2.0 96.0 77.0 62.0 20.0 61.0 32.0 96.0 71.0 79.0 34.0 28.0 79.0 4.0 29.0 40.0 99.0 5.0 65.0 31.0 4.0 
(43 : 44)
(39 : 40)
(21 : 22)
(44 : 45)
(39 : 38)
(37 : 27)
(44 : 56)
(21 : 20)
(45 : 46)
(56 : 57)
(37 : 36)
(85 : 86)
(86 : 95)
(27 : 28)
(28 : 38)
(81 : 73)
(57 : 58)
(58 : 46)
(73 : 74)
(74 : 64)
(39 : 29)
(29 : 28)
(46 : 35)
(43 : 42)
(42 : 31)
(69 : 70)
(38 : 50)
(40 : 30)
(95 : 96)
(22 : 33)
(20 : 10)
(73 : 72)
(40 : 41)
(70 : 78)
(56 : 55)
(42 : 54)
(54 : 55)
(40 : 52)
(36 : 26)
(33 : 32)
(32 : 43)
(30 : 18)
(35 : 34)
(34 : 33)
(94 : 93)
(74 : 82)
(18 : 8)
(29 : 17)
(17 : 18)
(78 : 77)
(77 : 69)
(74 : 75)
(17 : 7)
(7 : 8)
(86 : 76)
(64 : 63)
(77 : 87)
(20 : 19)
(19 : 18)
(54 : 53)
(17 : 16)
(21 : 11)
(19 : 9)
(9 : 10)
(65 : 66)
(26 : 25)
(56 : 68)
(68 : 76)
(10 : 2)
(50 : 51)
(51 : 52)
(22 : 23)
(23 : 34)
(95 : 104)
(67 : 68)
(72 : 71)
(71 : 79)
(93 : 100)
(50 : 62)
(62 : 72)
(27 : 15)
(15 : 16)
(94 : 83)
(83 : 82)
(83 : 84)
(26 : 14)
(62 : 61)
(61 : 71)
(37 : 49)
(35 : 24)
(16 : 6)
(93 : 92)
(92 : 81)
(7 : 0)
(94 : 101)
(101 : 100)
(81 : 80)
(80 : 72)
(80 : 91)
(91 : 92)
(2 : 1)
(91 : 90)
(101 : 107)
(36 : 48)
(11 : 3)
(3 : 2)
(61 : 60)
(23 : 12)
(90 : 97)
(15 : 5)
(5 : 6)
(60 : 59)
(64 : 52)
(64 : 65)
(29 : 30)
(90 : 89)
(85 : 84)
(79 : 90)
(4 : 3)
(12 : 13)
(13 : 24)
(34 : 45)
(80 : 79)
(55 : 43)
(55 : 67)
(21 : 32)
(97 : 98)
(98 : 91)
(48 : 47)
(47 : 59)
(104 : 105)
(105 : 96)
(105 : 106)
(38 : 37)
(88 : 89)
(102 : 101)
(102 : 103)
(103 : 108)
(51 : 39)
(51 : 63)
(103 : 104)
(10 : 11)
(108 : 109)
(109 : 104)
(23 : 24)
(52 : 53)
(92 : 99)
(99 : 98)
(99 : 100)
(76 : 77)
