9363.0
9
10
272 496 27 393 131 261 407 399 146 137 
46.0 63.0 15.0 52.0 23.0 6.0 53.0 33.0 42.0 26.0 99.0 95.0 91.0 57.0 51.0 7.0 30.0 30.0 8.0 25.0 71.0 3.0 83.0 88.0 56.0 24.0 57.0 9.0 53.0 47.0 63.0 86.0 51.0 86.0 33.0 6.0 18.0 78.0 62.0 23.0 56.0 86.0 12.0 96.0 85.0 49.0 49.0 36.0 38.0 0.0 93.0 41.0 26.0 65.0 53.0 17.0 40.0 25.0 59.0 99.0 71.0 1.0 11.0 79.0 42.0 83.0 45.0 69.0 25.0 83.0 48.0 70.0 33.0 9.0 67.0 42.0 86.0 24.0 18.0 90.0 35.0 60.0 61.0 76.0 26.0 71.0 84.0 83.0 12.0 5.0 15.0 27.0 75.0 18.0 31.0 0.0 49.0 56.0 7.0 99.0 29.0 2.0 38.0 54.0 12.0 72.0 75.0 2.0 55.0 59.0 35.0 34.0 97.0 43.0 86.0 23.0 83.0 31.0 55.0 19.0 35.0 27.0 81.0 51.0 93.0 47.0 20.0 31.0 30.0 6.0 1.0 20.0 44.0 9.0 50.0 11.0 18.0 70.0 44.0 49.0 4.0 61.0 71.0 99.0 88.0 71.0 84.0 93.0 76.0 31.0 50.0 73.0 15.0 81.0 62.0 47.0 27.0 58.0 15.0 50.0 74.0 51.0 44.0 57.0 63.0 59.0 5.0 81.0 45.0 68.0 71.0 23.0 22.0 84.0 71.0 72.0 31.0 47.0 85.0 19.0 57.0 75.0 34.0 26.0 44.0 1.0 83.0 49.0 44.0 26.0 50.0 82.0 37.0 78.0 35.0 7.0 34.0 2.0 54.0 99.0 80.0 80.0 75.0 37.0 35.0 74.0 73.0 11.0 5.0 61.0 46.0 87.0 92.0 66.0 37.0 42.0 84.0 3.0 64.0 3.0 97.0 34.0 28.0 75.0 1.0 13.0 16.0 32.0 55.0 19.0 41.0 99.0 35.0 67.0 31.0 98.0 83.0 37.0 46.0 79.0 65.0 21.0 71.0 87.0 19.0 3.0 82.0 32.0 65.0 55.0 33.0 61.0 66.0 8.0 22.0 0.0 55.0 15.0 70.0 73.0 1.0 83.0 78.0 44.0 16.0 72.0 56.0 51.0 27.0 31.0 49.0 12.0 88.0 18.0 71.0 95.0 36.0 7.0 25.0 54.0 15.0 62.0 65.0 85.0 24.0 70.0 0.0 81.0 6.0 0.0 28.0 92.0 72.0 48.0 55.0 89.0 10.0 69.0 95.0 59.0 77.0 87.0 21.0 7.0 42.0 6.0 38.0 79.0 13.0 68.0 24.0 29.0 11.0 84.0 34.0 85.0 33.0 19.0 76.0 41.0 10.0 87.0 19.0 41.0 65.0 61.0 74.0 60.0 0.0 38.0 50.0 96.0 51.0 51.0 96.0 36.0 87.0 10.0 50.0 23.0 26.0 23.0 35.0 89.0 52.0 76.0 6.0 80.0 60.0 40.0 87.0 84.0 31.0 69.0 30.0 54.0 78.0 98.0 99.0 62.0 8.0 75.0 25.0 72.0 49.0 51.0 39.0 83.0 87.0 67.0 2.0 86.0 22.0 53.0 30.0 46.0 70.0 53.0 42.0 83.0 18.0 31.0 92.0 91.0 25.0 11.0 0.0 61.0 26.0 28.0 47.0 12.0 53.0 14.0 99.0 81.0 65.0 95.0 8.0 9.0 66.0 75.0 57.0 82.0 3.0 11.0 44.0 85.0 47.0 82.0 37.0 12.0 38.0 60.0 96.0 51.0 48.0 71.0 35.0 31.0 0.0 98.0 87.0 95.0 46.0 80.0 24.0 74.0 14.0 83.0 44.0 42.0 72.0 87.0 24.0 79.0 36.0 68.0 39.0 88.0 76.0 94.0 80.0 27.0 56.0 49.0 3.0 7.0 89.0 44.0 50.0 42.0 31.0 46.0 73.0 49.0 2.0 72.0 44.0 58.0 86.0 58.0 82.0 86.0 73.0 12.0 64.0 35.0 93.0 89.0 3.0 76.0 30.0 27.0 35.0 86.0 37.0 75.0 91.0 37.0 28.0 39.0 35.0 69.0 96.0 42.0 6.0 71.0 81.0 60.0 49.0 18.0 27.0 67.0 93.0 68.0 82.0 53.0 18.0 46.0 
(496 : 485)
(485 : 474)
(399 : 398)
(398 : 377)
(399 : 378)
(378 : 377)
(474 : 475)
(496 : 495)
(27 : 13)
(27 : 26)
(398 : 419)
(398 : 397)
(397 : 376)
(376 : 377)
(474 : 463)
(27 : 43)
(407 : 406)
(272 : 273)
(137 : 115)
(407 : 386)
(496 : 497)
(463 : 464)
(377 : 352)
(463 : 462)
(475 : 486)
(486 : 485)
(486 : 497)
(137 : 136)
(261 : 262)
(352 : 353)
(353 : 378)
(137 : 138)
(407 : 408)
(497 : 506)
(262 : 244)
(244 : 229)
(353 : 329)
(131 : 109)
(131 : 130)
(496 : 505)
(146 : 124)
(244 : 245)
(495 : 484)
(138 : 159)
(397 : 396)
(138 : 139)
(43 : 42)
(131 : 132)
(464 : 448)
(273 : 298)
(109 : 110)
(378 : 379)
(42 : 41)
(486 : 487)
(463 : 447)
(406 : 405)
(329 : 303)
(124 : 102)
(497 : 498)
(475 : 476)
(42 : 59)
(303 : 279)
(447 : 427)
(427 : 407)
(448 : 449)
(136 : 135)
(132 : 133)
(272 : 271)
(353 : 354)
(329 : 328)
(328 : 352)
(59 : 60)
(449 : 429)
(41 : 25)
(138 : 116)
(245 : 263)
(263 : 262)
(396 : 375)
(375 : 376)
(487 : 488)
(261 : 243)
(427 : 426)
(60 : 80)
(303 : 302)
(261 : 260)
(262 : 286)
(159 : 160)
(464 : 465)
(447 : 446)
(124 : 125)
(229 : 228)
(109 : 88)
(88 : 87)
(80 : 81)
(263 : 264)
(261 : 285)
(285 : 286)
(449 : 450)
(406 : 385)
(385 : 386)
(375 : 374)
(80 : 79)
(474 : 473)
(473 : 484)
(228 : 210)
(273 : 252)
(228 : 227)
(136 : 157)
(386 : 365)
(505 : 504)
(504 : 495)
(116 : 95)
(252 : 251)
(251 : 272)
(396 : 395)
(27 : 28)
(427 : 428)
(428 : 429)
(95 : 96)
(227 : 226)
(263 : 287)
(287 : 286)
(28 : 14)
(14 : 13)
(506 : 507)
(507 : 498)
(137 : 158)
(396 : 417)
(352 : 351)
(124 : 123)
(408 : 387)
(387 : 386)
(264 : 246)
(507 : 508)
(397 : 418)
(375 : 350)
(132 : 153)
(87 : 86)
(286 : 310)
(446 : 445)
(159 : 182)
(43 : 44)
(59 : 58)
(135 : 113)
(226 : 225)
(271 : 250)
(250 : 251)
(96 : 117)
(44 : 45)
(117 : 118)
(139 : 140)
(227 : 242)
(242 : 260)
(488 : 477)
(95 : 73)
(285 : 284)
(242 : 241)
(241 : 226)
(133 : 154)
(154 : 153)
(109 : 108)
(226 : 208)
(135 : 134)
(419 : 438)
(182 : 183)
(131 : 152)
(87 : 67)
(210 : 209)
(209 : 208)
(209 : 227)
(81 : 82)
(160 : 161)
(438 : 439)
(310 : 311)
(311 : 287)
(488 : 489)
(302 : 301)
(26 : 12)
(12 : 13)
(354 : 330)
(311 : 337)
(102 : 101)
(101 : 79)
(488 : 499)
(44 : 61)
(61 : 81)
(272 : 297)
(210 : 211)
(211 : 229)
(101 : 100)
(462 : 461)
(461 : 445)
(354 : 355)
(125 : 103)
(103 : 81)
(461 : 460)
(152 : 151)
(133 : 111)
(252 : 235)
(118 : 119)
(473 : 472)
(355 : 331)
(12 : 11)
(445 : 444)
(311 : 312)
(82 : 104)
(104 : 103)
(28 : 29)
(151 : 150)
(393 : 372)
(146 : 145)
(145 : 123)
(372 : 371)
(146 : 168)
(303 : 304)
(304 : 330)
(113 : 92)
(151 : 174)
(504 : 503)
(241 : 240)
(310 : 336)
(130 : 129)
(168 : 169)
(104 : 105)
(129 : 107)
(107 : 86)
(229 : 230)
(230 : 245)
(439 : 420)
(420 : 399)
(287 : 288)
(288 : 312)
(86 : 66)
(66 : 67)
(235 : 218)
(210 : 187)
(251 : 234)
(118 : 97)
(97 : 96)
(13 : 2)
(393 : 392)
(392 : 371)
(503 : 494)
(494 : 495)
(429 : 409)
(14 : 3)
(3 : 2)
(264 : 265)
(365 : 341)
(157 : 180)
(113 : 112)
(112 : 134)
(125 : 147)
(147 : 169)
(112 : 91)
(91 : 92)
(180 : 179)
(168 : 167)
(97 : 75)
(218 : 217)
(217 : 234)
(445 : 425)
(450 : 430)
(430 : 429)
(341 : 342)
(484 : 483)
(147 : 148)
(79 : 78)
(78 : 100)
(41 : 40)
(179 : 178)
(302 : 278)
(218 : 197)
(372 : 347)
(3 : 4)
(240 : 258)
(95 : 94)
(94 : 115)
(58 : 57)
(425 : 424)
(424 : 444)
(331 : 305)
(305 : 304)
(444 : 443)
(157 : 156)
(156 : 179)
(365 : 364)
(230 : 212)
(212 : 211)
(208 : 185)
(66 : 47)
(304 : 280)
(280 : 279)
(150 : 173)
(371 : 346)
(346 : 347)
(417 : 416)
(416 : 395)
(355 : 356)
(280 : 256)
(284 : 283)
(174 : 199)
(113 : 114)
(472 : 471)
(471 : 460)
(430 : 410)
(494 : 493)
(439 : 440)
(158 : 181)
(371 : 370)
(161 : 162)
(162 : 185)
(75 : 54)
(374 : 373)
(373 : 372)
(230 : 231)
(231 : 246)
(73 : 52)
(140 : 141)
(141 : 162)
(503 : 502)
(234 : 233)
(61 : 62)
(62 : 45)
(212 : 213)
(443 : 442)
(312 : 313)
(105 : 83)
(370 : 345)
(279 : 255)
(255 : 256)
(483 : 482)
(301 : 277)
(277 : 278)
(450 : 466)
(466 : 465)
(356 : 332)
(332 : 331)
(305 : 281)
(271 : 270)
(52 : 51)
(277 : 276)
(148 : 170)
(73 : 74)
(74 : 96)
(74 : 75)
(181 : 204)
(392 : 391)
(52 : 33)
(246 : 247)
(284 : 308)
(134 : 155)
(155 : 154)
(155 : 156)
(356 : 357)
(410 : 389)
(313 : 314)
(208 : 207)
(207 : 225)
(482 : 481)
(260 : 259)
(259 : 241)
(259 : 258)
(337 : 338)
(4 : 15)
(15 : 29)
(345 : 321)
(52 : 53)
(466 : 467)
(420 : 421)
(182 : 205)
(205 : 204)
(467 : 451)
(111 : 90)
(183 : 184)
(62 : 63)
(63 : 83)
(297 : 296)
(393 : 414)
(356 : 381)
(410 : 411)
(387 : 366)
(366 : 342)
(342 : 343)
(281 : 257)
(257 : 256)
(257 : 258)
(123 : 122)
(122 : 100)
(183 : 206)
(206 : 207)
(178 : 177)
(414 : 413)
(332 : 306)
(373 : 394)
(336 : 335)
(342 : 316)
(57 : 77)
(77 : 78)
(288 : 289)
(289 : 265)
(257 : 239)
(239 : 240)
(481 : 470)
(174 : 175)
(351 : 327)
(327 : 328)
(153 : 176)
(308 : 307)
(307 : 306)
(168 : 190)
(239 : 238)
(209 : 186)
(443 : 423)
(125 : 126)
(126 : 104)
(373 : 348)
(379 : 400)
(440 : 441)
(343 : 367)
(367 : 366)
(337 : 361)
(389 : 388)
(388 : 387)
(306 : 282)
(282 : 258)
(206 : 224)
(224 : 239)
(224 : 225)
(90 : 68)
(430 : 431)
(431 : 411)
(374 : 349)
(349 : 348)
(364 : 340)
(340 : 314)
(340 : 341)
(180 : 203)
(443 : 459)
(459 : 470)
(204 : 222)
(250 : 249)
(203 : 221)
(173 : 198)
(4 : 5)
(417 : 437)
(238 : 223)
(223 : 222)
(357 : 333)
(431 : 432)
(73 : 72)
(186 : 163)
(126 : 127)
(127 : 105)
(502 : 501)
(179 : 202)
(5 : 6)
(176 : 201)
(169 : 191)
(191 : 190)
(33 : 34)
(34 : 53)
(83 : 84)
(68 : 49)
(440 : 457)
(285 : 309)
(309 : 308)
(308 : 334)
(334 : 333)
(400 : 401)
(439 : 456)
(456 : 457)
(314 : 290)
(389 : 368)
(54 : 35)
(15 : 16)
(16 : 5)
(296 : 295)
(170 : 192)
(349 : 325)
(381 : 382)
(213 : 189)
(414 : 435)
(346 : 322)
(45 : 46)
(110 : 89)
(89 : 88)
(199 : 219)
(270 : 269)
(51 : 32)
(32 : 33)
(368 : 344)
(508 : 509)
(40 : 39)
(77 : 76)
(467 : 478)
(478 : 477)
(478 : 489)
(467 : 468)
(321 : 299)
(40 : 24)
(24 : 25)
(298 : 320)
(335 : 359)
(197 : 196)
(196 : 217)
(32 : 19)
(278 : 254)
(254 : 255)
(489 : 490)
(490 : 479)
(479 : 468)
(479 : 478)
(114 : 93)
(93 : 94)
(341 : 315)
(315 : 316)
(336 : 360)
(360 : 359)
(57 : 56)
(148 : 149)
(277 : 253)
(63 : 64)
(64 : 84)
(468 : 452)
(357 : 358)
(196 : 195)
(265 : 266)
(221 : 220)
(220 : 202)
(413 : 434)
(434 : 435)
(290 : 291)
(316 : 292)
(292 : 291)
(141 : 142)
(142 : 163)
(291 : 267)
(267 : 266)
(100 : 99)
(99 : 77)
(199 : 200)
(200 : 175)
(344 : 317)
(368 : 369)
(434 : 433)
(24 : 10)
(33 : 20)
(46 : 30)
(456 : 455)
(455 : 438)
(195 : 194)
(369 : 390)
(255 : 237)
(237 : 222)
(51 : 50)
(39 : 38)
(296 : 318)
(394 : 415)
(415 : 414)
(470 : 469)
(119 : 98)
(292 : 268)
(481 : 480)
(480 : 469)
(167 : 166)
(92 : 70)
(195 : 216)
(216 : 217)
(338 : 362)
(327 : 326)
(326 : 325)
(326 : 350)
(142 : 143)
(84 : 106)
(106 : 105)
(326 : 300)
(300 : 301)
(493 : 492)
(492 : 501)
(20 : 7)
(347 : 323)
(323 : 322)
(68 : 69)
(69 : 91)
(254 : 236)
(106 : 128)
(128 : 127)
(423 : 403)
(340 : 339)
(339 : 338)
(434 : 453)
(385 : 384)
(423 : 422)
(422 : 442)
(166 : 144)
(144 : 122)
(212 : 188)
(93 : 71)
(71 : 50)
(71 : 70)
(71 : 72)
(247 : 232)
(232 : 231)
(432 : 412)
(412 : 411)
(84 : 85)
(49 : 31)
(299 : 274)
(192 : 193)
(492 : 491)
(491 : 480)
(501 : 500)
(500 : 491)
(143 : 164)
(416 : 436)
(35 : 36)
(19 : 18)
(295 : 294)
(35 : 22)
(24 : 23)
(23 : 39)
(348 : 324)
(190 : 214)
(382 : 402)
(405 : 404)
(6 : 17)
(64 : 65)
(34 : 21)
(188 : 165)
(401 : 380)
(380 : 355)
(380 : 379)
(268 : 248)
(38 : 37)
(469 : 458)
(458 : 442)
(458 : 459)
(119 : 120)
(11 : 0)
(320 : 319)
(319 : 318)
(294 : 293)
(293 : 292)
(362 : 363)
(363 : 339)
(276 : 275)
(436 : 454)
(10 : 9)
(9 : 23)
(194 : 172)
(122 : 121)
(49 : 48)
(12 : 1)
(1 : 0)
(359 : 383)
(191 : 215)
(7 : 8)
(54 : 55)
(172 : 171)
(171 : 149)
(171 : 170)
(171 : 193)
