1840.0
5
10
54 99 7 70 24 50 76 72 30 26 
75.0 62.0 76.0 75.0 27.0 94.0 28.0 4.0 70.0 62.0 79.0 98.0 16.0 92.0 79.0 14.0 47.0 9.0 84.0 0.0 74.0 71.0 7.0 65.0 80.0 90.0 89.0 24.0 41.0 13.0 87.0 17.0 45.0 55.0 97.0 40.0 56.0 28.0 5.0 43.0 99.0 86.0 98.0 94.0 48.0 48.0 51.0 88.0 78.0 13.0 26.0 18.0 82.0 15.0 79.0 89.0 57.0 81.0 58.0 48.0 41.0 95.0 64.0 91.0 12.0 50.0 39.0 50.0 75.0 87.0 4.0 23.0 1.0 95.0 54.0 84.0 74.0 40.0 44.0 96.0 29.0 43.0 84.0 26.0 1.0 95.0 32.0 48.0 67.0 53.0 10.0 34.0 25.0 93.0 20.0 51.0 63.0 30.0 57.0 39.0 
(72 : 60)
(54 : 55)
(24 : 13)
(55 : 67)
(67 : 66)
(66 : 54)
(70 : 71)
(72 : 84)
(67 : 79)
(76 : 64)
(76 : 75)
(50 : 39)
(7 : 0)
(39 : 40)
(30 : 18)
(13 : 14)
(84 : 85)
(66 : 78)
(78 : 79)
(78 : 77)
(66 : 65)
(65 : 64)
(65 : 77)
(99 : 88)
(64 : 52)
(64 : 63)
(18 : 17)
(26 : 25)
(65 : 53)
(53 : 42)
(24 : 23)
(7 : 8)
(55 : 44)
(25 : 36)
(8 : 9)
(79 : 91)
(42 : 43)
(43 : 54)
(43 : 44)
(77 : 89)
(89 : 88)
(30 : 31)
(78 : 90)
(90 : 89)
(50 : 51)
(51 : 52)
(13 : 12)
(71 : 83)
(52 : 41)
(41 : 40)
(89 : 100)
(99 : 98)
(44 : 33)
(39 : 38)
(39 : 28)
(30 : 29)
(29 : 17)
(29 : 40)
(99 : 108)
(70 : 58)
(90 : 101)
(101 : 100)
(43 : 32)
(32 : 33)
(91 : 102)
(102 : 101)
(26 : 27)
(27 : 38)
(27 : 28)
(38 : 37)
(32 : 20)
(9 : 1)
(85 : 86)
(9 : 10)
(83 : 94)
(85 : 96)
(83 : 82)
(23 : 22)
(71 : 59)
(59 : 60)
(50 : 62)
(62 : 63)
(37 : 48)
(108 : 109)
(75 : 74)
(74 : 62)
(74 : 86)
(84 : 95)
(95 : 96)
(62 : 61)
(31 : 19)
(19 : 8)
(19 : 18)
(27 : 16)
(95 : 104)
(50 : 49)
(49 : 38)
(49 : 48)
(10 : 21)
(21 : 20)
(21 : 33)
(82 : 81)
(98 : 87)
(10 : 2)
(94 : 93)
(93 : 82)
(86 : 97)
(108 : 107)
(107 : 98)
(81 : 69)
(69 : 70)
(81 : 80)
(74 : 73)
(73 : 72)
(58 : 57)
(13 : 3)
(36 : 35)
(57 : 56)
(14 : 4)
(58 : 46)
(46 : 35)
(12 : 11)
(56 : 68)
(68 : 80)
(68 : 69)
(35 : 34)
(81 : 92)
(92 : 93)
(97 : 106)
(7 : 6)
(14 : 15)
(15 : 16)
(93 : 103)
(6 : 5)
(36 : 47)
(47 : 59)
(96 : 105)
(57 : 45)
(45 : 34)
(45 : 46)
