3412.0
7
10
101 206 11 146 48 97 158 150 55 51 
93.0 52.0 39.0 57.0 51.0 89.0 17.0 27.0 90.0 35.0 27.0 48.0 54.0 33.0 41.0 91.0 38.0 54.0 49.0 49.0 11.0 67.0 47.0 65.0 50.0 29.0 86.0 67.0 83.0 24.0 37.0 75.0 25.0 36.0 42.0 76.0 90.0 10.0 51.0 51.0 18.0 3.0 66.0 16.0 41.0 0.0 24.0 31.0 21.0 60.0 55.0 94.0 32.0 33.0 8.0 5.0 42.0 67.0 92.0 23.0 74.0 68.0 46.0 79.0 23.0 33.0 44.0 63.0 38.0 13.0 33.0 2.0 45.0 96.0 41.0 54.0 31.0 22.0 99.0 86.0 91.0 35.0 6.0 35.0 52.0 20.0 86.0 15.0 77.0 16.0 9.0 18.0 83.0 15.0 23.0 12.0 75.0 18.0 62.0 32.0 1.0 86.0 10.0 27.0 75.0 73.0 76.0 83.0 38.0 80.0 55.0 43.0 76.0 16.0 58.0 73.0 22.0 41.0 54.0 42.0 89.0 45.0 7.0 78.0 59.0 53.0 80.0 48.0 97.0 17.0 39.0 97.0 53.0 82.0 26.0 58.0 14.0 43.0 54.0 99.0 73.0 43.0 41.0 27.0 22.0 56.0 30.0 33.0 11.0 19.0 20.0 51.0 88.0 54.0 92.0 96.0 91.0 16.0 57.0 91.0 89.0 64.0 99.0 58.0 23.0 41.0 78.0 10.0 97.0 63.0 54.0 82.0 11.0 16.0 89.0 22.0 97.0 43.0 22.0 13.0 59.0 72.0 32.0 84.0 46.0 31.0 4.0 2.0 39.0 1.0 17.0 68.0 98.0 89.0 26.0 1.0 7.0 41.0 76.0 94.0 
(206 : 198)
(150 : 136)
(136 : 121)
(150 : 151)
(48 : 47)
(136 : 135)
(101 : 89)
(47 : 34)
(146 : 147)
(11 : 2)
(136 : 137)
(137 : 151)
(150 : 149)
(149 : 135)
(2 : 1)
(89 : 76)
(206 : 205)
(147 : 164)
(198 : 197)
(147 : 133)
(101 : 116)
(146 : 132)
(132 : 133)
(132 : 117)
(97 : 84)
(48 : 35)
(35 : 34)
(137 : 138)
(11 : 10)
(10 : 1)
(116 : 115)
(206 : 207)
(55 : 56)
(115 : 114)
(121 : 122)
(122 : 107)
(107 : 106)
(207 : 199)
(197 : 186)
(47 : 57)
(186 : 173)
(135 : 120)
(120 : 121)
(173 : 157)
(157 : 158)
(137 : 122)
(97 : 98)
(34 : 24)
(120 : 119)
(51 : 39)
(121 : 106)
(119 : 118)
(147 : 148)
(199 : 188)
(89 : 88)
(24 : 25)
(25 : 35)
(197 : 196)
(205 : 204)
(88 : 75)
(114 : 113)
(135 : 134)
(134 : 119)
(134 : 148)
(106 : 93)
(118 : 103)
(107 : 94)
(188 : 175)
(151 : 168)
(186 : 187)
(48 : 58)
(39 : 40)
(55 : 44)
(120 : 105)
(105 : 106)
(175 : 174)
(116 : 130)
(115 : 129)
(129 : 130)
(57 : 66)
(55 : 54)
(168 : 167)
(146 : 145)
(55 : 61)
(164 : 165)
(93 : 80)
(157 : 140)
(2 : 3)
(165 : 179)
(118 : 117)
(118 : 133)
(39 : 38)
(149 : 166)
(166 : 167)
(97 : 96)
(97 : 110)
(207 : 208)
(187 : 174)
(11 : 22)
(88 : 87)
(38 : 28)
(151 : 152)
(152 : 138)
(22 : 21)
(44 : 31)
(10 : 9)
(208 : 200)
(48 : 49)
(196 : 185)
(103 : 91)
(9 : 8)
(76 : 65)
(96 : 83)
(83 : 84)
(186 : 185)
(8 : 7)
(166 : 180)
(180 : 179)
(208 : 209)
(94 : 81)
(185 : 172)
(49 : 36)
(36 : 35)
(80 : 79)
(11 : 12)
(12 : 3)
(31 : 32)
(200 : 189)
(145 : 131)
(131 : 132)
(175 : 176)
(176 : 189)
(113 : 112)
(119 : 104)
(61 : 62)
(36 : 26)
(26 : 25)
(39 : 29)
(134 : 133)
(158 : 159)
(172 : 171)
(9 : 0)
(44 : 43)
(43 : 54)
(98 : 99)
(3 : 4)
(145 : 162)
(25 : 15)
(158 : 141)
(146 : 163)
(163 : 162)
(163 : 164)
(198 : 199)
(28 : 27)
(12 : 23)
(168 : 169)
(169 : 152)
(88 : 100)
(159 : 160)
(163 : 178)
(83 : 82)
(82 : 81)
(79 : 78)
(49 : 59)
(59 : 58)
(28 : 18)
(9 : 20)
(49 : 50)
(180 : 194)
(79 : 92)
(166 : 165)
(57 : 58)
(167 : 181)
(129 : 128)
(128 : 114)
(91 : 77)
(94 : 95)
(62 : 63)
(8 : 19)
(15 : 14)
(14 : 24)
(87 : 74)
(74 : 63)
(188 : 187)
(107 : 108)
(150 : 167)
(171 : 155)
(189 : 190)
(44 : 45)
(45 : 56)
(162 : 177)
(177 : 178)
(80 : 70)
(18 : 17)
(17 : 27)
(187 : 198)
(81 : 71)
(63 : 64)
(115 : 100)
(96 : 109)
(109 : 108)
(109 : 110)
(76 : 75)
(66 : 67)
(38 : 37)
(37 : 50)
(110 : 111)
(32 : 33)
(194 : 193)
(193 : 179)
(200 : 201)
(201 : 190)
(201 : 209)
(169 : 182)
(87 : 86)
(82 : 72)
(18 : 6)
(62 : 73)
(73 : 86)
(73 : 74)
(169 : 170)
(110 : 124)
(138 : 139)
(67 : 68)
(68 : 77)
(21 : 30)
(45 : 46)
(46 : 33)
(91 : 90)
(43 : 42)
(128 : 127)
(127 : 113)
(109 : 123)
(159 : 142)
(142 : 127)
(148 : 165)
(70 : 60)
(157 : 156)
(156 : 155)
(156 : 172)
(152 : 153)
(153 : 154)
(154 : 155)
(194 : 203)
(177 : 191)
(54 : 53)
(196 : 195)
(175 : 159)
(182 : 183)
(201 : 202)
(42 : 41)
(78 : 69)
(69 : 68)
(105 : 92)
(105 : 104)
(160 : 161)
(12 : 13)
(124 : 125)
(172 : 173)
(37 : 27)
(31 : 30)
(130 : 144)
(15 : 5)
(74 : 75)
(17 : 16)
(16 : 26)
(32 : 23)
(142 : 143)
(117 : 102)
(102 : 90)
(53 : 52)
(178 : 192)
(140 : 126)
(86 : 85)
(183 : 184)
