3578.0
7
10
113 207 17 153 51 106 163 157 62 54 
67.0 84.0 52.0 65.0 76.0 87.0 45.0 66.0 75.0 27.0 11.0 92.0 15.0 74.0 67.0 80.0 79.0 82.0 29.0 22.0 94.0 55.0 10.0 25.0 42.0 58.0 54.0 44.0 82.0 10.0 80.0 27.0 73.0 64.0 46.0 85.0 96.0 68.0 4.0 87.0 69.0 66.0 82.0 95.0 11.0 19.0 30.0 82.0 1.0 42.0 34.0 10.0 10.0 76.0 83.0 4.0 63.0 98.0 7.0 22.0 18.0 92.0 99.0 28.0 63.0 34.0 9.0 48.0 98.0 3.0 95.0 51.0 20.0 74.0 86.0 61.0 5.0 57.0 53.0 53.0 6.0 0.0 65.0 47.0 22.0 42.0 28.0 82.0 39.0 55.0 52.0 87.0 27.0 40.0 1.0 28.0 20.0 9.0 11.0 81.0 66.0 52.0 47.0 88.0 64.0 88.0 4.0 60.0 32.0 75.0 76.0 96.0 81.0 23.0 73.0 62.0 66.0 30.0 74.0 89.0 91.0 72.0 94.0 64.0 42.0 83.0 67.0 34.0 90.0 12.0 29.0 84.0 97.0 79.0 50.0 24.0 98.0 5.0 66.0 14.0 12.0 4.0 83.0 33.0 54.0 87.0 15.0 40.0 70.0 47.0 43.0 79.0 44.0 44.0 1.0 54.0 27.0 5.0 66.0 39.0 67.0 61.0 69.0 76.0 89.0 77.0 41.0 12.0 90.0 51.0 8.0 25.0 76.0 27.0 25.0 23.0 34.0 27.0 38.0 25.0 9.0 14.0 92.0 20.0 93.0 52.0 23.0 25.0 65.0 19.0 39.0 4.0 91.0 77.0 20.0 64.0 65.0 25.0 21.0 93.0 
(54 : 43)
(54 : 55)
(157 : 142)
(106 : 93)
(51 : 40)
(163 : 162)
(106 : 105)
(106 : 118)
(142 : 128)
(40 : 28)
(106 : 107)
(28 : 20)
(142 : 141)
(93 : 92)
(51 : 52)
(93 : 94)
(51 : 50)
(55 : 56)
(54 : 68)
(51 : 65)
(105 : 104)
(40 : 39)
(92 : 80)
(207 : 201)
(201 : 191)
(201 : 202)
(19 : 20)
(50 : 64)
(105 : 117)
(117 : 118)
(94 : 81)
(163 : 178)
(178 : 191)
(113 : 101)
(43 : 42)
(202 : 192)
(113 : 112)
(42 : 41)
(56 : 57)
(178 : 179)
(179 : 192)
(101 : 86)
(117 : 116)
(153 : 152)
(128 : 127)
(118 : 132)
(116 : 115)
(192 : 193)
(152 : 137)
(56 : 69)
(107 : 108)
(179 : 164)
(43 : 31)
(31 : 32)
(57 : 45)
(52 : 53)
(53 : 41)
(153 : 154)
(45 : 34)
(57 : 58)
(34 : 25)
(152 : 166)
(41 : 29)
(94 : 95)
(95 : 108)
(52 : 66)
(119 : 120)
(71 : 70)
(70 : 57)
(179 : 180)
(180 : 193)
(66 : 67)
(79 : 69)
(79 : 78)
(95 : 96)
(20 : 21)
(142 : 143)
(153 : 167)
(167 : 166)
(20 : 9)
(137 : 123)
(25 : 14)
(64 : 73)
(34 : 33)
(33 : 44)
(207 : 206)
(45 : 46)
(46 : 58)
(17 : 16)
(206 : 205)
(73 : 87)
(19 : 8)
(95 : 82)
(82 : 81)
(11 : 10)
(10 : 9)
(10 : 21)
(167 : 168)
(16 : 4)
(164 : 150)
(143 : 129)
(129 : 128)
(31 : 22)
(129 : 130)
(59 : 47)
(120 : 109)
(4 : 3)
(162 : 177)
(104 : 103)
(103 : 102)
(109 : 110)
(22 : 13)
(201 : 200)
(87 : 88)
(101 : 100)
(68 : 77)
(77 : 78)
(32 : 23)
(167 : 182)
(182 : 183)
(183 : 168)
(182 : 195)
(103 : 91)
(91 : 78)
(77 : 76)
(76 : 75)
(75 : 67)
(117 : 131)
(132 : 146)
(146 : 145)
(137 : 138)
(193 : 203)
(203 : 202)
(150 : 135)
(207 : 208)
(29 : 30)
(30 : 42)
(30 : 31)
(154 : 139)
(130 : 144)
(16 : 15)
(183 : 184)
(145 : 160)
(65 : 74)
(74 : 73)
(74 : 88)
(154 : 155)
(113 : 122)
(150 : 149)
(149 : 163)
(139 : 125)
(200 : 199)
(199 : 190)
(112 : 111)
(17 : 5)
(59 : 60)
(82 : 83)
(83 : 96)
(13 : 12)
(199 : 198)
(96 : 97)
(97 : 110)
(123 : 124)
(124 : 138)
(124 : 125)
(112 : 121)
(15 : 26)
(160 : 159)
(195 : 196)
(196 : 183)
(190 : 176)
(160 : 173)
(141 : 140)
(146 : 161)
(161 : 160)
(149 : 148)
(62 : 61)
(61 : 60)
(47 : 36)
(143 : 158)
(158 : 157)
(158 : 159)
(86 : 85)
(180 : 165)
(141 : 156)
(127 : 126)
(126 : 125)
(157 : 170)
(173 : 174)
(174 : 161)
(195 : 194)
(9 : 1)
(176 : 175)
(76 : 90)
(173 : 172)
(172 : 159)
(114 : 126)
(166 : 181)
(111 : 99)
(99 : 100)
(85 : 84)
(62 : 49)
(173 : 188)
(158 : 171)
(171 : 172)
(135 : 136)
(132 : 131)
(11 : 2)
(88 : 89)
(60 : 48)
(48 : 47)
(33 : 24)
(24 : 23)
(24 : 25)
(62 : 72)
(147 : 148)
(198 : 189)
(189 : 175)
(189 : 190)
(5 : 6)
(192 : 191)
(170 : 186)
(150 : 151)
(151 : 136)
(151 : 165)
(27 : 38)
(6 : 18)
(18 : 17)
(198 : 197)
(62 : 63)
(133 : 120)
(133 : 148)
(149 : 134)
(134 : 133)
(134 : 135)
(22 : 23)
(6 : 7)
(140 : 155)
(36 : 35)
(35 : 34)
(35 : 46)
(186 : 185)
(185 : 184)
(204 : 195)
(208 : 209)
(209 : 203)
(156 : 169)
(169 : 185)
(169 : 170)
(99 : 98)
(98 : 97)
(1 : 0)
(0 : 8)
(172 : 187)
(187 : 188)
(16 : 27)
(48 : 37)
(37 : 26)
(37 : 36)
(37 : 38)
