9867.0
10
10
253 494 25 382 130 246 397 387 144 136 
70.0 48.0 83.0 65.0 98.0 19.0 70.0 80.0 65.0 68.0 66.0 94.0 28.0 46.0 50.0 44.0 35.0 97.0 91.0 30.0 9.0 86.0 32.0 74.0 85.0 3.0 90.0 75.0 18.0 38.0 42.0 46.0 99.0 19.0 52.0 82.0 83.0 54.0 41.0 27.0 87.0 54.0 70.0 13.0 30.0 78.0 30.0 80.0 40.0 6.0 85.0 20.0 35.0 65.0 26.0 73.0 23.0 94.0 8.0 59.0 50.0 21.0 62.0 41.0 10.0 97.0 46.0 99.0 9.0 38.0 5.0 52.0 61.0 64.0 79.0 80.0 28.0 31.0 72.0 65.0 90.0 35.0 36.0 32.0 57.0 1.0 2.0 80.0 67.0 85.0 92.0 61.0 57.0 84.0 20.0 29.0 68.0 91.0 70.0 56.0 93.0 46.0 76.0 39.0 41.0 67.0 22.0 89.0 76.0 46.0 74.0 90.0 88.0 24.0 37.0 95.0 95.0 79.0 9.0 31.0 43.0 64.0 69.0 63.0 19.0 56.0 75.0 25.0 21.0 97.0 20.0 79.0 70.0 2.0 18.0 55.0 65.0 35.0 96.0 87.0 76.0 68.0 46.0 99.0 1.0 32.0 20.0 76.0 73.0 84.0 22.0 48.0 1.0 44.0 93.0 97.0 13.0 12.0 91.0 43.0 91.0 35.0 17.0 72.0 92.0 66.0 33.0 43.0 66.0 68.0 20.0 56.0 3.0 9.0 31.0 58.0 8.0 38.0 55.0 53.0 80.0 52.0 2.0 98.0 98.0 47.0 72.0 95.0 5.0 1.0 29.0 27.0 80.0 24.0 59.0 52.0 59.0 39.0 88.0 37.0 22.0 39.0 26.0 19.0 66.0 40.0 61.0 56.0 69.0 71.0 66.0 93.0 62.0 34.0 83.0 67.0 98.0 18.0 15.0 54.0 68.0 93.0 63.0 15.0 10.0 70.0 4.0 94.0 64.0 99.0 60.0 3.0 20.0 74.0 72.0 70.0 92.0 2.0 34.0 23.0 30.0 68.0 73.0 72.0 33.0 96.0 78.0 68.0 7.0 61.0 10.0 31.0 33.0 62.0 15.0 19.0 80.0 84.0 77.0 8.0 77.0 57.0 8.0 6.0 44.0 45.0 75.0 34.0 31.0 52.0 17.0 81.0 40.0 51.0 62.0 10.0 14.0 42.0 16.0 65.0 20.0 98.0 24.0 65.0 53.0 85.0 29.0 38.0 50.0 27.0 99.0 39.0 37.0 41.0 68.0 99.0 99.0 96.0 80.0 48.0 88.0 19.0 75.0 17.0 2.0 35.0 77.0 34.0 98.0 53.0 96.0 31.0 7.0 59.0 22.0 16.0 0.0 70.0 53.0 92.0 59.0 74.0 43.0 94.0 87.0 6.0 77.0 43.0 47.0 95.0 40.0 66.0 84.0 0.0 20.0 74.0 45.0 56.0 42.0 66.0 38.0 63.0 77.0 23.0 17.0 91.0 24.0 39.0 87.0 5.0 60.0 84.0 52.0 12.0 16.0 90.0 20.0 65.0 16.0 43.0 76.0 4.0 32.0 91.0 34.0 72.0 95.0 82.0 24.0 28.0 99.0 39.0 61.0 55.0 85.0 89.0 1.0 96.0 75.0 77.0 11.0 41.0 86.0 80.0 49.0 51.0 66.0 31.0 56.0 47.0 88.0 20.0 92.0 77.0 94.0 34.0 59.0 34.0 70.0 99.0 41.0 20.0 83.0 30.0 7.0 76.0 44.0 92.0 74.0 89.0 47.0 79.0 23.0 89.0 94.0 22.0 23.0 72.0 10.0 10.0 46.0 84.0 6.0 97.0 38.0 91.0 88.0 94.0 14.0 66.0 76.0 86.0 95.0 67.0 8.0 26.0 93.0 93.0 40.0 70.0 89.0 91.0 62.0 44.0 24.0 49.0 69.0 65.0 15.0 94.0 93.0 31.0 95.0 15.0 22.0 17.0 30.0 84.0 84.0 64.0 51.0 25.0 53.0 4.0 54.0 94.0 93.0 11.0 0.0 52.0 1.0 8.0 45.0 32.0 42.0 92.0 84.0 62.0 27.0 33.0 69.0 62.0 65.0 62.0 14.0 22.0 70.0 85.0 31.0 41.0 76.0 65.0 95.0 56.0 30.0 36.0 52.0 73.0 0.0 81.0 
(397 : 373)
(136 : 116)
(246 : 230)
(373 : 374)
(382 : 381)
(494 : 484)
(144 : 125)
(25 : 24)
(397 : 398)
(25 : 15)
(374 : 349)
(15 : 4)
(130 : 110)
(110 : 88)
(494 : 495)
(382 : 406)
(374 : 375)
(406 : 405)
(405 : 381)
(349 : 348)
(253 : 240)
(373 : 372)
(25 : 26)
(25 : 41)
(130 : 131)
(387 : 388)
(348 : 347)
(349 : 350)
(388 : 413)
(347 : 346)
(240 : 223)
(240 : 241)
(41 : 42)
(240 : 239)
(388 : 389)
(136 : 137)
(239 : 238)
(375 : 376)
(136 : 135)
(373 : 348)
(238 : 221)
(253 : 254)
(406 : 428)
(388 : 364)
(389 : 414)
(414 : 413)
(375 : 399)
(399 : 398)
(428 : 429)
(241 : 224)
(224 : 223)
(4 : 5)
(387 : 363)
(363 : 364)
(110 : 109)
(349 : 323)
(136 : 156)
(350 : 324)
(42 : 61)
(323 : 322)
(26 : 16)
(16 : 5)
(16 : 15)
(230 : 229)
(223 : 208)
(348 : 322)
(137 : 138)
(4 : 3)
(221 : 222)
(222 : 223)
(413 : 412)
(494 : 504)
(494 : 493)
(389 : 390)
(504 : 505)
(505 : 495)
(41 : 40)
(24 : 23)
(135 : 115)
(253 : 252)
(252 : 239)
(412 : 411)
(413 : 435)
(116 : 93)
(138 : 118)
(239 : 222)
(504 : 503)
(41 : 60)
(60 : 61)
(324 : 297)
(60 : 59)
(495 : 485)
(485 : 484)
(323 : 296)
(296 : 297)
(208 : 192)
(208 : 207)
(406 : 407)
(407 : 429)
(324 : 325)
(505 : 506)
(389 : 365)
(207 : 191)
(191 : 192)
(135 : 134)
(60 : 81)
(375 : 350)
(381 : 380)
(363 : 362)
(40 : 39)
(61 : 82)
(82 : 81)
(252 : 274)
(297 : 271)
(208 : 209)
(209 : 224)
(39 : 38)
(253 : 275)
(138 : 139)
(59 : 80)
(80 : 81)
(376 : 351)
(351 : 350)
(435 : 436)
(436 : 414)
(230 : 213)
(3 : 14)
(14 : 15)
(42 : 43)
(192 : 170)
(125 : 124)
(131 : 111)
(111 : 110)
(322 : 321)
(3 : 2)
(82 : 83)
(192 : 193)
(193 : 209)
(495 : 496)
(496 : 506)
(485 : 475)
(387 : 386)
(386 : 362)
(246 : 247)
(59 : 58)
(58 : 39)
(23 : 13)
(23 : 22)
(144 : 143)
(346 : 320)
(213 : 196)
(26 : 27)
(27 : 43)
(213 : 212)
(212 : 229)
(325 : 298)
(193 : 171)
(93 : 94)
(362 : 361)
(381 : 356)
(241 : 254)
(382 : 383)
(351 : 352)
(238 : 251)
(251 : 252)
(5 : 6)
(196 : 197)
(81 : 102)
(397 : 396)
(139 : 140)
(143 : 142)
(246 : 265)
(506 : 507)
(362 : 337)
(321 : 294)
(271 : 272)
(39 : 23)
(83 : 84)
(254 : 276)
(364 : 339)
(144 : 166)
(274 : 273)
(297 : 298)
(135 : 155)
(221 : 220)
(115 : 114)
(22 : 21)
(2 : 1)
(230 : 231)
(231 : 247)
(94 : 95)
(95 : 118)
(496 : 497)
(497 : 507)
(246 : 245)
(372 : 371)
(371 : 370)
(271 : 249)
(27 : 17)
(17 : 16)
(118 : 117)
(117 : 137)
(139 : 119)
(351 : 325)
(485 : 486)
(229 : 228)
(361 : 336)
(336 : 337)
(220 : 219)
(61 : 62)
(84 : 85)
(156 : 175)
(356 : 331)
(220 : 205)
(496 : 486)
(397 : 421)
(118 : 119)
(13 : 12)
(12 : 22)
(493 : 492)
(229 : 245)
(140 : 120)
(83 : 104)
(294 : 293)
(293 : 320)
(22 : 38)
(58 : 57)
(475 : 461)
(339 : 340)
(109 : 87)
(414 : 415)
(276 : 302)
(365 : 366)
(372 : 396)
(24 : 40)
(372 : 347)
(356 : 357)
(357 : 382)
(421 : 420)
(420 : 396)
(80 : 79)
(320 : 319)
(387 : 412)
(321 : 320)
(321 : 347)
(435 : 434)
(434 : 412)
(251 : 250)
(250 : 249)
(250 : 272)
(142 : 123)
(123 : 124)
(171 : 149)
(79 : 78)
(78 : 57)
(221 : 206)
(206 : 207)
(497 : 487)
(487 : 486)
(492 : 482)
(421 : 442)
(325 : 326)
(326 : 352)
(21 : 20)
(228 : 227)
(120 : 97)
(326 : 299)
(88 : 89)
(336 : 309)
(117 : 94)
(117 : 116)
(442 : 443)
(443 : 461)
(114 : 92)
(366 : 341)
(341 : 340)
(62 : 63)
(213 : 214)
(214 : 197)
(214 : 231)
(245 : 244)
(244 : 228)
(326 : 327)
(331 : 330)
(245 : 264)
(275 : 301)
(143 : 165)
(231 : 232)
(376 : 400)
(207 : 222)
(249 : 236)
(214 : 215)
(215 : 232)
(461 : 460)
(460 : 442)
(78 : 77)
(238 : 237)
(237 : 250)
(407 : 408)
(363 : 338)
(219 : 204)
(415 : 416)
(275 : 276)
(436 : 437)
(437 : 415)
(244 : 243)
(243 : 227)
(232 : 233)
(80 : 101)
(125 : 126)
(120 : 121)
(191 : 190)
(190 : 206)
(120 : 119)
(492 : 491)
(264 : 263)
(130 : 129)
(140 : 160)
(475 : 476)
(476 : 486)
(219 : 218)
(482 : 481)
(38 : 37)
(405 : 404)
(298 : 272)
(298 : 299)
(20 : 19)
(114 : 113)
(13 : 2)
(140 : 141)
(141 : 121)
(376 : 377)
(503 : 502)
(502 : 492)
(428 : 427)
(427 : 405)
(408 : 430)
(430 : 429)
(361 : 360)
(236 : 235)
(235 : 218)
(435 : 453)
(411 : 410)
(219 : 236)
(429 : 448)
(436 : 454)
(249 : 248)
(130 : 150)
(410 : 385)
(385 : 386)
(139 : 159)
(159 : 160)
(476 : 462)
(462 : 461)
(204 : 203)
(150 : 151)
(151 : 131)
(264 : 290)
(460 : 459)
(371 : 395)
(395 : 396)
(331 : 332)
(366 : 367)
(502 : 501)
(501 : 491)
(113 : 112)
(112 : 111)
(170 : 169)
(131 : 132)
(356 : 355)
(355 : 330)
(355 : 380)
(340 : 313)
(365 : 340)
(365 : 364)
(63 : 44)
(442 : 441)
(441 : 459)
(6 : 7)
(459 : 458)
(290 : 289)
(82 : 103)
(103 : 102)
(103 : 126)
(421 : 422)
(422 : 398)
(422 : 443)
(427 : 426)
(116 : 115)
(165 : 164)
(138 : 158)
(124 : 101)
(215 : 198)
(79 : 100)
(100 : 123)
(330 : 303)
(434 : 452)
(452 : 453)
(453 : 469)
(395 : 394)
(394 : 370)
(422 : 423)
(309 : 308)
(149 : 148)
(97 : 75)
(416 : 391)
(391 : 367)
(303 : 304)
(301 : 300)
(300 : 327)
(85 : 106)
(336 : 335)
(335 : 308)
(293 : 292)
(121 : 98)
(198 : 199)
(441 : 440)
(440 : 458)
(303 : 277)
(400 : 401)
(401 : 377)
(97 : 96)
(96 : 119)
(371 : 346)
(21 : 11)
(11 : 12)
(394 : 393)
(265 : 266)
(266 : 247)
(390 : 366)
(204 : 188)
(319 : 318)
(383 : 358)
(358 : 357)
(204 : 205)
(144 : 145)
(274 : 300)
(274 : 275)
(271 : 270)
(270 : 269)
(460 : 474)
(474 : 475)
(11 : 0)
(426 : 445)
(114 : 134)
(335 : 334)
(469 : 468)
(468 : 452)
(62 : 43)
(339 : 312)
(312 : 313)
(434 : 433)
(440 : 419)
(419 : 420)
(377 : 378)
(394 : 418)
(228 : 211)
(137 : 157)
(157 : 158)
(169 : 168)
(168 : 190)
(89 : 90)
(90 : 112)
(94 : 72)
(12 : 1)
(166 : 167)
(411 : 433)
(332 : 305)
(205 : 189)
(189 : 188)
(89 : 67)
(507 : 508)
(151 : 152)
(152 : 132)
(305 : 279)
(338 : 311)
(423 : 444)
(444 : 443)
(444 : 462)
(454 : 470)
(470 : 469)
(151 : 172)
(104 : 127)
(127 : 126)
(158 : 177)
(383 : 384)
(384 : 408)
(85 : 64)
(64 : 63)
(452 : 451)
(497 : 498)
(132 : 133)
(459 : 473)
(458 : 457)
(265 : 291)
(291 : 290)
(93 : 71)
(71 : 72)
(243 : 262)
(262 : 263)
(102 : 101)
(360 : 359)
(359 : 334)
(359 : 384)
(197 : 181)
(75 : 52)
(145 : 146)
(146 : 127)
(211 : 210)
(476 : 477)
(44 : 45)
(399 : 423)
(399 : 400)
(106 : 107)
(24 : 14)
(454 : 455)
(455 : 437)
(301 : 328)
(328 : 327)
(334 : 333)
(333 : 358)
(302 : 329)
(329 : 328)
(341 : 342)
(419 : 395)
(430 : 431)
(290 : 316)
(158 : 159)
(157 : 176)
(176 : 177)
(57 : 56)
(56 : 37)
(56 : 77)
(299 : 273)
(299 : 300)
(90 : 68)
(67 : 46)
(334 : 307)
(307 : 308)
(75 : 76)
(76 : 98)
(89 : 111)
(272 : 273)
(289 : 288)
(288 : 262)
(157 : 156)
(481 : 480)
(152 : 153)
(153 : 133)
(332 : 357)
(332 : 333)
(487 : 488)
(445 : 465)
(377 : 352)
(346 : 345)
(345 : 319)
(345 : 370)
(288 : 287)
(287 : 313)
(215 : 216)
(165 : 185)
(311 : 285)
(166 : 186)
(72 : 49)
(155 : 154)
(154 : 134)
(329 : 354)
(52 : 51)
(113 : 91)
(91 : 90)
(218 : 217)
(454 : 453)
(448 : 449)
(313 : 314)
(314 : 288)
(175 : 174)
(174 : 155)
(227 : 226)
(78 : 99)
(337 : 310)
(310 : 311)
(76 : 53)
(212 : 195)
(318 : 317)
(68 : 69)
(101 : 100)
(474 : 484)
(314 : 315)
(315 : 342)
(380 : 404)
(56 : 55)
(488 : 478)
(478 : 477)
(71 : 48)
(48 : 49)
(419 : 418)
(305 : 306)
(55 : 54)
(54 : 53)
(121 : 122)
(203 : 187)
(187 : 186)
(449 : 450)
(450 : 431)
(462 : 463)
(393 : 369)
(112 : 132)
(312 : 286)
(286 : 287)
(148 : 147)
(147 : 169)
(501 : 500)
(198 : 182)
(85 : 86)
(86 : 107)
(450 : 466)
(354 : 379)
(309 : 283)
(95 : 73)
(400 : 424)
(448 : 447)
(447 : 428)
(57 : 38)
(339 : 338)
(7 : 18)
(18 : 17)
(270 : 248)
(433 : 432)
(263 : 244)
(263 : 289)
(160 : 178)
(482 : 472)
(472 : 458)
(95 : 96)
(27 : 28)
(28 : 18)
(44 : 28)
(71 : 70)
(466 : 467)
(169 : 191)
(195 : 179)
(179 : 178)
(107 : 108)
(285 : 284)
(125 : 102)
(415 : 390)
(327 : 353)
(353 : 352)
(182 : 183)
(206 : 205)
(186 : 202)
(283 : 258)
(308 : 282)
(282 : 283)
(147 : 128)
(322 : 295)
(295 : 269)
(62 : 83)
(498 : 499)
(277 : 255)
(19 : 9)
(165 : 166)
(499 : 489)
(287 : 261)
(437 : 438)
(438 : 416)
(487 : 477)
(408 : 409)
(409 : 410)
(273 : 251)
(341 : 314)
(374 : 398)
(55 : 36)
(73 : 50)
(160 : 161)
(161 : 179)
(218 : 203)
(50 : 32)
(170 : 171)
(226 : 225)
(338 : 337)
(69 : 47)
(237 : 220)
(237 : 236)
(279 : 278)
(278 : 304)
(491 : 490)
(490 : 480)
(243 : 242)
(345 : 344)
(316 : 343)
(427 : 446)
(446 : 445)
(196 : 180)
(369 : 368)
(235 : 234)
(393 : 392)
(401 : 402)
(493 : 483)
(483 : 473)
(483 : 482)
(261 : 260)
(260 : 286)
(73 : 74)
(74 : 51)
(74 : 75)
(493 : 503)
(46 : 29)
(294 : 268)
(180 : 162)
(309 : 310)
(51 : 33)
(104 : 105)
(105 : 84)
(307 : 281)
(281 : 282)
(418 : 417)
(145 : 167)
(261 : 262)
(478 : 464)
(323 : 324)
(438 : 439)
(278 : 256)
(402 : 403)
(20 : 10)
(10 : 9)
(10 : 11)
(199 : 200)
(87 : 65)
(285 : 259)
(306 : 280)
(280 : 281)
(7 : 8)
(478 : 479)
(479 : 489)
(52 : 34)
(34 : 33)
(499 : 509)
(509 : 508)
(32 : 31)
(438 : 456)
(282 : 257)
(257 : 258)
(202 : 201)
(201 : 200)
(152 : 173)
(312 : 311)
(455 : 471)
(471 : 470)
(48 : 30)
(30 : 31)
(403 : 425)
(293 : 267)
(21 : 37)
(36 : 35)
(342 : 343)
(88 : 66)
(162 : 163)
(163 : 181)
(175 : 194)
(200 : 184)
(184 : 164)
(184 : 183)
(184 : 185)
