900.0
4
20
63 85 40 70 47 61 73 71 50 48 65 57 108 18 88 43 25 93 111 21 
50.0 43.0 42.0 10.0 51.0 32.0 45.0 39.0 7.0 8.0 73.0 80.0 67.0 11.0 39.0 95.0 74.0 26.0 10.0 6.0 98.0 47.0 14.0 78.0 44.0 94.0 86.0 61.0 78.0 40.0 9.0 84.0 38.0 19.0 45.0 89.0 48.0 98.0 70.0 70.0 91.0 23.0 25.0 57.0 69.0 82.0 27.0 54.0 90.0 25.0 37.0 7.0 51.0 98.0 6.0 90.0 22.0 15.0 66.0 83.0 9.0 22.0 91.0 85.0 2.0 88.0 61.0 6.0 87.0 75.0 26.0 67.0 79.0 87.0 80.0 9.0 6.0 81.0 30.0 89.0 43.0 97.0 98.0 65.0 18.0 82.0 66.0 72.0 89.0 75.0 18.0 62.0 91.0 85.0 74.0 88.0 1.0 99.0 31.0 21.0 
(21 : 12)
(71 : 83)
(12 : 11)
(93 : 81)
(93 : 92)
(43 : 44)
(48 : 38)
(25 : 26)
(44 : 54)
(65 : 64)
(64 : 63)
(26 : 16)
(47 : 46)
(47 : 37)
(108 : 107)
(18 : 9)
(44 : 33)
(50 : 51)
(43 : 42)
(47 : 59)
(81 : 69)
(38 : 39)
(64 : 52)
(52 : 51)
(52 : 53)
(16 : 17)
(17 : 18)
(69 : 68)
(68 : 57)
(81 : 82)
(65 : 76)
(61 : 62)
(62 : 73)
(111 : 112)
(43 : 32)
(81 : 80)
(80 : 68)
(73 : 74)
(74 : 63)
(50 : 49)
(49 : 61)
(64 : 75)
(11 : 3)
(92 : 91)
(46 : 36)
(9 : 1)
(1 : 2)
(2 : 3)
(1 : 0)
(39 : 28)
(48 : 60)
(60 : 59)
(54 : 66)
(69 : 58)
(58 : 59)
(21 : 22)
(75 : 87)
(87 : 88)
(33 : 23)
(66 : 77)
(59 : 70)
(107 : 95)
(95 : 83)
(76 : 75)
(21 : 20)
(20 : 11)
(62 : 50)
(50 : 40)
(32 : 31)
(31 : 42)
(80 : 79)
(79 : 91)
(3 : 4)
(18 : 19)
(32 : 22)
(73 : 72)
(72 : 71)
(79 : 78)
(111 : 110)
(12 : 13)
(13 : 22)
(48 : 47)
(77 : 89)
(89 : 88)
(26 : 27)
(27 : 38)
(27 : 28)
(16 : 8)
(111 : 99)
(99 : 87)
(69 : 70)
(107 : 106)
(11 : 10)
(10 : 2)
(10 : 19)
(95 : 94)
(94 : 93)
(88 : 100)
(100 : 112)
(28 : 29)
(29 : 40)
(46 : 45)
(45 : 57)
(22 : 23)
(99 : 98)
(98 : 110)
(62 : 63)
(42 : 41)
(41 : 51)
(93 : 105)
(29 : 30)
(76 : 77)
(4 : 5)
(53 : 43)
(53 : 65)
(75 : 74)
(98 : 97)
(97 : 85)
(23 : 14)
(14 : 13)
(80 : 92)
(19 : 29)
(94 : 82)
(98 : 86)
(86 : 85)
(86 : 87)
(83 : 84)
(84 : 72)
(25 : 15)
(94 : 106)
(5 : 6)
(46 : 58)
(63 : 51)
(106 : 114)
(84 : 96)
(96 : 97)
(25 : 24)
(38 : 37)
(36 : 35)
(35 : 24)
(68 : 67)
(15 : 7)
(7 : 8)
(54 : 53)
(61 : 60)
(30 : 20)
(30 : 41)
(30 : 31)
(74 : 86)
(35 : 34)
(92 : 104)
(104 : 105)
(112 : 119)
(85 : 73)
(85 : 84)
(110 : 109)
(109 : 108)
(91 : 90)
(111 : 118)
(88 : 76)
(65 : 66)
(39 : 49)
(90 : 102)
(57 : 56)
(56 : 55)
(4 : 12)
(118 : 117)
(102 : 103)
(103 : 104)
(71 : 60)
(71 : 70)
(117 : 116)
(25 : 36)
(35 : 45)
(27 : 17)
(89 : 101)
(101 : 100)
(103 : 113)
(14 : 6)
(118 : 119)
(82 : 83)
(32 : 33)
(116 : 115)
(115 : 108)
