1528.0
4
10
56 99 9 71 27 52 77 73 33 29 
27.0 91.0 97.0 44.0 55.0 36.0 60.0 69.0 6.0 83.0 0.0 61.0 51.0 48.0 21.0 26.0 99.0 13.0 2.0 43.0 59.0 80.0 71.0 72.0 17.0 63.0 51.0 30.0 70.0 72.0 29.0 16.0 0.0 26.0 16.0 43.0 42.0 49.0 11.0 40.0 83.0 44.0 82.0 15.0 40.0 42.0 17.0 97.0 89.0 21.0 59.0 21.0 0.0 32.0 74.0 14.0 89.0 75.0 36.0 83.0 11.0 42.0 32.0 38.0 73.0 22.0 12.0 80.0 51.0 7.0 94.0 10.0 20.0 89.0 57.0 86.0 93.0 10.0 7.0 65.0 71.0 88.0 2.0 12.0 75.0 69.0 74.0 82.0 32.0 25.0 56.0 35.0 4.0 2.0 46.0 49.0 66.0 4.0 4.0 33.0 
(77 : 76)
(71 : 72)
(77 : 65)
(77 : 88)
(9 : 10)
(56 : 47)
(65 : 54)
(71 : 70)
(33 : 21)
(33 : 32)
(77 : 78)
(29 : 28)
(28 : 27)
(47 : 35)
(76 : 75)
(78 : 66)
(73 : 74)
(74 : 75)
(52 : 43)
(28 : 40)
(56 : 57)
(35 : 36)
(56 : 67)
(32 : 31)
(31 : 43)
(36 : 24)
(88 : 87)
(74 : 62)
(57 : 48)
(48 : 36)
(32 : 44)
(99 : 100)
(28 : 16)
(73 : 61)
(72 : 83)
(35 : 34)
(34 : 33)
(75 : 63)
(63 : 52)
(9 : 1)
(87 : 86)
(86 : 75)
(100 : 107)
(88 : 89)
(47 : 46)
(35 : 23)
(10 : 2)
(2 : 1)
(100 : 101)
(99 : 98)
(98 : 87)
(57 : 68)
(73 : 84)
(10 : 11)
(84 : 95)
(67 : 79)
(79 : 78)
(24 : 12)
(12 : 11)
(31 : 19)
(10 : 22)
(22 : 21)
(24 : 23)
(61 : 60)
(60 : 72)
(107 : 106)
(106 : 99)
(106 : 105)
(12 : 4)
(33 : 45)
(45 : 44)
(45 : 46)
(63 : 64)
(64 : 76)
(27 : 26)
(68 : 80)
(70 : 58)
(63 : 62)
(40 : 41)
(41 : 29)
(52 : 53)
(53 : 64)
(64 : 65)
(66 : 55)
(67 : 68)
(11 : 3)
(86 : 85)
(40 : 50)
(29 : 17)
(17 : 16)
(58 : 59)
(59 : 60)
(80 : 91)
(61 : 51)
(51 : 41)
(66 : 65)
(66 : 67)
(54 : 45)
(54 : 55)
(107 : 108)
(29 : 30)
(27 : 39)
(98 : 97)
(76 : 87)
(48 : 47)
(85 : 96)
(96 : 95)
(70 : 69)
(78 : 89)
(70 : 81)
(60 : 50)
(32 : 20)
(73 : 72)
(83 : 82)
(82 : 81)
(74 : 85)
(83 : 94)
(94 : 95)
(26 : 14)
(17 : 6)
(30 : 18)
(18 : 19)
(84 : 83)
(91 : 102)
(102 : 101)
(26 : 25)
(100 : 89)
(55 : 46)
(79 : 90)
(90 : 101)
(90 : 89)
(98 : 105)
(25 : 13)
(61 : 62)
(41 : 42)
(42 : 30)
(39 : 38)
(38 : 26)
(94 : 93)
(108 : 109)
(18 : 7)
(7 : 6)
(95 : 103)
(44 : 53)
(34 : 22)
(34 : 46)
(38 : 37)
(18 : 17)
(40 : 39)
(59 : 49)
(49 : 39)
(49 : 50)
(91 : 90)
(53 : 54)
(13 : 5)
(81 : 92)
(92 : 93)
(19 : 8)
(102 : 109)
(101 : 108)
(1 : 0)
(97 : 104)
(16 : 15)
(15 : 14)
(15 : 27)
