860.0
4
20
69 90 45 76 54 67 79 77 57 55 71 63 107 21 93 48 29 97 110 24 
5.0 98.0 81.0 39.0 63.0 80.0 10.0 69.0 4.0 7.0 96.0 96.0 50.0 82.0 22.0 22.0 44.0 82.0 29.0 3.0 78.0 95.0 16.0 33.0 97.0 75.0 80.0 89.0 96.0 69.0 22.0 93.0 86.0 50.0 45.0 76.0 80.0 12.0 35.0 10.0 64.0 73.0 37.0 99.0 7.0 25.0 42.0 82.0 28.0 63.0 73.0 63.0 22.0 48.0 47.0 4.0 3.0 6.0 43.0 81.0 67.0 96.0 84.0 74.0 28.0 64.0 77.0 43.0 99.0 74.0 87.0 51.0 33.0 14.0 80.0 12.0 24.0 73.0 51.0 81.0 99.0 24.0 2.0 36.0 10.0 6.0 15.0 87.0 22.0 28.0 55.0 25.0 70.0 27.0 45.0 96.0 35.0 71.0 3.0 45.0 
(45 : 44)
(67 : 66)
(67 : 56)
(56 : 55)
(29 : 18)
(76 : 65)
(90 : 91)
(21 : 20)
(24 : 14)
(14 : 13)
(79 : 68)
(68 : 67)
(68 : 69)
(67 : 78)
(78 : 77)
(78 : 79)
(91 : 80)
(68 : 57)
(80 : 81)
(69 : 58)
(71 : 60)
(60 : 48)
(78 : 89)
(89 : 90)
(63 : 62)
(48 : 49)
(110 : 111)
(63 : 64)
(24 : 23)
(91 : 102)
(48 : 36)
(58 : 46)
(58 : 59)
(63 : 52)
(59 : 70)
(70 : 81)
(70 : 71)
(21 : 22)
(55 : 43)
(48 : 47)
(47 : 46)
(71 : 82)
(82 : 93)
(36 : 37)
(76 : 75)
(91 : 92)
(92 : 93)
(21 : 11)
(11 : 10)
(20 : 19)
(24 : 35)
(75 : 86)
(29 : 30)
(30 : 42)
(42 : 54)
(42 : 43)
(47 : 59)
(58 : 57)
(43 : 31)
(55 : 66)
(11 : 2)
(37 : 26)
(24 : 25)
(25 : 36)
(110 : 109)
(110 : 117)
(55 : 54)
(10 : 1)
(1 : 2)
(26 : 16)
(52 : 53)
(53 : 54)
(110 : 103)
(103 : 102)
(14 : 5)
(23 : 34)
(34 : 35)
(63 : 74)
(74 : 75)
(64 : 65)
(56 : 44)
(79 : 90)
(117 : 118)
(16 : 7)
(82 : 83)
(31 : 32)
(32 : 44)
(118 : 119)
(86 : 87)
(87 : 76)
(53 : 41)
(41 : 42)
(37 : 49)
(66 : 65)
(66 : 77)
(30 : 19)
(30 : 31)
(82 : 81)
(26 : 25)
(34 : 33)
(33 : 45)
(93 : 94)
(60 : 61)
(52 : 40)
(103 : 104)
(83 : 72)
(72 : 71)
(19 : 9)
(80 : 79)
(2 : 3)
(107 : 108)
(108 : 109)
(29 : 28)
(7 : 6)
(22 : 12)
(12 : 3)
(3 : 4)
(4 : 5)
(10 : 20)
(10 : 9)
(54 : 65)
(107 : 100)
(40 : 39)
(21 : 32)
(19 : 18)
(40 : 41)
(81 : 92)
(33 : 22)
(44 : 43)
(74 : 85)
(80 : 69)
(20 : 31)
(109 : 116)
(116 : 117)
(16 : 15)
(15 : 6)
(15 : 14)
(87 : 88)
(104 : 105)
(111 : 112)
(112 : 105)
(52 : 51)
(41 : 29)
(11 : 12)
(1 : 0)
(0 : 9)
(92 : 103)
(111 : 118)
(108 : 115)
(115 : 114)
(40 : 28)
(76 : 77)
(62 : 73)
(23 : 13)
(59 : 60)
(77 : 88)
(90 : 101)
(101 : 102)
(97 : 96)
(96 : 85)
(25 : 15)
(51 : 50)
(39 : 27)
(27 : 28)
(75 : 64)
(18 : 17)
(74 : 73)
(33 : 32)
(100 : 99)
(99 : 88)
(97 : 106)
(18 : 8)
(8 : 9)
(94 : 83)
(61 : 49)
(61 : 72)
(97 : 98)
(96 : 95)
(86 : 85)
(34 : 46)
(39 : 38)
(36 : 35)
(57 : 56)
(28 : 17)
(95 : 84)
(84 : 85)
(102 : 109)
(114 : 113)
