732.0
4
20
67 87 45 74 53 65 77 75 56 54 69 61 105 23 90 48 31 92 108 26 
74.0 63.0 55.0 38.0 13.0 12.0 84.0 76.0 75.0 53.0 58.0 14.0 87.0 76.0 41.0 12.0 0.0 21.0 29.0 11.0 92.0 92.0 51.0 43.0 75.0 5.0 48.0 10.0 68.0 43.0 97.0 75.0 15.0 0.0 99.0 16.0 93.0 50.0 69.0 7.0 71.0 66.0 71.0 44.0 76.0 26.0 35.0 50.0 84.0 73.0 6.0 14.0 87.0 97.0 21.0 37.0 30.0 18.0 39.0 13.0 68.0 62.0 29.0 53.0 64.0 38.0 69.0 0.0 13.0 12.0 70.0 25.0 35.0 3.0 42.0 64.0 16.0 23.0 78.0 17.0 5.0 86.0 26.0 40.0 19.0 1.0 33.0 45.0 88.0 22.0 43.0 70.0 19.0 46.0 22.0 10.0 18.0 12.0 47.0 46.0 
(45 : 44)
(56 : 55)
(26 : 15)
(65 : 66)
(66 : 77)
(31 : 20)
(67 : 57)
(90 : 91)
(90 : 80)
(15 : 5)
(54 : 64)
(64 : 65)
(31 : 30)
(105 : 95)
(65 : 76)
(76 : 77)
(95 : 86)
(86 : 76)
(86 : 87)
(15 : 16)
(55 : 54)
(55 : 65)
(44 : 34)
(23 : 12)
(74 : 73)
(92 : 93)
(67 : 68)
(68 : 69)
(15 : 14)
(90 : 89)
(61 : 51)
(89 : 88)
(88 : 87)
(67 : 78)
(78 : 88)
(86 : 85)
(85 : 75)
(77 : 78)
(93 : 94)
(48 : 38)
(73 : 72)
(54 : 43)
(94 : 104)
(78 : 79)
(79 : 68)
(91 : 100)
(38 : 27)
(27 : 26)
(31 : 32)
(57 : 58)
(57 : 46)
(34 : 33)
(80 : 81)
(81 : 91)
(64 : 63)
(77 : 87)
(108 : 109)
(34 : 35)
(63 : 62)
(12 : 2)
(46 : 36)
(36 : 35)
(69 : 59)
(59 : 48)
(89 : 98)
(98 : 108)
(20 : 19)
(105 : 106)
(35 : 24)
(94 : 95)
(58 : 47)
(85 : 84)
(5 : 4)
(4 : 14)
(105 : 114)
(95 : 96)
(79 : 80)
(81 : 70)
(73 : 83)
(83 : 84)
(62 : 52)
(52 : 53)
(23 : 22)
(47 : 37)
(36 : 25)
(25 : 24)
(25 : 26)
(31 : 41)
(41 : 52)
(27 : 28)
(85 : 94)
(72 : 71)
(25 : 14)
(59 : 60)
(80 : 69)
(43 : 42)
(42 : 41)
(109 : 118)
(43 : 33)
(14 : 13)
(13 : 12)
(53 : 63)
(104 : 103)
(58 : 68)
(16 : 17)
(17 : 28)
(114 : 115)
(115 : 106)
(76 : 75)
(72 : 82)
(104 : 113)
(69 : 70)
(88 : 97)
(75 : 74)
(97 : 107)
(107 : 106)
(12 : 11)
(11 : 22)
(103 : 112)
(74 : 63)
(74 : 84)
(100 : 99)
(11 : 1)
(1 : 2)
(38 : 39)
(39 : 28)
(105 : 104)
(97 : 98)
(62 : 73)
(107 : 116)
(108 : 117)
(117 : 116)
(117 : 118)
(48 : 49)
(49 : 39)
(90 : 99)
(66 : 56)
(70 : 60)
(59 : 58)
(2 : 3)
(5 : 6)
(13 : 3)
(87 : 96)
(30 : 29)
(99 : 109)
(36 : 37)
(46 : 45)
(112 : 111)
(53 : 54)
(48 : 47)
(92 : 102)
(112 : 113)
(23 : 34)
(56 : 45)
(56 : 57)
(118 : 119)
(3 : 4)
(23 : 24)
(93 : 103)
(89 : 79)
(24 : 13)
(102 : 101)
(30 : 40)
(33 : 22)
(83 : 92)
(53 : 42)
(100 : 110)
(116 : 115)
(72 : 61)
(22 : 21)
(21 : 32)
(66 : 67)
(51 : 50)
(17 : 7)
(20 : 9)
(21 : 10)
(10 : 9)
(109 : 110)
(62 : 61)
(1 : 0)
(98 : 99)
(19 : 8)
(19 : 18)
(18 : 29)
