4350.0
8
20
278 411 146 342 198 272 351 345 204 200 284 261 499 37 415 152 85 453 508 45 
13.0 5.0 54.0 37.0 97.0 26.0 69.0 58.0 67.0 87.0 90.0 62.0 40.0 5.0 1.0 69.0 23.0 78.0 48.0 1.0 67.0 94.0 18.0 33.0 76.0 25.0 44.0 65.0 50.0 29.0 17.0 93.0 91.0 42.0 23.0 79.0 25.0 21.0 62.0 18.0 39.0 69.0 66.0 72.0 35.0 19.0 99.0 47.0 13.0 26.0 61.0 93.0 1.0 95.0 11.0 62.0 30.0 97.0 28.0 95.0 49.0 24.0 44.0 64.0 14.0 70.0 74.0 87.0 95.0 88.0 87.0 32.0 31.0 22.0 25.0 23.0 85.0 10.0 65.0 94.0 11.0 31.0 72.0 88.0 15.0 1.0 74.0 30.0 87.0 42.0 98.0 13.0 96.0 84.0 89.0 91.0 28.0 36.0 11.0 97.0 35.0 20.0 10.0 9.0 45.0 64.0 67.0 50.0 46.0 52.0 20.0 23.0 14.0 48.0 76.0 71.0 13.0 45.0 85.0 43.0 17.0 68.0 26.0 15.0 62.0 81.0 20.0 53.0 17.0 82.0 49.0 39.0 27.0 39.0 79.0 88.0 16.0 44.0 45.0 8.0 12.0 87.0 69.0 56.0 51.0 26.0 5.0 6.0 74.0 34.0 90.0 97.0 28.0 57.0 26.0 93.0 88.0 37.0 35.0 90.0 20.0 22.0 93.0 93.0 81.0 67.0 21.0 36.0 50.0 2.0 74.0 1.0 15.0 71.0 26.0 9.0 48.0 44.0 58.0 61.0 86.0 75.0 52.0 38.0 63.0 79.0 24.0 36.0 57.0 34.0 49.0 42.0 51.0 41.0 33.0 75.0 30.0 12.0 59.0 72.0 81.0 53.0 69.0 56.0 57.0 45.0 58.0 95.0 24.0 76.0 74.0 51.0 10.0 32.0 34.0 46.0 24.0 42.0 58.0 53.0 75.0 51.0 3.0 26.0 64.0 23.0 75.0 44.0 54.0 89.0 48.0 17.0 68.0 89.0 94.0 6.0 58.0 38.0 63.0 52.0 10.0 75.0 15.0 13.0 55.0 4.0 5.0 50.0 25.0 58.0 93.0 32.0 97.0 19.0 98.0 19.0 27.0 98.0 90.0 35.0 22.0 55.0 50.0 69.0 97.0 15.0 51.0 9.0 36.0 82.0 65.0 2.0 90.0 93.0 80.0 95.0 95.0 27.0 66.0 64.0 61.0 37.0 69.0 9.0 57.0 11.0 61.0 79.0 31.0 19.0 93.0 19.0 71.0 82.0 20.0 97.0 26.0 1.0 86.0 85.0 13.0 66.0 37.0 27.0 71.0 11.0 49.0 85.0 1.0 3.0 5.0 48.0 17.0 6.0 69.0 78.0 43.0 48.0 26.0 92.0 22.0 64.0 41.0 83.0 95.0 44.0 25.0 71.0 42.0 70.0 17.0 80.0 36.0 4.0 50.0 80.0 76.0 9.0 38.0 49.0 97.0 57.0 78.0 91.0 81.0 59.0 15.0 12.0 79.0 35.0 44.0 32.0 55.0 58.0 61.0 43.0 70.0 32.0 85.0 6.0 51.0 99.0 1.0 58.0 38.0 34.0 48.0 9.0 62.0 47.0 98.0 8.0 47.0 9.0 12.0 29.0 3.0 16.0 89.0 18.0 45.0 24.0 24.0 60.0 77.0 29.0 2.0 72.0 1.0 0.0 42.0 40.0 90.0 53.0 5.0 14.0 7.0 39.0 43.0 14.0 66.0 85.0 20.0 29.0 66.0 85.0 36.0 77.0 67.0 25.0 76.0 15.0 18.0 93.0 89.0 39.0 30.0 77.0 8.0 62.0 93.0 26.0 49.0 31.0 63.0 44.0 25.0 15.0 97.0 97.0 39.0 31.0 69.0 16.0 78.0 50.0 49.0 40.0 33.0 89.0 88.0 80.0 34.0 32.0 33.0 62.0 61.0 75.0 84.0 79.0 24.0 8.0 48.0 5.0 90.0 78.0 5.0 7.0 7.0 60.0 51.0 51.0 81.0 32.0 93.0 32.0 92.0 22.0 33.0 15.0 21.0 50.0 40.0 64.0 93.0 38.0 79.0 22.0 75.0 90.0 93.0 13.0 19.0 12.0 84.0 69.0 19.0 76.0 65.0 14.0 16.0 76.0 53.0 8.0 29.0 57.0 20.0 10.0 18.0 84.0 
(499 : 498)
(198 : 197)
(411 : 412)
(411 : 393)
(345 : 346)
(198 : 179)
(272 : 246)
(346 : 347)
(345 : 344)
(197 : 196)
(344 : 343)
(412 : 394)
(394 : 393)
(394 : 372)
(499 : 490)
(146 : 124)
(272 : 273)
(284 : 283)
(37 : 36)
(124 : 108)
(146 : 145)
(498 : 489)
(489 : 490)
(283 : 257)
(261 : 260)
(37 : 38)
(179 : 158)
(246 : 223)
(246 : 245)
(343 : 364)
(45 : 26)
(146 : 167)
(257 : 258)
(258 : 284)
(453 : 435)
(345 : 322)
(412 : 413)
(38 : 39)
(413 : 428)
(39 : 58)
(145 : 144)
(435 : 436)
(258 : 232)
(108 : 92)
(245 : 244)
(223 : 224)
(412 : 427)
(38 : 21)
(108 : 109)
(393 : 392)
(232 : 231)
(231 : 257)
(21 : 4)
(498 : 497)
(278 : 252)
(347 : 323)
(36 : 35)
(321 : 344)
(223 : 222)
(222 : 245)
(499 : 500)
(413 : 395)
(395 : 394)
(146 : 147)
(392 : 391)
(364 : 363)
(393 : 371)
(284 : 285)
(109 : 110)
(411 : 410)
(144 : 143)
(321 : 296)
(4 : 3)
(435 : 434)
(231 : 211)
(261 : 262)
(285 : 259)
(320 : 294)
(273 : 247)
(453 : 454)
(320 : 319)
(200 : 182)
(351 : 352)
(352 : 372)
(322 : 297)
(297 : 296)
(158 : 137)
(26 : 27)
(497 : 512)
(38 : 57)
(497 : 488)
(39 : 22)
(22 : 21)
(167 : 166)
(166 : 145)
(26 : 12)
(35 : 34)
(294 : 267)
(395 : 373)
(257 : 256)
(167 : 187)
(278 : 277)
(36 : 55)
(57 : 56)
(56 : 55)
(436 : 437)
(500 : 515)
(21 : 20)
(20 : 3)
(20 : 37)
(259 : 233)
(233 : 232)
(411 : 426)
(321 : 322)
(426 : 446)
(277 : 251)
(426 : 425)
(425 : 410)
(395 : 396)
(85 : 84)
(454 : 455)
(347 : 367)
(58 : 59)
(273 : 301)
(22 : 5)
(179 : 178)
(283 : 311)
(435 : 418)
(84 : 68)
(224 : 225)
(137 : 117)
(221 : 200)
(147 : 125)
(418 : 402)
(256 : 230)
(323 : 299)
(299 : 298)
(283 : 282)
(197 : 218)
(391 : 390)
(262 : 289)
(167 : 168)
(84 : 83)
(5 : 6)
(391 : 369)
(346 : 366)
(289 : 290)
(299 : 300)
(300 : 272)
(300 : 301)
(59 : 40)
(40 : 39)
(415 : 416)
(211 : 191)
(221 : 220)
(490 : 474)
(284 : 312)
(312 : 311)
(201 : 222)
(211 : 210)
(277 : 305)
(6 : 7)
(197 : 178)
(305 : 306)
(306 : 278)
(200 : 199)
(319 : 293)
(204 : 203)
(203 : 225)
(37 : 56)
(282 : 281)
(293 : 266)
(266 : 267)
(137 : 138)
(282 : 310)
(437 : 438)
(436 : 419)
(345 : 365)
(365 : 366)
(182 : 161)
(231 : 230)
(258 : 259)
(12 : 11)
(147 : 148)
(306 : 307)
(342 : 341)
(371 : 370)
(488 : 487)
(290 : 263)
(263 : 262)
(166 : 165)
(165 : 144)
(293 : 292)
(402 : 401)
(310 : 309)
(309 : 281)
(277 : 276)
(45 : 46)
(46 : 27)
(230 : 229)
(290 : 291)
(291 : 292)
(218 : 219)
(474 : 475)
(117 : 104)
(352 : 328)
(297 : 270)
(108 : 107)
(390 : 368)
(368 : 367)
(368 : 369)
(165 : 185)
(185 : 202)
(273 : 274)
(92 : 91)
(137 : 136)
(488 : 473)
(488 : 489)
(56 : 73)
(298 : 271)
(143 : 122)
(85 : 86)
(183 : 182)
(35 : 19)
(165 : 164)
(164 : 143)
(306 : 330)
(263 : 237)
(148 : 149)
(285 : 313)
(202 : 224)
(202 : 203)
(499 : 514)
(158 : 159)
(454 : 469)
(270 : 269)
(106 : 90)
(291 : 317)
(276 : 275)
(371 : 351)
(371 : 372)
(418 : 417)
(417 : 401)
(274 : 248)
(27 : 28)
(278 : 279)
(290 : 316)
(316 : 317)
(34 : 33)
(368 : 348)
(295 : 296)
(159 : 160)
(160 : 161)
(402 : 381)
(90 : 74)
(74 : 57)
(74 : 73)
(415 : 398)
(266 : 240)
(323 : 324)
(301 : 325)
(266 : 265)
(265 : 292)
(35 : 54)
(366 : 388)
(274 : 302)
(328 : 304)
(304 : 305)
(83 : 100)
(68 : 50)
(342 : 363)
(342 : 343)
(110 : 94)
(364 : 385)
(369 : 349)
(161 : 162)
(162 : 183)
(311 : 334)
(44 : 43)
(43 : 25)
(203 : 186)
(186 : 187)
(117 : 116)
(116 : 136)
(12 : 13)
(247 : 224)
(247 : 246)
(269 : 268)
(268 : 267)
(136 : 135)
(50 : 49)
(425 : 424)
(237 : 238)
(341 : 340)
(281 : 280)
(508 : 509)
(159 : 180)
(369 : 370)
(232 : 212)
(90 : 89)
(436 : 454)
(302 : 326)
(402 : 403)
(183 : 184)
(184 : 201)
(27 : 13)
(251 : 250)
(250 : 276)
(162 : 141)
(148 : 169)
(392 : 370)
(392 : 410)
(291 : 264)
(264 : 263)
(261 : 288)
(307 : 308)
(308 : 280)
(500 : 501)
(158 : 157)
(157 : 178)
(54 : 53)
(53 : 34)
(280 : 254)
(509 : 495)
(162 : 163)
(163 : 164)
(455 : 470)
(204 : 205)
(219 : 241)
(349 : 350)
(455 : 456)
(456 : 438)
(58 : 75)
(75 : 91)
(25 : 10)
(10 : 11)
(292 : 318)
(250 : 249)
(249 : 248)
(249 : 275)
(49 : 48)
(10 : 9)
(237 : 236)
(302 : 303)
(303 : 304)
(240 : 239)
(239 : 238)
(239 : 265)
(229 : 209)
(511 : 512)
(362 : 361)
(276 : 304)
(13 : 14)
(14 : 28)
(363 : 384)
(384 : 385)
(160 : 181)
(181 : 180)
(181 : 182)
(426 : 427)
(456 : 457)
(487 : 472)
(34 : 18)
(109 : 93)
(93 : 94)
(428 : 447)
(347 : 348)
(302 : 301)
(512 : 513)
(513 : 514)
(398 : 377)
(453 : 452)
(452 : 434)
(185 : 186)
(109 : 125)
(148 : 126)
(126 : 125)
(318 : 340)
(318 : 319)
(351 : 327)
(327 : 303)
(334 : 333)
(428 : 429)
(508 : 507)
(33 : 32)
(434 : 433)
(270 : 243)
(243 : 221)
(243 : 244)
(445 : 424)
(419 : 418)
(501 : 516)
(516 : 515)
(459 : 443)
(110 : 111)
(157 : 156)
(149 : 170)
(111 : 95)
(111 : 112)
(507 : 506)
(475 : 476)
(476 : 462)
(25 : 24)
(24 : 9)
(289 : 315)
(90 : 91)
(236 : 215)
(83 : 67)
(67 : 68)
(2 : 3)
(7 : 8)
(313 : 336)
(111 : 127)
(396 : 374)
(374 : 373)
(254 : 255)
(255 : 229)
(255 : 281)
(204 : 187)
(92 : 76)
(76 : 75)
(317 : 339)
(339 : 361)
(487 : 486)
(384 : 405)
(405 : 404)
(326 : 327)
(85 : 102)
(269 : 242)
(242 : 243)
(116 : 115)
(115 : 135)
(333 : 357)
(163 : 142)
(142 : 141)
(373 : 353)
(353 : 352)
(305 : 329)
(329 : 328)
(329 : 330)
(194 : 176)
(457 : 439)
(307 : 331)
(117 : 118)
(118 : 138)
(19 : 1)
(452 : 468)
(127 : 128)
(128 : 112)
(400 : 379)
(252 : 227)
(320 : 342)
(191 : 190)
(429 : 448)
(448 : 447)
(401 : 380)
(380 : 379)
(384 : 383)
(468 : 467)
(508 : 518)
(157 : 136)
(330 : 354)
(374 : 375)
(324 : 300)
(350 : 326)
(350 : 370)
(350 : 351)
(53 : 72)
(102 : 101)
(101 : 100)
(379 : 378)
(459 : 460)
(460 : 474)
(94 : 78)
(122 : 121)
(121 : 142)
(501 : 491)
(94 : 95)
(227 : 207)
(385 : 406)
(194 : 195)
(112 : 96)
(319 : 341)
(388 : 389)
(389 : 367)
(389 : 390)
(124 : 123)
(4 : 5)
(433 : 432)
(513 : 498)
(124 : 125)
(353 : 329)
(353 : 354)
(128 : 150)
(255 : 256)
(424 : 423)
(406 : 421)
(421 : 439)
(270 : 271)
(8 : 23)
(507 : 517)
(75 : 74)
(495 : 481)
(476 : 477)
(439 : 440)
(67 : 66)
(66 : 48)
(14 : 15)
(207 : 206)
(206 : 205)
(239 : 217)
(446 : 463)
(318 : 317)
(501 : 502)
(396 : 397)
(379 : 360)
(59 : 60)
(93 : 77)
(506 : 505)
(380 : 381)
(181 : 199)
(33 : 17)
(236 : 235)
(502 : 492)
(492 : 477)
(492 : 491)
(159 : 138)
(354 : 355)
(355 : 375)
(415 : 431)
(194 : 193)
(193 : 215)
(48 : 47)
(44 : 64)
(460 : 444)
(444 : 443)
(43 : 63)
(63 : 64)
(462 : 461)
(461 : 445)
(461 : 460)
(196 : 195)
(196 : 217)
(424 : 409)
(409 : 410)
(115 : 114)
(114 : 102)
(101 : 113)
(49 : 30)
(252 : 253)
(227 : 228)
(268 : 295)
(72 : 71)
(49 : 67)
(152 : 153)
(437 : 455)
(236 : 262)
(153 : 131)
(217 : 216)
(216 : 195)
(71 : 87)
(282 : 256)
(82 : 81)
(82 : 98)
(470 : 485)
(230 : 210)
(44 : 45)
(502 : 503)
(43 : 42)
(42 : 24)
(315 : 314)
(509 : 519)
(360 : 359)
(509 : 510)
(215 : 214)
(191 : 172)
(212 : 192)
(2 : 1)
(114 : 134)
(134 : 135)
(121 : 105)
(107 : 91)
(107 : 106)
(448 : 466)
(463 : 464)
(357 : 356)
(138 : 139)
(139 : 160)
(211 : 212)
(113 : 133)
(404 : 403)
(15 : 29)
(29 : 28)
(381 : 382)
(382 : 383)
(149 : 150)
(168 : 147)
(191 : 192)
(475 : 461)
(89 : 88)
(128 : 129)
(217 : 218)
(235 : 234)
(209 : 189)
(71 : 70)
(458 : 472)
(177 : 155)
(155 : 134)
(98 : 97)
(251 : 252)
(170 : 188)
(188 : 207)
(251 : 226)
(325 : 324)
(325 : 326)
(470 : 471)
(471 : 456)
(17 : 16)
(96 : 80)
(220 : 242)
(135 : 156)
(98 : 99)
(99 : 100)
(131 : 130)
(130 : 152)
(115 : 103)
(103 : 102)
(405 : 420)
(420 : 421)
(101 : 84)
(514 : 515)
(448 : 449)
(360 : 337)
(265 : 264)
(60 : 61)
(61 : 78)
(464 : 478)
(478 : 477)
(260 : 287)
(287 : 288)
(365 : 387)
(387 : 386)
(398 : 399)
(41 : 23)
(41 : 61)
(41 : 42)
(287 : 286)
(420 : 438)
(443 : 422)
(422 : 423)
(510 : 496)
(496 : 495)
(367 : 366)
(423 : 408)
(408 : 390)
(408 : 409)
(152 : 151)
(151 : 172)
(267 : 241)
(233 : 213)
(213 : 212)
(354 : 374)
(387 : 407)
(161 : 140)
(140 : 120)
(140 : 139)
(140 : 141)
(464 : 465)
(465 : 447)
(465 : 466)
(240 : 218)
(52 : 32)
(52 : 70)
(235 : 261)
(331 : 332)
(332 : 308)
(473 : 472)
(139 : 119)
(119 : 118)
(119 : 120)
(310 : 333)
(310 : 311)
(30 : 31)
(31 : 50)
(469 : 484)
(484 : 483)
(484 : 485)
(80 : 79)
(79 : 78)
(79 : 95)
(452 : 451)
(451 : 433)
(451 : 467)
(324 : 348)
(59 : 76)
(294 : 295)
(190 : 171)
(171 : 172)
(483 : 482)
(482 : 468)
(176 : 175)
(175 : 193)
(198 : 219)
(192 : 173)
(173 : 152)
(173 : 172)
(327 : 328)
(449 : 430)
(430 : 429)
(494 : 479)
(1 : 0)
(0 : 18)
(52 : 51)
(505 : 493)
(479 : 480)
(480 : 481)
(387 : 388)
(173 : 174)
(174 : 153)
(133 : 132)
(176 : 154)
(154 : 133)
(154 : 155)
(46 : 65)
(505 : 504)
(504 : 503)
(449 : 450)
(357 : 376)
(312 : 335)
(335 : 334)
(335 : 336)
(207 : 208)
(208 : 228)
(70 : 69)
(69 : 51)
(199 : 220)
(19 : 18)
(397 : 414)
(414 : 430)
(339 : 338)
(338 : 316)
(338 : 337)
(155 : 156)
(289 : 288)
(79 : 62)
(62 : 42)
(62 : 61)
(62 : 63)
(440 : 441)
(441 : 458)
(441 : 442)
(335 : 358)
(358 : 377)
