1673.0
6
20
131 178 71 150 97 127 154 151 102 99 135 121 212 19 182 77 42 199 217 21 
20.0 13.0 13.0 24.0 64.0 5.0 30.0 57.0 87.0 90.0 94.0 87.0 35.0 41.0 5.0 87.0 49.0 72.0 76.0 61.0 41.0 59.0 78.0 67.0 47.0 60.0 39.0 64.0 27.0 52.0 31.0 61.0 47.0 79.0 68.0 1.0 3.0 66.0 63.0 29.0 29.0 39.0 73.0 14.0 18.0 22.0 7.0 26.0 78.0 45.0 17.0 34.0 56.0 15.0 50.0 25.0 15.0 49.0 8.0 1.0 59.0 50.0 76.0 86.0 14.0 61.0 54.0 55.0 90.0 77.0 85.0 37.0 0.0 38.0 85.0 97.0 87.0 38.0 54.0 37.0 30.0 37.0 92.0 79.0 83.0 34.0 66.0 27.0 90.0 92.0 39.0 79.0 69.0 73.0 11.0 9.0 67.0 45.0 46.0 67.0 49.0 68.0 18.0 96.0 84.0 63.0 45.0 62.0 5.0 85.0 3.0 20.0 2.0 97.0 61.0 39.0 60.0 59.0 24.0 98.0 13.0 72.0 78.0 45.0 31.0 41.0 77.0 96.0 4.0 26.0 77.0 12.0 89.0 35.0 80.0 31.0 55.0 25.0 59.0 4.0 78.0 28.0 24.0 5.0 89.0 15.0 5.0 10.0 53.0 43.0 98.0 69.0 5.0 10.0 16.0 88.0 44.0 57.0 7.0 51.0 54.0 11.0 45.0 9.0 65.0 61.0 33.0 94.0 34.0 4.0 20.0 67.0 6.0 60.0 34.0 95.0 26.0 95.0 3.0 51.0 83.0 35.0 58.0 50.0 88.0 61.0 49.0 84.0 51.0 19.0 16.0 23.0 77.0 45.0 57.0 93.0 78.0 60.0 62.0 5.0 
(217 : 210)
(210 : 211)
(154 : 155)
(155 : 143)
(21 : 9)
(42 : 41)
(41 : 26)
(42 : 43)
(21 : 22)
(135 : 134)
(9 : 8)
(178 : 177)
(182 : 169)
(177 : 176)
(41 : 53)
(155 : 165)
(134 : 133)
(210 : 209)
(150 : 149)
(43 : 28)
(9 : 10)
(10 : 22)
(217 : 218)
(28 : 29)
(22 : 38)
(211 : 205)
(127 : 115)
(115 : 114)
(218 : 219)
(28 : 27)
(125 : 126)
(126 : 127)
(133 : 118)
(115 : 101)
(134 : 119)
(101 : 100)
(100 : 99)
(144 : 132)
(132 : 133)
(87 : 72)
(10 : 11)
(151 : 152)
(119 : 106)
(106 : 91)
(115 : 116)
(131 : 130)
(143 : 142)
(217 : 216)
(216 : 209)
(126 : 139)
(102 : 103)
(72 : 58)
(142 : 129)
(129 : 130)
(209 : 208)
(97 : 82)
(169 : 168)
(11 : 23)
(38 : 37)
(27 : 14)
(64 : 81)
(210 : 204)
(87 : 88)
(139 : 140)
(26 : 25)
(142 : 141)
(144 : 145)
(193 : 179)
(216 : 215)
(29 : 15)
(77 : 76)
(19 : 4)
(162 : 161)
(151 : 163)
(204 : 194)
(161 : 160)
(160 : 149)
(205 : 195)
(195 : 194)
(195 : 196)
(150 : 138)
(29 : 30)
(156 : 145)
(141 : 128)
(199 : 185)
(153 : 152)
(37 : 36)
(194 : 180)
(105 : 104)
(76 : 75)
(119 : 120)
(120 : 135)
(101 : 85)
(85 : 86)
(203 : 202)
(120 : 107)
(107 : 106)
(104 : 117)
(117 : 131)
(77 : 92)
(114 : 113)
(113 : 99)
(51 : 50)
(50 : 38)
(50 : 61)
(163 : 164)
(164 : 152)
(2 : 1)
(43 : 44)
(44 : 54)
(86 : 70)
(70 : 71)
(113 : 112)
(162 : 173)
(167 : 156)
(167 : 180)
(180 : 181)
(23 : 39)
(81 : 80)
(185 : 184)
(184 : 170)
(40 : 52)
(25 : 24)
(24 : 40)
(125 : 124)
(185 : 171)
(171 : 170)
(37 : 49)
(112 : 111)
(111 : 97)
(84 : 83)
(70 : 69)
(121 : 122)
(184 : 183)
(49 : 60)
(60 : 61)
(24 : 12)
(171 : 172)
(54 : 65)
(65 : 64)
(160 : 159)
(159 : 171)
(192 : 203)
(170 : 158)
(158 : 159)
(199 : 200)
(58 : 48)
(112 : 98)
(98 : 99)
(7 : 8)
(163 : 174)
(174 : 187)
(91 : 90)
(97 : 96)
(138 : 137)
(60 : 59)
(80 : 95)
(95 : 96)
(192 : 191)
(72 : 73)
(73 : 88)
(30 : 31)
(107 : 92)
(165 : 166)
(177 : 190)
(111 : 110)
(110 : 96)
(19 : 32)
(35 : 34)
(34 : 20)
(176 : 175)
(175 : 164)
(175 : 174)
(141 : 140)
(50 : 49)
(12 : 0)
(0 : 1)
(47 : 34)
(47 : 48)
(69 : 68)
(121 : 109)
(146 : 134)
(146 : 145)
(146 : 157)
(204 : 205)
(118 : 119)
(105 : 89)
(89 : 88)
(89 : 90)
(21 : 37)
(22 : 23)
(19 : 18)
(80 : 79)
(81 : 96)
(90 : 75)
(26 : 27)
(176 : 189)
(189 : 190)
(35 : 48)
(104 : 103)
(52 : 62)
(62 : 78)
(12 : 13)
(13 : 1)
(13 : 25)
(136 : 121)
(29 : 44)
(18 : 17)
(17 : 31)
(69 : 57)
(114 : 126)
(182 : 196)
(54 : 55)
(198 : 183)
(82 : 81)
(3 : 17)
(152 : 139)
(33 : 32)
(33 : 34)
(136 : 147)
(30 : 16)
(16 : 15)
(16 : 17)
(174 : 173)
(195 : 181)
(95 : 94)
(94 : 79)
(198 : 197)
(63 : 62)
(138 : 123)
(123 : 111)
(123 : 124)
(201 : 202)
(84 : 67)
(67 : 68)
(218 : 211)
(75 : 74)
(74 : 59)
(74 : 73)
(74 : 89)
(108 : 109)
(6 : 5)
(5 : 20)
(113 : 125)
(208 : 203)
(159 : 148)
(148 : 149)
(180 : 179)
(197 : 206)
(87 : 103)
(45 : 31)
(200 : 186)
(186 : 172)
(186 : 185)
(142 : 154)
(132 : 131)
(175 : 188)
(188 : 187)
(188 : 189)
(55 : 66)
(66 : 65)
(66 : 83)
(66 : 67)
(93 : 78)
(93 : 108)
(214 : 207)
(207 : 201)
(69 : 85)
(150 : 161)
(181 : 168)
(55 : 56)
(56 : 45)
(56 : 67)
(167 : 168)
(72 : 71)
(45 : 46)
(91 : 76)
(127 : 140)
(127 : 128)
(82 : 65)
(208 : 215)
(99 : 84)
(214 : 213)
(213 : 212)
