1794.0
6
20
115 164 57 134 78 111 138 135 83 80 119 104 214 13 170 61 31 187 218 18 
76.0 4.0 56.0 36.0 26.0 75.0 39.0 11.0 76.0 84.0 90.0 45.0 20.0 62.0 60.0 51.0 36.0 76.0 9.0 25.0 97.0 42.0 45.0 55.0 24.0 13.0 4.0 94.0 90.0 43.0 87.0 25.0 26.0 0.0 89.0 15.0 45.0 62.0 79.0 98.0 39.0 74.0 15.0 37.0 12.0 89.0 44.0 62.0 91.0 43.0 86.0 82.0 94.0 33.0 23.0 72.0 31.0 84.0 58.0 31.0 95.0 91.0 83.0 97.0 26.0 4.0 76.0 82.0 34.0 34.0 38.0 34.0 57.0 95.0 92.0 26.0 1.0 99.0 10.0 83.0 99.0 44.0 52.0 33.0 91.0 5.0 76.0 54.0 39.0 63.0 65.0 50.0 35.0 30.0 63.0 65.0 39.0 62.0 83.0 71.0 10.0 34.0 99.0 41.0 82.0 84.0 45.0 97.0 97.0 94.0 28.0 20.0 32.0 59.0 81.0 31.0 26.0 94.0 47.0 50.0 12.0 53.0 72.0 54.0 24.0 0.0 29.0 97.0 76.0 36.0 3.0 87.0 48.0 83.0 21.0 27.0 17.0 70.0 74.0 29.0 83.0 95.0 56.0 20.0 58.0 94.0 40.0 26.0 21.0 10.0 9.0 29.0 9.0 80.0 2.0 22.0 66.0 69.0 67.0 96.0 80.0 58.0 63.0 82.0 15.0 97.0 27.0 83.0 86.0 58.0 33.0 94.0 28.0 96.0 19.0 85.0 0.0 1.0 44.0 96.0 78.0 15.0 13.0 28.0 18.0 31.0 91.0 78.0 30.0 48.0 84.0 76.0 43.0 4.0 38.0 49.0 24.0 34.0 18.0 90.0 
(83 : 70)
(187 : 172)
(104 : 105)
(18 : 19)
(135 : 123)
(172 : 173)
(214 : 215)
(215 : 205)
(205 : 189)
(18 : 5)
(71 : 70)
(71 : 72)
(18 : 17)
(70 : 69)
(138 : 139)
(170 : 154)
(5 : 4)
(104 : 120)
(172 : 171)
(80 : 67)
(105 : 106)
(104 : 90)
(111 : 112)
(189 : 176)
(17 : 16)
(69 : 56)
(56 : 57)
(204 : 205)
(134 : 145)
(205 : 206)
(61 : 60)
(4 : 3)
(67 : 53)
(56 : 45)
(172 : 158)
(13 : 14)
(206 : 190)
(164 : 149)
(146 : 160)
(134 : 133)
(47 : 48)
(14 : 24)
(71 : 84)
(84 : 83)
(124 : 111)
(204 : 203)
(19 : 20)
(115 : 100)
(45 : 46)
(46 : 47)
(135 : 136)
(139 : 150)
(218 : 219)
(83 : 98)
(149 : 148)
(150 : 151)
(84 : 99)
(3 : 2)
(108 : 107)
(107 : 122)
(138 : 137)
(137 : 148)
(13 : 1)
(139 : 127)
(69 : 82)
(82 : 83)
(176 : 177)
(100 : 85)
(85 : 72)
(85 : 84)
(203 : 202)
(154 : 153)
(191 : 178)
(178 : 177)
(156 : 143)
(20 : 29)
(170 : 169)
(169 : 153)
(48 : 58)
(218 : 217)
(3 : 16)
(189 : 190)
(191 : 192)
(171 : 157)
(106 : 92)
(116 : 115)
(58 : 59)
(5 : 6)
(6 : 19)
(178 : 165)
(165 : 150)
(85 : 86)
(61 : 73)
(99 : 114)
(114 : 127)
(170 : 183)
(207 : 193)
(147 : 148)
(131 : 132)
(132 : 120)
(132 : 143)
(31 : 22)
(137 : 125)
(125 : 112)
(193 : 180)
(100 : 99)
(180 : 179)
(179 : 178)
(112 : 97)
(97 : 98)
(4 : 17)
(184 : 195)
(47 : 37)
(78 : 79)
(79 : 80)
(43 : 54)
(54 : 53)
(153 : 141)
(70 : 57)
(90 : 75)
(195 : 210)
(60 : 51)
(159 : 173)
(109 : 94)
(144 : 143)
(147 : 163)
(105 : 91)
(91 : 90)
(91 : 92)
(101 : 87)
(87 : 86)
(98 : 113)
(113 : 112)
(113 : 114)
(174 : 160)
(116 : 117)
(51 : 39)
(59 : 49)
(119 : 103)
(118 : 119)
(54 : 55)
(165 : 166)
(166 : 179)
(46 : 57)
(93 : 92)
(93 : 107)
(133 : 122)
(107 : 106)
(56 : 55)
(115 : 128)
(128 : 127)
(24 : 25)
(185 : 186)
(186 : 171)
(116 : 129)
(150 : 149)
(160 : 161)
(161 : 162)
(159 : 158)
(51 : 50)
(163 : 162)
(113 : 126)
(126 : 125)
(126 : 138)
(126 : 127)
(29 : 28)
(28 : 19)
(28 : 39)
(124 : 125)
(15 : 14)
(15 : 25)
(183 : 182)
(182 : 169)
(31 : 30)
(58 : 72)
(101 : 102)
(102 : 118)
(102 : 103)
(166 : 167)
(167 : 180)
(210 : 211)
(30 : 21)
(21 : 22)
(157 : 144)
(129 : 130)
(130 : 117)
(140 : 129)
(157 : 158)
(157 : 156)
(218 : 208)
(208 : 207)
(213 : 212)
(192 : 193)
(193 : 194)
(194 : 208)
(187 : 198)
(198 : 199)
(73 : 88)
(88 : 103)
(89 : 74)
(74 : 75)
(143 : 142)
(142 : 131)
(142 : 155)
(129 : 128)
(115 : 114)
(79 : 66)
(66 : 67)
(192 : 179)
(180 : 181)
(181 : 194)
(181 : 182)
(149 : 138)
(195 : 196)
(196 : 185)
(196 : 211)
(34 : 43)
(34 : 35)
(94 : 95)
(95 : 80)
(95 : 110)
(95 : 96)
(145 : 146)
(94 : 79)
(216 : 217)
(17 : 27)
(118 : 117)
(197 : 186)
(197 : 196)
(197 : 198)
(184 : 185)
(152 : 153)
(68 : 54)
(68 : 67)
(27 : 26)
(26 : 16)
(121 : 105)
(31 : 32)
(212 : 201)
(201 : 202)
(96 : 81)
(81 : 68)
(81 : 80)
(11 : 10)
(75 : 63)
(1 : 0)
(98 : 99)
(12 : 0)
(12 : 11)
(12 : 13)
(42 : 30)
(181 : 168)
(168 : 152)
(168 : 167)
(168 : 169)
(91 : 76)
(76 : 75)
(162 : 175)
(177 : 164)
(208 : 209)
(209 : 219)
(76 : 64)
(64 : 63)
(10 : 9)
(187 : 186)
(117 : 101)
(55 : 44)
(44 : 35)
(44 : 43)
(44 : 45)
(42 : 41)
(110 : 123)
(201 : 200)
(200 : 188)
(200 : 199)
(9 : 8)
(27 : 38)
(38 : 49)
(10 : 23)
(23 : 33)
(36 : 24)
(36 : 35)
(36 : 45)
(63 : 62)
(62 : 74)
(41 : 40)
(78 : 77)
(77 : 65)
(77 : 93)
(21 : 7)
(42 : 52)
(52 : 64)
