1735.0
5
10
69 102 23 84 40 65 90 86 45 42 
38.0 98.0 78.0 35.0 86.0 34.0 80.0 5.0 34.0 22.0 58.0 70.0 94.0 15.0 75.0 93.0 32.0 35.0 2.0 19.0 2.0 99.0 43.0 73.0 66.0 77.0 31.0 42.0 32.0 80.0 27.0 36.0 59.0 30.0 14.0 66.0 47.0 81.0 32.0 15.0 42.0 12.0 21.0 2.0 89.0 7.0 69.0 64.0 28.0 97.0 1.0 46.0 64.0 44.0 10.0 71.0 76.0 90.0 88.0 23.0 7.0 86.0 41.0 11.0 24.0 95.0 9.0 66.0 39.0 18.0 41.0 92.0 94.0 64.0 65.0 16.0 94.0 88.0 19.0 58.0 84.0 30.0 87.0 11.0 95.0 23.0 74.0 57.0 8.0 43.0 12.0 83.0 89.0 99.0 91.0 82.0 39.0 62.0 13.0 77.0 
(102 : 103)
(86 : 75)
(84 : 85)
(40 : 29)
(40 : 41)
(65 : 54)
(75 : 76)
(40 : 39)
(90 : 79)
(90 : 89)
(42 : 31)
(23 : 13)
(69 : 70)
(90 : 96)
(69 : 68)
(103 : 108)
(13 : 12)
(108 : 107)
(107 : 106)
(69 : 58)
(31 : 20)
(76 : 64)
(58 : 57)
(57 : 68)
(58 : 47)
(65 : 66)
(103 : 97)
(86 : 87)
(79 : 67)
(67 : 66)
(23 : 24)
(97 : 91)
(57 : 46)
(46 : 45)
(102 : 101)
(101 : 106)
(64 : 53)
(53 : 54)
(89 : 88)
(88 : 87)
(20 : 9)
(29 : 18)
(70 : 59)
(101 : 95)
(31 : 32)
(42 : 43)
(9 : 0)
(31 : 30)
(103 : 104)
(24 : 36)
(36 : 46)
(89 : 78)
(78 : 66)
(78 : 79)
(13 : 4)
(43 : 44)
(85 : 74)
(74 : 75)
(97 : 98)
(98 : 104)
(75 : 63)
(63 : 64)
(24 : 25)
(86 : 94)
(24 : 14)
(29 : 28)
(28 : 39)
(65 : 77)
(104 : 109)
(23 : 22)
(22 : 12)
(39 : 38)
(23 : 35)
(57 : 56)
(56 : 67)
(63 : 62)
(62 : 74)
(38 : 49)
(70 : 82)
(25 : 26)
(59 : 48)
(48 : 47)
(12 : 11)
(32 : 21)
(79 : 80)
(80 : 91)
(98 : 92)
(106 : 105)
(98 : 99)
(41 : 51)
(30 : 19)
(39 : 50)
(50 : 49)
(4 : 3)
(3 : 12)
(11 : 10)
(28 : 27)
(105 : 100)
(100 : 101)
(49 : 60)
(19 : 8)
(8 : 9)
(28 : 17)
(17 : 18)
(92 : 81)
(81 : 69)
(81 : 80)
(84 : 73)
(14 : 15)
(15 : 25)
(44 : 33)
(73 : 72)
(94 : 93)
(10 : 1)
(1 : 0)
(73 : 61)
(18 : 7)
(26 : 16)
(7 : 6)
(35 : 34)
(34 : 33)
(72 : 71)
(42 : 52)
(52 : 51)
(52 : 63)
(11 : 2)
(36 : 37)
(37 : 25)
(54 : 55)
(55 : 66)
(55 : 56)
(72 : 83)
(83 : 84)
(14 : 5)
(5 : 4)
