1713.0
5
20
126 174 70 145 87 122 151 147 92 89 130 114 215 17 178 76 40 190 217 23 
78.0 72.0 7.0 75.0 56.0 54.0 62.0 86.0 60.0 99.0 99.0 66.0 6.0 39.0 33.0 58.0 69.0 7.0 35.0 7.0 57.0 33.0 45.0 79.0 95.0 31.0 47.0 61.0 29.0 59.0 13.0 74.0 8.0 91.0 45.0 61.0 15.0 74.0 79.0 89.0 44.0 13.0 40.0 92.0 1.0 3.0 35.0 78.0 40.0 26.0 7.0 24.0 66.0 40.0 5.0 54.0 8.0 3.0 79.0 86.0 9.0 45.0 31.0 48.0 63.0 24.0 38.0 9.0 75.0 90.0 13.0 70.0 25.0 91.0 36.0 83.0 94.0 17.0 73.0 74.0 85.0 27.0 94.0 90.0 26.0 42.0 64.0 62.0 86.0 15.0 23.0 17.0 96.0 88.0 46.0 89.0 68.0 86.0 90.0 68.0 70.0 45.0 83.0 43.0 78.0 49.0 20.0 26.0 74.0 92.0 44.0 21.0 28.0 24.0 95.0 17.0 88.0 16.0 9.0 20.0 91.0 20.0 5.0 95.0 59.0 35.0 20.0 14.0 19.0 65.0 55.0 55.0 2.0 85.0 19.0 91.0 55.0 95.0 33.0 25.0 96.0 44.0 60.0 62.0 72.0 43.0 94.0 3.0 98.0 2.0 4.0 80.0 40.0 92.0 17.0 36.0 14.0 95.0 15.0 14.0 29.0 79.0 37.0 69.0 13.0 58.0 26.0 76.0 79.0 70.0 61.0 0.0 79.0 83.0 48.0 97.0 14.0 42.0 18.0 13.0 20.0 65.0 20.0 99.0 61.0 35.0 2.0 95.0 87.0 80.0 50.0 4.0 12.0 66.0 10.0 42.0 80.0 44.0 79.0 75.0 
(17 : 4)
(87 : 88)
(122 : 104)
(126 : 125)
(4 : 3)
(76 : 64)
(92 : 81)
(81 : 70)
(23 : 22)
(87 : 78)
(130 : 112)
(190 : 191)
(190 : 179)
(178 : 167)
(40 : 39)
(147 : 134)
(40 : 41)
(41 : 42)
(17 : 16)
(16 : 3)
(40 : 54)
(167 : 166)
(126 : 127)
(190 : 189)
(217 : 218)
(130 : 129)
(122 : 121)
(22 : 21)
(217 : 208)
(121 : 120)
(22 : 36)
(174 : 173)
(23 : 24)
(218 : 219)
(215 : 214)
(151 : 138)
(41 : 28)
(134 : 135)
(178 : 177)
(177 : 166)
(17 : 18)
(42 : 29)
(29 : 28)
(191 : 192)
(138 : 139)
(139 : 125)
(191 : 202)
(18 : 32)
(92 : 93)
(41 : 55)
(87 : 86)
(139 : 140)
(140 : 126)
(191 : 180)
(112 : 97)
(122 : 136)
(129 : 111)
(114 : 115)
(145 : 133)
(36 : 35)
(35 : 21)
(89 : 80)
(88 : 102)
(102 : 119)
(173 : 162)
(129 : 143)
(180 : 170)
(170 : 156)
(126 : 108)
(125 : 124)
(215 : 204)
(202 : 201)
(201 : 212)
(114 : 113)
(122 : 123)
(156 : 144)
(144 : 145)
(202 : 203)
(170 : 171)
(60 : 59)
(76 : 75)
(127 : 109)
(22 : 9)
(174 : 163)
(35 : 48)
(78 : 77)
(77 : 86)
(173 : 183)
(119 : 118)
(118 : 133)
(204 : 194)
(3 : 2)
(202 : 213)
(39 : 27)
(177 : 176)
(177 : 187)
(187 : 188)
(188 : 178)
(93 : 94)
(171 : 157)
(157 : 145)
(157 : 156)
(35 : 34)
(163 : 164)
(183 : 184)
(171 : 181)
(181 : 180)
(181 : 192)
(94 : 83)
(16 : 15)
(108 : 107)
(121 : 103)
(103 : 104)
(34 : 20)
(59 : 58)
(127 : 128)
(128 : 129)
(164 : 165)
(162 : 150)
(150 : 151)
(2 : 1)
(162 : 161)
(16 : 30)
(201 : 200)
(34 : 33)
(89 : 90)
(147 : 148)
(148 : 135)
(138 : 137)
(81 : 82)
(82 : 83)
(157 : 158)
(208 : 207)
(182 : 183)
(204 : 205)
(114 : 99)
(59 : 44)
(54 : 53)
(53 : 39)
(194 : 193)
(127 : 141)
(141 : 140)
(61 : 71)
(71 : 70)
(71 : 82)
(113 : 98)
(111 : 110)
(110 : 109)
(208 : 209)
(21 : 8)
(39 : 38)
(109 : 95)
(38 : 26)
(55 : 65)
(65 : 77)
(148 : 160)
(160 : 161)
(34 : 47)
(110 : 96)
(96 : 95)
(71 : 72)
(47 : 46)
(46 : 33)
(212 : 211)
(211 : 200)
(166 : 154)
(30 : 31)
(31 : 32)
(124 : 106)
(106 : 92)
(87 : 101)
(101 : 102)
(170 : 169)
(64 : 51)
(169 : 155)
(128 : 142)
(142 : 143)
(76 : 84)
(33 : 19)
(19 : 18)
(59 : 68)
(172 : 160)
(184 : 185)
(8 : 7)
(36 : 37)
(37 : 23)
(68 : 67)
(67 : 58)
(61 : 62)
(62 : 72)
(70 : 69)
(69 : 60)
(69 : 68)
(86 : 85)
(92 : 91)
(58 : 43)
(43 : 44)
(115 : 116)
(188 : 198)
(106 : 105)
(105 : 123)
(48 : 49)
(200 : 199)
(207 : 206)
(58 : 57)
(186 : 176)
(118 : 117)
(75 : 74)
(197 : 209)
(197 : 198)
(55 : 56)
(140 : 152)
(23 : 10)
(27 : 13)
(145 : 146)
(146 : 158)
(19 : 6)
(6 : 7)
(174 : 175)
(175 : 164)
(175 : 185)
(26 : 12)
(12 : 13)
(215 : 216)
(78 : 66)
(131 : 116)
(185 : 196)
(194 : 195)
(195 : 183)
(60 : 45)
(45 : 32)
(10 : 11)
(11 : 24)
(198 : 210)
(49 : 63)
(72 : 73)
(73 : 74)
(26 : 25)
(169 : 168)
(99 : 100)
(136 : 149)
(149 : 148)
(149 : 161)
(149 : 150)
(194 : 182)
(135 : 121)
(53 : 52)
(52 : 38)
(88 : 79)
(79 : 78)
(79 : 80)
(49 : 50)
(50 : 37)
(147 : 159)
(159 : 158)
(159 : 160)
(13 : 0)
(13 : 14)
(18 : 5)
(5 : 4)
(5 : 6)
(133 : 132)
(132 : 117)
(132 : 131)
(132 : 144)
(154 : 153)
(153 : 142)
