1689.0
5
10
59 99 15 74 30 55 80 76 36 32 
14.0 98.0 82.0 58.0 27.0 87.0 18.0 33.0 39.0 52.0 81.0 59.0 62.0 52.0 56.0 64.0 16.0 72.0 36.0 69.0 44.0 64.0 95.0 21.0 43.0 84.0 46.0 32.0 74.0 75.0 12.0 32.0 15.0 14.0 10.0 34.0 82.0 25.0 68.0 36.0 60.0 4.0 8.0 53.0 94.0 63.0 74.0 73.0 22.0 26.0 23.0 81.0 99.0 59.0 85.0 82.0 84.0 12.0 58.0 1.0 94.0 91.0 29.0 54.0 80.0 51.0 10.0 72.0 9.0 17.0 8.0 41.0 68.0 12.0 12.0 46.0 38.0 47.0 21.0 35.0 38.0 90.0 36.0 95.0 34.0 91.0 2.0 24.0 77.0 91.0 37.0 65.0 35.0 48.0 73.0 35.0 37.0 1.0 83.0 54.0 
(32 : 22)
(36 : 35)
(32 : 31)
(31 : 42)
(80 : 68)
(55 : 45)
(45 : 46)
(30 : 29)
(35 : 34)
(68 : 67)
(34 : 33)
(55 : 54)
(80 : 79)
(79 : 89)
(42 : 43)
(43 : 32)
(68 : 69)
(69 : 81)
(81 : 80)
(99 : 100)
(33 : 23)
(36 : 47)
(47 : 46)
(55 : 66)
(100 : 107)
(67 : 56)
(22 : 11)
(74 : 75)
(75 : 76)
(22 : 21)
(21 : 31)
(69 : 58)
(58 : 59)
(36 : 26)
(99 : 90)
(90 : 89)
(33 : 44)
(15 : 14)
(58 : 48)
(81 : 82)
(26 : 27)
(107 : 108)
(68 : 57)
(57 : 58)
(107 : 106)
(106 : 99)
(76 : 64)
(30 : 20)
(20 : 21)
(89 : 98)
(26 : 25)
(25 : 35)
(59 : 60)
(36 : 37)
(37 : 48)
(69 : 70)
(70 : 59)
(108 : 101)
(64 : 53)
(59 : 49)
(14 : 13)
(20 : 19)
(101 : 92)
(92 : 82)
(89 : 88)
(64 : 65)
(65 : 54)
(65 : 66)
(75 : 63)
(30 : 41)
(108 : 109)
(106 : 105)
(105 : 104)
(92 : 93)
(25 : 24)
(24 : 23)
(24 : 34)
(76 : 77)
(88 : 87)
(101 : 102)
(102 : 93)
(15 : 6)
(88 : 78)
(78 : 79)
(49 : 38)
(75 : 85)
(74 : 73)
(81 : 91)
(91 : 90)
(91 : 92)
(14 : 5)
(27 : 16)
(16 : 15)
(16 : 7)
(7 : 6)
(85 : 86)
(5 : 4)
(4 : 13)
(73 : 72)
(86 : 95)
(11 : 12)
(12 : 23)
(4 : 3)
(41 : 40)
(40 : 29)
(88 : 97)
(97 : 104)
(19 : 18)
(41 : 51)
(95 : 96)
(96 : 87)
(38 : 28)
(53 : 52)
(52 : 42)
(93 : 83)
(4 : 1)
(72 : 61)
(3 : 0)
(95 : 94)
(28 : 17)
(17 : 16)
(38 : 39)
(20 : 9)
(72 : 84)
(49 : 50)
(50 : 39)
(50 : 60)
(96 : 103)
(103 : 104)
(63 : 62)
(21 : 10)
(10 : 9)
(10 : 11)
(17 : 8)
(8 : 7)
(60 : 71)
(8 : 2)
