1711.0
5
20
122 174 62 145 86 118 151 147 91 88 126 111 215 9 180 68 27 191 217 14 
18.0 33.0 30.0 38.0 40.0 46.0 32.0 71.0 71.0 75.0 19.0 66.0 19.0 64.0 38.0 76.0 57.0 12.0 4.0 25.0 99.0 80.0 31.0 93.0 65.0 40.0 82.0 96.0 99.0 23.0 66.0 33.0 59.0 0.0 50.0 65.0 6.0 61.0 71.0 93.0 26.0 36.0 69.0 64.0 53.0 47.0 73.0 62.0 8.0 36.0 54.0 15.0 5.0 43.0 81.0 35.0 7.0 24.0 74.0 85.0 12.0 52.0 42.0 8.0 81.0 90.0 38.0 58.0 97.0 4.0 42.0 22.0 48.0 76.0 1.0 86.0 81.0 73.0 21.0 76.0 84.0 53.0 12.0 75.0 62.0 31.0 8.0 48.0 78.0 58.0 97.0 14.0 10.0 65.0 8.0 52.0 76.0 76.0 46.0 56.0 35.0 7.0 6.0 59.0 34.0 86.0 33.0 6.0 44.0 50.0 42.0 48.0 49.0 8.0 18.0 84.0 96.0 66.0 92.0 48.0 54.0 12.0 81.0 56.0 12.0 37.0 64.0 16.0 90.0 87.0 96.0 55.0 14.0 56.0 76.0 41.0 86.0 75.0 55.0 44.0 89.0 87.0 90.0 74.0 6.0 18.0 89.0 75.0 1.0 62.0 6.0 29.0 70.0 80.0 47.0 66.0 4.0 66.0 54.0 2.0 27.0 19.0 31.0 85.0 24.0 45.0 29.0 94.0 45.0 55.0 10.0 19.0 19.0 25.0 57.0 57.0 67.0 43.0 37.0 71.0 24.0 36.0 94.0 75.0 17.0 27.0 57.0 95.0 50.0 75.0 86.0 58.0 76.0 71.0 89.0 98.0 95.0 50.0 49.0 25.0 
(174 : 161)
(161 : 151)
(86 : 71)
(14 : 13)
(71 : 70)
(62 : 47)
(151 : 136)
(71 : 56)
(122 : 106)
(180 : 167)
(71 : 72)
(151 : 152)
(91 : 77)
(77 : 62)
(56 : 42)
(145 : 130)
(215 : 204)
(217 : 206)
(86 : 87)
(87 : 72)
(87 : 88)
(14 : 15)
(147 : 148)
(145 : 146)
(118 : 104)
(14 : 23)
(104 : 89)
(88 : 73)
(23 : 24)
(136 : 120)
(68 : 53)
(27 : 28)
(122 : 121)
(121 : 120)
(47 : 46)
(14 : 7)
(130 : 131)
(46 : 34)
(217 : 218)
(152 : 137)
(137 : 121)
(137 : 136)
(47 : 35)
(35 : 34)
(13 : 6)
(6 : 7)
(180 : 179)
(179 : 178)
(23 : 22)
(22 : 13)
(218 : 219)
(178 : 165)
(126 : 125)
(218 : 207)
(22 : 21)
(148 : 133)
(148 : 160)
(133 : 132)
(173 : 174)
(219 : 208)
(208 : 207)
(215 : 214)
(146 : 159)
(35 : 20)
(53 : 39)
(149 : 148)
(149 : 150)
(191 : 192)
(152 : 162)
(162 : 161)
(47 : 48)
(136 : 135)
(68 : 81)
(149 : 134)
(134 : 133)
(126 : 142)
(132 : 116)
(131 : 115)
(115 : 116)
(133 : 117)
(117 : 118)
(39 : 38)
(120 : 105)
(105 : 91)
(23 : 37)
(125 : 109)
(167 : 166)
(74 : 75)
(75 : 89)
(15 : 16)
(192 : 193)
(70 : 55)
(89 : 90)
(135 : 119)
(119 : 118)
(119 : 120)
(111 : 99)
(122 : 123)
(173 : 172)
(137 : 138)
(138 : 122)
(193 : 201)
(162 : 175)
(178 : 177)
(81 : 80)
(50 : 51)
(51 : 37)
(166 : 156)
(86 : 85)
(85 : 70)
(6 : 5)
(118 : 134)
(9 : 1)
(109 : 96)
(175 : 186)
(99 : 100)
(192 : 200)
(200 : 201)
(135 : 150)
(111 : 112)
(192 : 183)
(75 : 60)
(132 : 131)
(193 : 184)
(200 : 199)
(199 : 191)
(9 : 8)
(117 : 103)
(117 : 116)
(72 : 57)
(57 : 56)
(208 : 197)
(24 : 25)
(25 : 39)
(197 : 196)
(196 : 207)
(53 : 52)
(166 : 165)
(115 : 114)
(114 : 102)
(114 : 130)
(112 : 128)
(52 : 67)
(67 : 80)
(123 : 139)
(139 : 138)
(123 : 107)
(109 : 110)
(110 : 126)
(21 : 12)
(178 : 188)
(99 : 98)
(162 : 163)
(12 : 11)
(112 : 113)
(145 : 144)
(196 : 195)
(195 : 188)
(177 : 176)
(176 : 175)
(73 : 58)
(200 : 210)
(86 : 102)
(180 : 190)
(75 : 76)
(63 : 62)
(67 : 66)
(199 : 198)
(110 : 97)
(103 : 104)
(146 : 131)
(204 : 205)
(199 : 209)
(58 : 43)
(145 : 158)
(52 : 51)
(100 : 83)
(5 : 4)
(156 : 141)
(141 : 125)
(38 : 37)
(55 : 54)
(191 : 182)
(182 : 183)
(50 : 65)
(65 : 66)
(42 : 29)
(29 : 28)
(109 : 108)
(8 : 0)
(83 : 84)
(84 : 85)
(207 : 206)
(170 : 171)
(171 : 160)
(108 : 124)
(124 : 123)
(96 : 95)
(95 : 108)
(70 : 69)
(69 : 84)
(138 : 153)
(153 : 152)
(153 : 163)
(159 : 169)
(153 : 154)
(4 : 3)
(196 : 189)
(189 : 179)
(189 : 190)
(63 : 64)
(169 : 168)
(168 : 158)
(168 : 184)
(78 : 64)
(76 : 61)
(61 : 62)
(144 : 143)
(34 : 33)
(210 : 211)
(42 : 41)
(41 : 55)
(28 : 17)
(215 : 216)
(216 : 205)
(46 : 45)
(45 : 33)
(45 : 60)
(204 : 203)
(74 : 59)
(59 : 60)
(182 : 181)
(193 : 194)
(130 : 129)
(129 : 144)
(124 : 140)
(33 : 32)
(13 : 12)
(1 : 2)
(68 : 67)
(45 : 44)
(44 : 32)
(32 : 18)
(186 : 187)
(66 : 79)
(211 : 212)
(107 : 94)
(154 : 155)
(175 : 174)
(41 : 40)
(40 : 27)
(40 : 54)
(85 : 101)
(111 : 127)
(127 : 128)
(83 : 82)
(82 : 99)
(156 : 157)
(157 : 142)
(157 : 167)
(184 : 185)
(185 : 169)
(185 : 194)
(27 : 26)
(30 : 29)
(32 : 31)
(31 : 30)
(31 : 43)
(150 : 151)
(94 : 93)
(93 : 78)
(93 : 106)
(90 : 76)
(91 : 92)
(92 : 93)
(48 : 36)
(36 : 35)
(33 : 19)
(19 : 9)
(19 : 18)
(154 : 164)
(164 : 163)
(164 : 177)
(164 : 165)
(2 : 10)
(10 : 9)
(41 : 28)
(214 : 213)
(213 : 212)
(203 : 202)
(202 : 213)
(50 : 49)
(49 : 48)
(49 : 64)
