4321.0
8
20
268 375 123 310 183 263 318 313 192 186 270 252 497 27 378 130 68 431 505 30 
82.0 66.0 27.0 82.0 95.0 52.0 29.0 27.0 31.0 82.0 75.0 94.0 29.0 86.0 34.0 74.0 36.0 71.0 5.0 18.0 6.0 98.0 10.0 83.0 55.0 41.0 90.0 20.0 76.0 62.0 84.0 50.0 47.0 15.0 31.0 31.0 25.0 62.0 40.0 26.0 79.0 36.0 2.0 26.0 22.0 78.0 27.0 73.0 59.0 59.0 34.0 47.0 36.0 92.0 11.0 68.0 55.0 27.0 99.0 30.0 11.0 55.0 73.0 0.0 34.0 38.0 95.0 29.0 21.0 9.0 28.0 13.0 20.0 33.0 46.0 70.0 53.0 41.0 35.0 60.0 69.0 78.0 38.0 48.0 88.0 6.0 88.0 4.0 7.0 13.0 80.0 66.0 77.0 62.0 38.0 59.0 71.0 96.0 70.0 87.0 30.0 0.0 73.0 58.0 54.0 61.0 66.0 24.0 60.0 49.0 58.0 7.0 54.0 59.0 29.0 17.0 68.0 3.0 9.0 39.0 54.0 76.0 80.0 49.0 45.0 2.0 57.0 3.0 7.0 24.0 69.0 8.0 22.0 44.0 30.0 23.0 94.0 53.0 73.0 7.0 21.0 37.0 45.0 39.0 71.0 40.0 52.0 4.0 57.0 99.0 5.0 1.0 41.0 43.0 47.0 91.0 10.0 66.0 33.0 70.0 94.0 31.0 84.0 42.0 67.0 81.0 82.0 72.0 21.0 31.0 19.0 39.0 2.0 56.0 23.0 87.0 92.0 36.0 55.0 27.0 35.0 40.0 84.0 75.0 35.0 91.0 94.0 48.0 3.0 31.0 84.0 72.0 87.0 35.0 20.0 58.0 23.0 18.0 21.0 12.0 75.0 59.0 20.0 49.0 32.0 45.0 61.0 52.0 62.0 29.0 88.0 7.0 42.0 15.0 68.0 7.0 75.0 71.0 71.0 79.0 28.0 99.0 73.0 27.0 76.0 12.0 54.0 45.0 57.0 8.0 45.0 61.0 61.0 34.0 92.0 5.0 8.0 34.0 47.0 7.0 1.0 86.0 31.0 31.0 60.0 86.0 64.0 35.0 41.0 53.0 79.0 49.0 30.0 61.0 43.0 18.0 34.0 79.0 28.0 36.0 90.0 37.0 88.0 36.0 85.0 94.0 23.0 69.0 15.0 72.0 1.0 18.0 11.0 99.0 36.0 41.0 17.0 46.0 48.0 35.0 54.0 1.0 91.0 39.0 74.0 85.0 96.0 79.0 3.0 96.0 52.0 59.0 67.0 50.0 72.0 71.0 14.0 53.0 65.0 80.0 81.0 75.0 6.0 87.0 21.0 55.0 9.0 42.0 22.0 1.0 79.0 4.0 97.0 72.0 16.0 95.0 66.0 31.0 87.0 0.0 92.0 98.0 49.0 8.0 50.0 92.0 81.0 52.0 58.0 66.0 49.0 58.0 49.0 5.0 67.0 28.0 53.0 24.0 2.0 45.0 19.0 80.0 45.0 64.0 64.0 37.0 72.0 96.0 89.0 87.0 42.0 67.0 8.0 47.0 9.0 47.0 37.0 81.0 69.0 90.0 87.0 10.0 33.0 35.0 81.0 69.0 94.0 61.0 12.0 80.0 42.0 23.0 71.0 62.0 20.0 84.0 30.0 31.0 94.0 42.0 63.0 37.0 6.0 16.0 9.0 13.0 80.0 34.0 5.0 0.0 80.0 3.0 57.0 94.0 65.0 15.0 78.0 48.0 10.0 36.0 2.0 40.0 76.0 4.0 65.0 41.0 57.0 38.0 51.0 25.0 67.0 81.0 37.0 45.0 15.0 19.0 82.0 77.0 78.0 67.0 84.0 22.0 4.0 39.0 77.0 0.0 76.0 48.0 38.0 46.0 85.0 74.0 72.0 31.0 47.0 79.0 44.0 1.0 4.0 80.0 82.0 24.0 76.0 46.0 98.0 75.0 89.0 93.0 48.0 61.0 24.0 64.0 47.0 47.0 57.0 10.0 89.0 39.0 1.0 40.0 25.0 67.0 96.0 45.0 73.0 85.0 94.0 40.0 66.0 31.0 41.0 48.0 32.0 93.0 89.0 25.0 12.0 21.0 54.0 34.0 92.0 84.0 3.0 59.0 29.0 81.0 75.0 62.0 83.0 39.0 19.0 87.0 73.0 16.0 6.0 63.0 56.0 52.0 72.0 43.0 
(130 : 110)
(68 : 50)
(313 : 314)
(375 : 374)
(318 : 302)
(431 : 432)
(310 : 295)
(230 : 229)
(129 : 109)
(310 : 309)
(229 : 228)
(183 : 182)
(228 : 202)
(313 : 298)
(431 : 430)
(263 : 262)
(505 : 487)
(252 : 251)
(310 : 329)
(186 : 185)
(251 : 273)
(251 : 250)
(50 : 34)
(374 : 373)
(186 : 213)
(487 : 486)
(213 : 212)
(150 : 149)
(149 : 129)
(329 : 328)
(328 : 309)
(192 : 191)
(378 : 361)
(34 : 23)
(30 : 19)
(109 : 108)
(149 : 148)
(251 : 229)
(262 : 239)
(378 : 379)
(262 : 261)
(34 : 33)
(487 : 488)
(123 : 103)
(250 : 272)
(265 : 243)
(50 : 51)
(27 : 26)
(268 : 246)
(68 : 69)
(313 : 312)
(263 : 282)
(213 : 237)
(431 : 408)
(150 : 173)
(173 : 172)
(123 : 122)
(228 : 250)
(373 : 354)
(298 : 280)
(312 : 311)
(311 : 310)
(150 : 151)
(151 : 174)
(174 : 173)
(262 : 281)
(281 : 282)
(302 : 303)
(229 : 203)
(373 : 372)
(372 : 371)
(149 : 172)
(261 : 238)
(238 : 237)
(313 : 332)
(332 : 331)
(486 : 485)
(19 : 8)
(130 : 131)
(131 : 151)
(379 : 404)
(485 : 484)
(375 : 376)
(404 : 403)
(403 : 378)
(328 : 327)
(327 : 308)
(280 : 279)
(172 : 171)
(272 : 288)
(487 : 469)
(30 : 29)
(273 : 289)
(289 : 288)
(213 : 214)
(214 : 238)
(327 : 346)
(131 : 111)
(111 : 110)
(265 : 266)
(332 : 333)
(333 : 314)
(497 : 480)
(372 : 391)
(374 : 355)
(239 : 240)
(375 : 394)
(331 : 330)
(330 : 311)
(285 : 266)
(331 : 350)
(172 : 199)
(182 : 155)
(68 : 67)
(212 : 211)
(361 : 342)
(108 : 92)
(192 : 219)
(92 : 79)
(453 : 454)
(211 : 210)
(454 : 476)
(454 : 455)
(265 : 264)
(430 : 407)
(407 : 408)
(374 : 393)
(393 : 394)
(50 : 49)
(49 : 33)
(454 : 432)
(268 : 267)
(484 : 466)
(299 : 300)
(300 : 282)
(302 : 301)
(19 : 18)
(486 : 504)
(504 : 505)
(79 : 80)
(497 : 496)
(215 : 188)
(497 : 498)
(333 : 351)
(79 : 61)
(391 : 390)
(390 : 371)
(488 : 506)
(123 : 142)
(330 : 349)
(349 : 350)
(173 : 200)
(200 : 199)
(148 : 128)
(128 : 108)
(122 : 121)
(430 : 429)
(241 : 240)
(393 : 392)
(392 : 391)
(392 : 416)
(349 : 348)
(34 : 35)
(393 : 417)
(241 : 217)
(379 : 362)
(241 : 242)
(242 : 243)
(183 : 156)
(156 : 155)
(67 : 66)
(264 : 284)
(284 : 301)
(295 : 296)
(390 : 389)
(389 : 370)
(23 : 12)
(23 : 22)
(68 : 83)
(243 : 244)
(51 : 52)
(244 : 220)
(174 : 201)
(201 : 200)
(61 : 46)
(327 : 326)
(83 : 84)
(84 : 69)
(354 : 336)
(130 : 129)
(215 : 216)
(216 : 240)
(497 : 510)
(480 : 460)
(171 : 170)
(156 : 157)
(282 : 283)
(111 : 95)
(93 : 92)
(80 : 81)
(27 : 40)
(83 : 97)
(390 : 414)
(342 : 322)
(182 : 181)
(486 : 468)
(209 : 210)
(155 : 132)
(183 : 184)
(184 : 211)
(455 : 456)
(67 : 82)
(121 : 120)
(148 : 147)
(430 : 452)
(452 : 453)
(466 : 444)
(212 : 236)
(236 : 237)
(215 : 239)
(239 : 238)
(348 : 347)
(347 : 328)
(360 : 359)
(202 : 175)
(289 : 290)
(347 : 366)
(191 : 163)
(350 : 368)
(360 : 341)
(416 : 439)
(510 : 509)
(509 : 496)
(455 : 433)
(404 : 426)
(476 : 475)
(155 : 154)
(261 : 260)
(260 : 280)
(460 : 438)
(438 : 439)
(157 : 134)
(285 : 286)
(286 : 267)
(346 : 345)
(345 : 326)
(488 : 489)
(468 : 446)
(485 : 503)
(403 : 402)
(300 : 315)
(429 : 428)
(432 : 433)
(326 : 325)
(370 : 369)
(369 : 368)
(27 : 14)
(509 : 508)
(260 : 259)
(359 : 340)
(340 : 341)
(171 : 198)
(198 : 199)
(267 : 245)
(245 : 221)
(245 : 244)
(245 : 246)
(122 : 102)
(142 : 143)
(484 : 483)
(355 : 337)
(373 : 392)
(123 : 124)
(279 : 278)
(278 : 296)
(39 : 38)
(504 : 515)
(61 : 60)
(171 : 148)
(431 : 453)
(76 : 75)
(367 : 349)
(367 : 368)
(425 : 449)
(428 : 405)
(191 : 190)
(220 : 193)
(193 : 192)
(236 : 235)
(221 : 222)
(222 : 246)
(221 : 194)
(194 : 193)
(122 : 141)
(270 : 249)
(183 : 210)
(18 : 17)
(298 : 297)
(257 : 234)
(244 : 266)
(214 : 187)
(375 : 356)
(368 : 387)
(484 : 502)
(40 : 41)
(124 : 125)
(285 : 303)
(263 : 240)
(385 : 386)
(386 : 387)
(414 : 415)
(460 : 461)
(406 : 380)
(446 : 445)
(312 : 297)
(243 : 219)
(415 : 438)
(191 : 218)
(218 : 217)
(218 : 242)
(372 : 353)
(295 : 294)
(294 : 309)
(192 : 164)
(164 : 163)
(133 : 132)
(133 : 134)
(208 : 209)
(334 : 333)
(508 : 507)
(203 : 176)
(234 : 233)
(233 : 208)
(488 : 470)
(230 : 231)
(246 : 247)
(288 : 305)
(46 : 31)
(190 : 189)
(306 : 289)
(12 : 11)
(11 : 22)
(194 : 166)
(22 : 33)
(180 : 179)
(469 : 447)
(447 : 446)
(8 : 7)
(402 : 401)
(93 : 94)
(94 : 110)
(515 : 516)
(516 : 505)
(293 : 308)
(18 : 7)
(81 : 63)
(346 : 365)
(230 : 204)
(496 : 479)
(496 : 495)
(495 : 508)
(19 : 20)
(164 : 165)
(165 : 193)
(356 : 338)
(83 : 82)
(7 : 6)
(237 : 260)
(40 : 55)
(66 : 65)
(55 : 54)
(54 : 39)
(452 : 451)
(29 : 44)
(141 : 140)
(78 : 60)
(438 : 437)
(437 : 414)
(84 : 98)
(98 : 97)
(54 : 72)
(401 : 400)
(444 : 420)
(203 : 204)
(376 : 395)
(395 : 394)
(52 : 70)
(70 : 69)
(501 : 483)
(439 : 440)
(385 : 384)
(408 : 382)
(165 : 143)
(334 : 352)
(352 : 371)
(389 : 388)
(12 : 2)
(215 : 214)
(252 : 253)
(274 : 275)
(318 : 317)
(317 : 301)
(317 : 337)
(92 : 91)
(54 : 53)
(53 : 38)
(45 : 44)
(426 : 450)
(329 : 330)
(40 : 39)
(485 : 467)
(467 : 445)
(165 : 166)
(44 : 59)
(347 : 346)
(362 : 343)
(108 : 107)
(130 : 150)
(195 : 222)
(317 : 316)
(425 : 424)
(424 : 402)
(365 : 364)
(489 : 471)
(345 : 344)
(186 : 158)
(103 : 104)
(120 : 119)
(426 : 425)
(41 : 56)
(315 : 335)
(335 : 334)
(335 : 336)
(30 : 31)
(281 : 299)
(55 : 73)
(73 : 72)
(270 : 271)
(275 : 276)
(197 : 170)
(418 : 395)
(515 : 514)
(514 : 503)
(276 : 255)
(475 : 492)
(20 : 9)
(221 : 220)
(163 : 162)
(162 : 190)
(479 : 478)
(478 : 495)
(104 : 105)
(445 : 421)
(421 : 420)
(61 : 62)
(35 : 36)
(36 : 52)
(12 : 13)
(9 : 10)
(175 : 152)
(27 : 28)
(255 : 254)
(199 : 225)
(242 : 264)
(387 : 413)
(121 : 101)
(460 : 459)
(459 : 437)
(395 : 396)
(461 : 481)
(481 : 498)
(98 : 114)
(125 : 126)
(28 : 15)
(15 : 14)
(187 : 159)
(211 : 235)
(384 : 383)
(103 : 102)
(351 : 352)
(421 : 398)
(13 : 3)
(290 : 291)
(339 : 338)
(257 : 256)
(359 : 358)
(249 : 226)
(226 : 200)
(1 : 11)
(511 : 499)
(447 : 422)
(189 : 161)
(161 : 162)
(492 : 493)
(370 : 371)
(38 : 37)
(188 : 160)
(406 : 405)
(406 : 429)
(440 : 462)
(462 : 461)
(276 : 292)
(292 : 307)
(292 : 293)
(424 : 423)
(14 : 5)
(258 : 235)
(258 : 278)
(258 : 259)
(181 : 154)
(181 : 180)
(182 : 209)
(97 : 96)
(343 : 323)
(225 : 224)
(36 : 24)
(501 : 500)
(166 : 144)
(417 : 416)
(479 : 480)
(469 : 470)
(466 : 465)
(161 : 139)
(139 : 140)
(271 : 287)
(226 : 227)
(18 : 29)
(159 : 137)
(456 : 434)
(478 : 458)
(458 : 459)
(400 : 399)
(94 : 95)
(286 : 304)
(495 : 494)
(304 : 319)
(176 : 177)
(177 : 204)
(3 : 4)
(147 : 127)
(127 : 107)
(407 : 381)
(381 : 380)
(381 : 382)
(337 : 336)
(337 : 338)
(159 : 158)
(254 : 232)
(90 : 77)
(77 : 76)
(101 : 88)
(514 : 513)
(96 : 112)
(109 : 110)
(30 : 45)
(254 : 275)
(279 : 297)
(107 : 106)
(256 : 277)
(277 : 276)
(277 : 293)
(366 : 365)
(65 : 48)
(17 : 16)
(89 : 88)
(60 : 45)
(386 : 412)
(187 : 186)
(139 : 138)
(138 : 137)
(434 : 411)
(444 : 443)
(443 : 465)
(249 : 248)
(1 : 0)
(170 : 169)
(71 : 53)
(141 : 142)
(455 : 477)
(477 : 476)
(465 : 464)
(76 : 57)
(9 : 8)
(222 : 223)
(223 : 247)
(208 : 207)
(207 : 180)
(319 : 320)
(195 : 167)
(316 : 336)
(268 : 269)
(269 : 247)
(296 : 297)
(223 : 196)
(167 : 145)
(204 : 205)
(205 : 231)
(386 : 367)
(343 : 342)
(360 : 361)
(464 : 442)
(442 : 418)
(442 : 441)
(490 : 472)
(472 : 471)
(232 : 206)
(206 : 179)
(483 : 482)
(69 : 51)
(135 : 117)
(376 : 377)
(147 : 146)
(179 : 178)
(178 : 205)
(98 : 99)
(139 : 120)
(120 : 100)
(100 : 101)
(364 : 363)
(363 : 344)
(363 : 381)
(387 : 388)
(409 : 410)
(410 : 384)
(410 : 433)
(410 : 411)
(259 : 279)
(113 : 97)
(72 : 87)
(203 : 202)
(33 : 32)
(59 : 58)
(58 : 43)
(135 : 136)
(136 : 158)
(136 : 137)
(64 : 63)
(441 : 463)
(445 : 444)
(132 : 115)
(115 : 114)
(512 : 500)
(357 : 377)
(441 : 440)
(516 : 517)
(517 : 506)
(517 : 518)
(72 : 71)
(164 : 142)
(418 : 419)
(419 : 443)
(419 : 420)
(416 : 415)
(67 : 49)
(450 : 473)
(473 : 472)
(308 : 307)
(452 : 474)
(474 : 475)
(134 : 116)
(116 : 117)
(311 : 296)
(63 : 47)
(135 : 134)
(434 : 435)
(435 : 412)
(518 : 519)
(457 : 458)
(88 : 74)
(74 : 56)
(74 : 73)
(74 : 75)
(448 : 424)
(448 : 471)
(448 : 449)
(170 : 147)
(491 : 473)
(87 : 86)
(20 : 21)
(21 : 10)
(259 : 236)
(104 : 124)
(341 : 321)
(321 : 322)
(305 : 324)
(141 : 163)
(436 : 457)
(498 : 499)
(465 : 483)
(26 : 25)
(25 : 38)
(397 : 396)
(397 : 398)
(383 : 365)
(177 : 153)
(428 : 427)
(43 : 42)
(99 : 85)
(85 : 70)
(480 : 481)
(308 : 309)
(388 : 369)
(137 : 118)
(118 : 119)
(169 : 168)
(168 : 167)
(168 : 196)
(1 : 12)
(7 : 17)
(19 : 9)
(20 : 30)
(22 : 34)
(27 : 39)
(29 : 45)
(31 : 45)
(54 : 40)
(58 : 44)
(46 : 60)
(69 : 52)
(53 : 72)
(78 : 61)
(62 : 79)
(68 : 84)
(84 : 70)
(86 : 72)
(80 : 92)
(83 : 96)
(89 : 101)
(92 : 107)
(93 : 110)
(94 : 111)
(96 : 113)
(97 : 114)
(114 : 99)
(121 : 102)
(102 : 123)
(103 : 124)
(105 : 124)
(129 : 110)
(130 : 111)
(139 : 121)
(122 : 140)
(129 : 150)
(130 : 151)
(155 : 133)
(161 : 140)
(164 : 143)
(172 : 150)
(155 : 183)
(159 : 188)
(168 : 195)
(197 : 171)
(200 : 174)
(176 : 202)
(176 : 204)
(178 : 204)
(206 : 180)
(207 : 181)
(208 : 182)
(209 : 183)
(186 : 212)
(214 : 188)
(192 : 218)
(193 : 219)
(193 : 221)
(221 : 195)
(196 : 222)
(199 : 226)
(201 : 226)
(209 : 233)
(238 : 215)
(239 : 216)
(220 : 245)
(229 : 252)
(236 : 260)
(243 : 266)
(245 : 268)
(254 : 276)
(281 : 263)
(267 : 285)
(281 : 300)
(286 : 303)
(288 : 306)
(292 : 308)
(293 : 309)
(294 : 310)
(295 : 311)
(311 : 297)
(308 : 326)
(312 : 330)
(313 : 331)
(316 : 335)
(316 : 337)
(337 : 318)
(323 : 342)
(326 : 344)
(345 : 327)
(327 : 347)
(329 : 347)
(338 : 355)
(343 : 361)
(345 : 363)
(346 : 364)
(346 : 366)
(352 : 370)
(371 : 353)
(354 : 372)
(355 : 373)
(362 : 378)
(386 : 368)
(387 : 369)
(370 : 390)
(372 : 392)
(373 : 393)
(377 : 395)
(378 : 404)
(380 : 407)
(381 : 408)
(384 : 409)
(392 : 415)
(395 : 419)
(397 : 419)
(397 : 421)
(401 : 424)
(424 : 403)
(403 : 426)
(407 : 429)
(431 : 409)
(409 : 433)
(412 : 434)
(439 : 417)
(419 : 442)
(420 : 445)
(449 : 426)
(429 : 452)
(452 : 431)
(434 : 455)
(440 : 463)
(441 : 464)
(443 : 464)
(465 : 444)
(447 : 468)
(452 : 475)
(454 : 475)
(478 : 459)
(465 : 482)
(465 : 484)
(469 : 486)
(470 : 489)
(489 : 472)
(490 : 473)
(496 : 480)
(480 : 498)
(483 : 500)
(483 : 502)
(486 : 503)
(504 : 516)
