1703.0
5
10
58 102 19 73 31 54 79 75 37 33 
13.0 15.0 82.0 44.0 18.0 3.0 87.0 91.0 34.0 44.0 55.0 23.0 82.0 32.0 55.0 71.0 33.0 84.0 85.0 78.0 81.0 62.0 19.0 74.0 95.0 67.0 65.0 10.0 3.0 52.0 60.0 58.0 71.0 36.0 69.0 1.0 20.0 28.0 66.0 71.0 7.0 29.0 61.0 85.0 62.0 20.0 49.0 49.0 77.0 88.0 11.0 65.0 89.0 30.0 27.0 74.0 16.0 41.0 20.0 29.0 19.0 36.0 55.0 66.0 36.0 5.0 89.0 72.0 81.0 44.0 82.0 19.0 88.0 3.0 16.0 30.0 90.0 49.0 96.0 14.0 5.0 5.0 87.0 76.0 61.0 66.0 78.0 47.0 19.0 35.0 96.0 41.0 7.0 48.0 60.0 82.0 65.0 91.0 14.0 61.0 
(79 : 67)
(54 : 53)
(54 : 43)
(43 : 44)
(37 : 29)
(29 : 19)
(67 : 56)
(43 : 35)
(53 : 52)
(73 : 74)
(79 : 80)
(80 : 68)
(79 : 78)
(54 : 55)
(55 : 56)
(54 : 65)
(74 : 86)
(19 : 10)
(67 : 66)
(72 : 60)
(85 : 73)
(68 : 57)
(57 : 58)
(53 : 64)
(85 : 84)
(84 : 72)
(85 : 97)
(68 : 69)
(69 : 58)
(19 : 18)
(52 : 42)
(42 : 33)
(86 : 87)
(79 : 91)
(97 : 96)
(10 : 9)
(9 : 18)
(42 : 41)
(91 : 92)
(92 : 80)
(84 : 83)
(73 : 61)
(31 : 24)
(60 : 59)
(59 : 71)
(34 : 27)
(61 : 50)
(17 : 16)
(16 : 27)
(37 : 38)
(83 : 95)
(44 : 36)
(36 : 37)
(27 : 26)
(74 : 62)
(44 : 45)
(45 : 56)
(69 : 81)
(24 : 13)
(65 : 77)
(77 : 78)
(45 : 46)
(46 : 38)
(64 : 63)
(13 : 14)
(13 : 12)
(75 : 76)
(76 : 77)
(28 : 18)
(49 : 39)
(33 : 32)
(32 : 41)
(59 : 48)
(48 : 49)
(52 : 51)
(51 : 41)
(10 : 1)
(26 : 25)
(69 : 70)
(91 : 90)
(11 : 20)
(20 : 19)
(29 : 30)
(30 : 20)
(46 : 47)
(47 : 58)
(97 : 98)
(98 : 86)
(97 : 106)
(106 : 105)
(17 : 8)
(70 : 82)
(50 : 40)
(40 : 41)
(105 : 104)
(82 : 94)
(23 : 12)
(76 : 88)
(88 : 87)
(106 : 107)
(14 : 6)
(9 : 0)
(12 : 4)
(81 : 93)
(93 : 94)
(87 : 99)
(26 : 15)
(1 : 2)
(23 : 22)
(99 : 108)
(108 : 107)
(99 : 100)
(100 : 88)
(15 : 7)
(90 : 89)
(13 : 5)
(5 : 4)
(20 : 21)
(3 : 4)
(108 : 109)
(14 : 25)
(33 : 26)
(75 : 63)
(52 : 63)
(94 : 103)
(61 : 60)
(77 : 89)
(90 : 101)
(101 : 102)
(1 : 9)
(2 : 10)
(6 : 13)
(10 : 20)
(23 : 13)
(19 : 28)
(38 : 45)
(40 : 51)
(45 : 55)
(48 : 60)
(57 : 67)
(59 : 72)
(60 : 73)
(63 : 74)
(67 : 78)
(79 : 68)
(74 : 87)
(87 : 76)
(79 : 90)
(82 : 93)
(85 : 96)
(97 : 86)
(87 : 98)
(91 : 101)
(96 : 106)
(98 : 106)
(99 : 109)
