9388.0
9
10
267 498 25 391 122 255 407 397 137 125 
59.0 4.0 48.0 11.0 46.0 95.0 67.0 11.0 19.0 66.0 12.0 82.0 98.0 87.0 57.0 90.0 55.0 0.0 60.0 91.0 20.0 84.0 72.0 11.0 6.0 48.0 99.0 84.0 79.0 99.0 59.0 41.0 57.0 53.0 17.0 48.0 33.0 32.0 93.0 42.0 53.0 92.0 40.0 88.0 9.0 93.0 97.0 19.0 72.0 20.0 91.0 47.0 28.0 50.0 71.0 7.0 50.0 38.0 93.0 35.0 0.0 66.0 58.0 3.0 55.0 10.0 40.0 8.0 80.0 32.0 2.0 45.0 38.0 82.0 5.0 6.0 60.0 11.0 57.0 30.0 23.0 12.0 54.0 51.0 22.0 34.0 63.0 8.0 9.0 79.0 11.0 49.0 96.0 26.0 0.0 84.0 98.0 49.0 67.0 66.0 83.0 58.0 72.0 32.0 66.0 18.0 35.0 55.0 46.0 38.0 5.0 96.0 49.0 37.0 1.0 60.0 76.0 93.0 36.0 33.0 2.0 20.0 25.0 33.0 83.0 17.0 38.0 12.0 65.0 72.0 72.0 23.0 81.0 61.0 24.0 99.0 35.0 90.0 99.0 35.0 47.0 18.0 93.0 66.0 24.0 25.0 20.0 69.0 90.0 15.0 34.0 17.0 68.0 5.0 22.0 78.0 57.0 4.0 95.0 18.0 99.0 70.0 8.0 7.0 49.0 45.0 82.0 76.0 6.0 52.0 88.0 16.0 46.0 92.0 51.0 98.0 48.0 7.0 44.0 76.0 48.0 40.0 86.0 23.0 88.0 93.0 45.0 10.0 77.0 91.0 15.0 22.0 58.0 29.0 74.0 10.0 21.0 51.0 70.0 93.0 89.0 99.0 15.0 48.0 83.0 60.0 8.0 6.0 58.0 79.0 91.0 76.0 92.0 15.0 60.0 75.0 29.0 95.0 60.0 63.0 82.0 51.0 49.0 51.0 94.0 50.0 19.0 35.0 27.0 76.0 16.0 77.0 52.0 75.0 47.0 99.0 26.0 80.0 39.0 38.0 71.0 82.0 19.0 77.0 35.0 69.0 34.0 10.0 17.0 40.0 51.0 78.0 21.0 81.0 62.0 78.0 55.0 95.0 60.0 81.0 70.0 4.0 98.0 75.0 54.0 96.0 61.0 15.0 74.0 87.0 33.0 82.0 48.0 17.0 17.0 46.0 89.0 10.0 0.0 71.0 34.0 71.0 30.0 28.0 21.0 88.0 64.0 85.0 14.0 59.0 33.0 49.0 9.0 77.0 5.0 99.0 5.0 6.0 18.0 5.0 80.0 33.0 86.0 88.0 86.0 75.0 11.0 75.0 18.0 56.0 91.0 5.0 39.0 55.0 85.0 64.0 75.0 91.0 71.0 54.0 19.0 70.0 66.0 70.0 86.0 73.0 27.0 96.0 50.0 58.0 74.0 59.0 1.0 62.0 25.0 23.0 31.0 0.0 5.0 71.0 27.0 81.0 31.0 6.0 15.0 28.0 46.0 92.0 49.0 55.0 82.0 81.0 76.0 11.0 76.0 58.0 67.0 30.0 65.0 41.0 77.0 12.0 4.0 74.0 72.0 1.0 52.0 47.0 20.0 74.0 37.0 78.0 59.0 90.0 10.0 65.0 40.0 59.0 73.0 72.0 22.0 48.0 91.0 16.0 45.0 63.0 94.0 96.0 7.0 75.0 75.0 66.0 52.0 69.0 61.0 25.0 9.0 80.0 12.0 16.0 48.0 23.0 65.0 17.0 31.0 24.0 89.0 61.0 83.0 44.0 79.0 39.0 49.0 22.0 19.0 26.0 75.0 83.0 9.0 36.0 48.0 91.0 28.0 95.0 79.0 22.0 50.0 46.0 28.0 75.0 90.0 6.0 53.0 59.0 80.0 55.0 90.0 83.0 23.0 63.0 27.0 18.0 65.0 53.0 48.0 22.0 70.0 87.0 51.0 0.0 47.0 32.0 36.0 7.0 2.0 26.0 82.0 36.0 37.0 43.0 99.0 79.0 29.0 71.0 38.0 30.0 41.0 97.0 90.0 74.0 15.0 65.0 15.0 99.0 94.0 76.0 10.0 13.0 15.0 97.0 75.0 32.0 66.0 96.0 63.0 5.0 92.0 16.0 17.0 49.0 77.0 32.0 21.0 96.0 78.0 14.0 4.0 17.0 35.0 4.0 
(498 : 490)
(25 : 26)
(267 : 268)
(136 : 135)
(407 : 408)
(490 : 489)
(135 : 134)
(125 : 101)
(408 : 432)
(255 : 235)
(267 : 247)
(268 : 248)
(490 : 481)
(432 : 431)
(407 : 406)
(255 : 254)
(133 : 132)
(408 : 383)
(407 : 382)
(490 : 491)
(391 : 390)
(491 : 482)
(133 : 158)
(25 : 24)
(397 : 372)
(397 : 396)
(133 : 109)
(366 : 340)
(132 : 108)
(131 : 107)
(247 : 246)
(235 : 234)
(397 : 422)
(498 : 499)
(340 : 339)
(25 : 15)
(125 : 124)
(111 : 87)
(432 : 433)
(254 : 276)
(109 : 110)
(110 : 134)
(110 : 111)
(235 : 218)
(235 : 236)
(131 : 130)
(137 : 113)
(276 : 277)
(499 : 500)
(158 : 159)
(159 : 134)
(253 : 233)
(233 : 234)
(276 : 275)
(275 : 253)
(111 : 112)
(112 : 136)
(112 : 113)
(112 : 88)
(24 : 14)
(431 : 454)
(409 : 433)
(24 : 23)
(87 : 65)
(65 : 47)
(247 : 230)
(236 : 219)
(248 : 231)
(231 : 230)
(236 : 237)
(230 : 211)
(25 : 35)
(15 : 4)
(256 : 236)
(455 : 454)
(131 : 156)
(132 : 157)
(157 : 156)
(409 : 384)
(157 : 181)
(158 : 182)
(182 : 181)
(107 : 106)
(237 : 220)
(220 : 219)
(217 : 234)
(88 : 66)
(66 : 65)
(406 : 381)
(267 : 289)
(289 : 288)
(106 : 82)
(383 : 358)
(211 : 192)
(130 : 155)
(88 : 89)
(89 : 113)
(220 : 201)
(201 : 182)
(231 : 212)
(182 : 183)
(246 : 229)
(229 : 230)
(135 : 160)
(89 : 67)
(67 : 66)
(381 : 380)
(246 : 245)
(49 : 35)
(481 : 480)
(409 : 410)
(277 : 301)
(288 : 287)
(268 : 290)
(277 : 278)
(289 : 312)
(237 : 238)
(491 : 492)
(492 : 500)
(137 : 138)
(183 : 202)
(433 : 456)
(137 : 162)
(312 : 311)
(311 : 288)
(422 : 423)
(86 : 87)
(217 : 216)
(216 : 233)
(124 : 100)
(14 : 3)
(3 : 4)
(456 : 457)
(217 : 198)
(384 : 359)
(65 : 64)
(382 : 357)
(183 : 184)
(184 : 160)
(3 : 2)
(384 : 385)
(288 : 266)
(266 : 267)
(237 : 257)
(457 : 434)
(14 : 13)
(13 : 2)
(480 : 466)
(23 : 22)
(210 : 229)
(498 : 505)
(454 : 453)
(453 : 466)
(340 : 316)
(22 : 12)
(12 : 13)
(124 : 123)
(358 : 331)
(275 : 299)
(276 : 300)
(505 : 506)
(68 : 50)
(86 : 85)
(85 : 109)
(35 : 36)
(36 : 26)
(481 : 467)
(505 : 504)
(229 : 228)
(466 : 465)
(100 : 76)
(290 : 313)
(313 : 312)
(456 : 469)
(339 : 315)
(266 : 265)
(22 : 21)
(380 : 379)
(331 : 307)
(359 : 332)
(198 : 179)
(179 : 155)
(482 : 483)
(457 : 470)
(339 : 338)
(85 : 63)
(184 : 185)
(219 : 200)
(200 : 181)
(385 : 360)
(331 : 330)
(330 : 357)
(422 : 421)
(316 : 293)
(470 : 471)
(156 : 180)
(130 : 129)
(129 : 105)
(105 : 106)
(192 : 193)
(124 : 149)
(410 : 411)
(138 : 114)
(50 : 51)
(366 : 367)
(434 : 435)
(405 : 380)
(471 : 458)
(482 : 468)
(468 : 455)
(421 : 446)
(380 : 355)
(185 : 204)
(245 : 244)
(192 : 168)
(391 : 392)
(392 : 367)
(149 : 148)
(453 : 430)
(430 : 406)
(480 : 479)
(23 : 33)
(33 : 47)
(313 : 337)
(89 : 90)
(90 : 68)
(90 : 114)
(405 : 429)
(498 : 497)
(497 : 504)
(101 : 77)
(77 : 76)
(492 : 493)
(257 : 279)
(279 : 278)
(184 : 203)
(366 : 365)
(162 : 163)
(24 : 34)
(64 : 46)
(77 : 78)
(180 : 199)
(278 : 302)
(125 : 126)
(422 : 447)
(493 : 494)
(411 : 412)
(429 : 452)
(452 : 453)
(392 : 393)
(421 : 420)
(77 : 56)
(125 : 150)
(494 : 485)
(63 : 62)
(458 : 459)
(479 : 478)
(68 : 69)
(48 : 66)
(48 : 49)
(396 : 395)
(244 : 227)
(227 : 228)
(56 : 57)
(57 : 78)
(311 : 310)
(494 : 502)
(163 : 187)
(4 : 5)
(203 : 222)
(148 : 172)
(373 : 374)
(90 : 91)
(373 : 346)
(315 : 314)
(12 : 1)
(149 : 173)
(173 : 172)
(397 : 398)
(398 : 373)
(160 : 161)
(301 : 324)
(470 : 484)
(484 : 483)
(484 : 485)
(155 : 154)
(154 : 129)
(398 : 399)
(22 : 32)
(32 : 46)
(168 : 143)
(15 : 16)
(16 : 5)
(16 : 26)
(452 : 451)
(138 : 139)
(446 : 445)
(381 : 356)
(346 : 347)
(347 : 374)
(293 : 292)
(292 : 315)
(115 : 139)
(36 : 37)
(123 : 99)
(99 : 100)
(5 : 6)
(139 : 140)
(489 : 488)
(187 : 188)
(62 : 44)
(44 : 45)
(188 : 189)
(307 : 284)
(393 : 418)
(385 : 386)
(386 : 411)
(332 : 308)
(223 : 204)
(192 : 191)
(191 : 210)
(445 : 444)
(56 : 55)
(365 : 364)
(364 : 338)
(188 : 164)
(101 : 102)
(102 : 78)
(501 : 500)
(391 : 416)
(168 : 169)
(51 : 52)
(150 : 174)
(37 : 27)
(140 : 141)
(21 : 20)
(82 : 60)
(129 : 128)
(233 : 232)
(126 : 127)
(69 : 70)
(143 : 119)
(386 : 361)
(300 : 323)
(323 : 324)
(244 : 243)
(222 : 221)
(221 : 202)
(228 : 209)
(209 : 208)
(293 : 271)
(393 : 368)
(148 : 147)
(60 : 42)
(257 : 258)
(258 : 238)
(417 : 416)
(417 : 418)
(6 : 17)
(287 : 286)
(316 : 317)
(317 : 341)
(355 : 328)
(364 : 389)
(60 : 59)
(78 : 79)
(222 : 239)
(21 : 31)
(31 : 32)
(44 : 30)
(30 : 20)
(173 : 194)
(102 : 103)
(168 : 167)
(21 : 11)
(11 : 12)
(374 : 375)
(355 : 354)
(354 : 379)
(174 : 175)
(328 : 305)
(6 : 7)
(188 : 207)
(207 : 206)
(207 : 208)
(252 : 232)
(395 : 370)
(179 : 178)
(429 : 428)
(174 : 195)
(497 : 496)
(44 : 43)
(97 : 98)
(504 : 503)
(105 : 81)
(81 : 59)
(413 : 437)
(292 : 291)
(52 : 38)
(312 : 336)
(115 : 116)
(370 : 371)
(423 : 424)
(424 : 399)
(418 : 443)
(423 : 448)
(302 : 303)
(302 : 325)
(501 : 508)
(307 : 306)
(418 : 419)
(419 : 420)
(337 : 363)
(252 : 251)
(98 : 72)
(451 : 450)
(299 : 298)
(286 : 285)
(354 : 327)
(395 : 394)
(394 : 393)
(324 : 351)
(305 : 281)
(265 : 264)
(195 : 196)
(379 : 378)
(347 : 348)
(140 : 165)
(437 : 436)
(436 : 412)
(370 : 344)
(323 : 322)
(322 : 299)
(286 : 309)
(309 : 308)
(165 : 166)
(271 : 270)
(354 : 353)
(291 : 269)
(284 : 283)
(91 : 92)
(92 : 70)
(92 : 116)
(252 : 274)
(274 : 275)
(485 : 486)
(239 : 240)
(240 : 223)
(143 : 142)
(142 : 141)
(285 : 263)
(17 : 18)
(305 : 304)
(186 : 205)
(205 : 204)
(506 : 507)
(62 : 61)
(61 : 60)
(347 : 320)
(239 : 259)
(259 : 281)
(85 : 84)
(428 : 427)
(206 : 225)
(195 : 214)
(166 : 190)
(190 : 209)
(190 : 191)
(323 : 350)
(350 : 351)
(99 : 75)
(320 : 297)
(38 : 28)
(28 : 18)
(28 : 27)
(81 : 80)
(258 : 280)
(119 : 120)
(227 : 226)
(226 : 207)
(226 : 225)
(28 : 29)
(465 : 464)
(464 : 478)
(116 : 117)
(127 : 152)
(293 : 294)
(317 : 318)
(320 : 319)
(378 : 403)
(403 : 427)
(281 : 282)
(370 : 369)
(369 : 368)
(128 : 153)
(153 : 152)
(142 : 118)
(80 : 104)
(416 : 415)
(415 : 390)
(415 : 440)
(403 : 402)
(375 : 376)
(92 : 93)
(450 : 449)
(386 : 387)
(79 : 58)
(263 : 262)
(83 : 61)
(83 : 107)
(83 : 84)
(75 : 74)
(97 : 96)
(96 : 121)
(363 : 362)
(152 : 151)
(151 : 150)
(11 : 10)
(413 : 388)
(118 : 94)
(376 : 401)
(486 : 472)
(472 : 471)
(353 : 326)
(326 : 325)
(389 : 414)
(414 : 415)
(334 : 333)
(333 : 309)
(508 : 509)
(274 : 273)
(273 : 297)
(152 : 176)
(176 : 175)
(70 : 71)
(270 : 250)
(449 : 426)
(176 : 177)
(177 : 178)
(353 : 352)
(352 : 351)
(259 : 260)
(445 : 463)
(414 : 439)
(341 : 342)
(198 : 197)
(428 : 404)
(404 : 405)
(417 : 442)
(442 : 443)
(143 : 144)
(297 : 296)
(472 : 473)
(444 : 462)
(11 : 0)
(356 : 329)
(462 : 475)
(478 : 477)
(320 : 321)
(321 : 322)
(18 : 19)
(7 : 8)
(8 : 9)
(52 : 53)
(53 : 71)
(334 : 335)
(335 : 311)
(488 : 487)
(487 : 478)
(283 : 261)
(261 : 262)
(424 : 425)
(442 : 441)
(378 : 377)
(269 : 249)
(196 : 215)
(215 : 214)
(322 : 349)
(349 : 348)
(241 : 240)
(272 : 273)
(486 : 495)
(439 : 461)
(294 : 295)
(295 : 318)
(369 : 343)
(459 : 460)
(40 : 39)
(39 : 56)
(172 : 171)
(477 : 476)
(121 : 145)
(223 : 224)
(145 : 146)
(146 : 122)
(194 : 213)
(58 : 41)
(41 : 40)
(171 : 170)
(242 : 225)
(242 : 241)
(242 : 262)
(344 : 345)
(53 : 54)
(437 : 438)
(375 : 400)
(400 : 399)
(475 : 474)
(74 : 73)
(73 : 72)
(94 : 95)
(95 : 119)
(1 : 11)
(6 : 16)
(7 : 17)
(11 : 20)
(13 : 22)
(14 : 23)
(19 : 28)
(21 : 30)
(25 : 34)
(39 : 57)
(44 : 61)
(44 : 63)
(65 : 48)
(66 : 49)
(68 : 51)
(53 : 70)
(82 : 61)
(62 : 83)
(64 : 87)
(89 : 68)
(69 : 90)
(70 : 91)
(76 : 99)
(79 : 102)
(81 : 104)
(83 : 106)
(86 : 111)
(91 : 114)
(92 : 115)
(95 : 118)
(121 : 97)
(102 : 125)
(131 : 108)
(109 : 134)
(110 : 135)
(136 : 113)
(114 : 139)
(116 : 139)
(120 : 143)
(121 : 146)
(125 : 149)
(127 : 151)
(156 : 132)
(133 : 157)
(135 : 159)
(138 : 162)
(143 : 167)
(144 : 168)
(148 : 171)
(151 : 174)
(152 : 175)
(153 : 176)
(155 : 178)
(159 : 182)
(168 : 193)
(175 : 195)
(179 : 197)
(181 : 201)
(184 : 202)
(185 : 205)
(187 : 207)
(189 : 207)
(210 : 192)
(197 : 217)
(208 : 228)
(211 : 229)
(217 : 235)
(239 : 223)
(223 : 241)
(225 : 243)
(243 : 227)
(244 : 228)
(229 : 245)
(252 : 233)
(235 : 254)
(255 : 236)
(237 : 256)
(261 : 242)
(252 : 273)
(275 : 254)
(258 : 279)
(266 : 287)
(271 : 292)
(296 : 273)
(276 : 299)
(301 : 278)
(278 : 303)
(284 : 306)
(286 : 308)
(288 : 310)
(292 : 314)
(293 : 315)
(293 : 317)
(319 : 297)
(301 : 323)
(303 : 325)
(330 : 307)
(310 : 335)
(316 : 339)
(340 : 317)
(318 : 341)
(320 : 346)
(322 : 348)
(323 : 349)
(325 : 351)
(325 : 353)
(327 : 353)
(331 : 357)
(340 : 365)
(344 : 369)
(345 : 370)
(348 : 374)
(354 : 378)
(356 : 380)
(360 : 384)
(385 : 361)
(366 : 390)
(366 : 392)
(368 : 392)
(370 : 394)
(371 : 395)
(372 : 398)
(398 : 374)
(375 : 399)
(376 : 400)
(378 : 402)
(380 : 404)
(405 : 381)
(381 : 407)
(383 : 407)
(384 : 408)
(384 : 410)
(387 : 411)
(390 : 414)
(416 : 392)
(393 : 417)
(394 : 418)
(400 : 424)
(404 : 427)
(432 : 409)
(436 : 413)
(417 : 441)
(421 : 445)
(429 : 451)
(431 : 453)
(431 : 455)
(445 : 462)
(453 : 465)
(457 : 469)
(459 : 471)
(466 : 479)
(467 : 480)
(481 : 489)
(485 : 493)
(485 : 495)
(490 : 497)
(491 : 498)
(492 : 499)
(500 : 493)
(497 : 503)
(499 : 505)
