8505.0
8
10
262 496 20 383 129 253 398 389 147 135 
34.0 11.0 95.0 24.0 57.0 9.0 70.0 70.0 32.0 55.0 0.0 27.0 40.0 77.0 66.0 43.0 86.0 0.0 1.0 69.0 37.0 0.0 39.0 38.0 39.0 76.0 40.0 40.0 76.0 84.0 50.0 7.0 90.0 35.0 44.0 16.0 82.0 10.0 37.0 65.0 98.0 87.0 82.0 27.0 16.0 24.0 67.0 56.0 20.0 47.0 38.0 5.0 24.0 24.0 53.0 93.0 41.0 9.0 84.0 27.0 33.0 27.0 93.0 26.0 68.0 80.0 81.0 57.0 38.0 11.0 9.0 17.0 13.0 41.0 31.0 29.0 31.0 61.0 83.0 29.0 91.0 4.0 58.0 46.0 1.0 55.0 28.0 53.0 85.0 6.0 98.0 81.0 95.0 78.0 28.0 40.0 69.0 40.0 19.0 3.0 4.0 60.0 46.0 9.0 98.0 25.0 7.0 69.0 32.0 51.0 80.0 30.0 90.0 59.0 83.0 40.0 64.0 97.0 11.0 34.0 68.0 2.0 38.0 33.0 25.0 81.0 86.0 80.0 37.0 2.0 11.0 10.0 1.0 28.0 14.0 73.0 10.0 39.0 31.0 51.0 80.0 7.0 81.0 41.0 15.0 68.0 8.0 82.0 9.0 64.0 8.0 87.0 33.0 64.0 44.0 52.0 96.0 76.0 0.0 85.0 68.0 27.0 95.0 61.0 90.0 11.0 69.0 91.0 41.0 88.0 7.0 11.0 21.0 24.0 36.0 85.0 45.0 3.0 6.0 11.0 91.0 42.0 29.0 55.0 21.0 70.0 22.0 64.0 33.0 4.0 32.0 99.0 48.0 69.0 60.0 28.0 95.0 58.0 66.0 15.0 28.0 22.0 69.0 4.0 3.0 39.0 8.0 79.0 35.0 29.0 56.0 22.0 17.0 79.0 58.0 57.0 53.0 13.0 54.0 5.0 86.0 18.0 24.0 83.0 8.0 3.0 40.0 44.0 57.0 19.0 92.0 10.0 98.0 11.0 58.0 16.0 0.0 10.0 87.0 15.0 42.0 98.0 0.0 16.0 56.0 96.0 49.0 2.0 27.0 33.0 38.0 94.0 20.0 31.0 78.0 58.0 14.0 88.0 30.0 18.0 8.0 23.0 26.0 33.0 31.0 28.0 21.0 1.0 72.0 24.0 34.0 56.0 68.0 73.0 22.0 67.0 78.0 32.0 48.0 16.0 55.0 66.0 50.0 36.0 37.0 90.0 52.0 67.0 75.0 54.0 31.0 60.0 71.0 81.0 16.0 24.0 54.0 69.0 31.0 42.0 49.0 34.0 41.0 72.0 35.0 79.0 57.0 11.0 16.0 99.0 38.0 7.0 7.0 31.0 25.0 41.0 19.0 65.0 95.0 66.0 74.0 12.0 15.0 41.0 88.0 8.0 97.0 26.0 56.0 98.0 41.0 42.0 33.0 9.0 22.0 87.0 80.0 72.0 14.0 71.0 56.0 80.0 10.0 45.0 1.0 27.0 76.0 80.0 96.0 73.0 90.0 41.0 34.0 89.0 21.0 68.0 66.0 78.0 16.0 40.0 28.0 9.0 55.0 31.0 33.0 23.0 28.0 59.0 83.0 38.0 39.0 94.0 47.0 33.0 58.0 74.0 95.0 68.0 22.0 53.0 44.0 20.0 41.0 49.0 1.0 88.0 69.0 99.0 57.0 99.0 95.0 87.0 32.0 22.0 26.0 7.0 20.0 60.0 87.0 84.0 6.0 21.0 88.0 27.0 43.0 41.0 2.0 44.0 23.0 32.0 57.0 97.0 1.0 75.0 66.0 81.0 50.0 76.0 5.0 66.0 56.0 14.0 10.0 9.0 89.0 96.0 82.0 97.0 9.0 45.0 67.0 20.0 72.0 63.0 38.0 2.0 63.0 65.0 29.0 71.0 49.0 46.0 31.0 1.0 12.0 62.0 30.0 51.0 26.0 93.0 68.0 32.0 26.0 27.0 6.0 93.0 95.0 76.0 77.0 46.0 68.0 5.0 66.0 43.0 62.0 85.0 14.0 62.0 77.0 39.0 72.0 21.0 39.0 86.0 67.0 66.0 0.0 79.0 94.0 17.0 97.0 88.0 83.0 77.0 51.0 56.0 24.0 12.0 67.0 54.0 58.0 24.0 48.0 49.0 29.0 26.0 31.0 79.0 46.0 98.0 
(135 : 111)
(389 : 388)
(496 : 484)
(389 : 365)
(111 : 110)
(388 : 387)
(496 : 497)
(398 : 375)
(389 : 411)
(389 : 390)
(129 : 128)
(253 : 239)
(398 : 399)
(495 : 494)
(129 : 154)
(112 : 88)
(399 : 376)
(376 : 375)
(387 : 363)
(88 : 89)
(112 : 136)
(390 : 412)
(398 : 397)
(262 : 263)
(365 : 364)
(239 : 240)
(154 : 155)
(262 : 248)
(88 : 66)
(399 : 422)
(497 : 485)
(110 : 109)
(88 : 87)
(375 : 374)
(374 : 397)
(399 : 400)
(398 : 421)
(387 : 386)
(147 : 122)
(136 : 137)
(363 : 338)
(496 : 504)
(374 : 373)
(494 : 493)
(364 : 339)
(338 : 337)
(249 : 263)
(20 : 10)
(400 : 377)
(129 : 105)
(387 : 409)
(105 : 81)
(504 : 505)
(496 : 495)
(66 : 65)
(377 : 353)
(66 : 48)
(497 : 498)
(337 : 336)
(421 : 441)
(411 : 432)
(249 : 235)
(365 : 366)
(366 : 390)
(366 : 341)
(239 : 238)
(147 : 148)
(147 : 146)
(485 : 474)
(365 : 340)
(340 : 339)
(340 : 341)
(235 : 234)
(112 : 113)
(113 : 89)
(497 : 505)
(412 : 413)
(240 : 223)
(412 : 433)
(66 : 67)
(137 : 161)
(340 : 314)
(128 : 127)
(338 : 312)
(411 : 410)
(410 : 409)
(422 : 442)
(113 : 114)
(374 : 350)
(339 : 313)
(313 : 314)
(67 : 49)
(114 : 90)
(10 : 1)
(128 : 153)
(412 : 411)
(10 : 11)
(110 : 86)
(110 : 134)
(134 : 135)
(240 : 241)
(81 : 82)
(121 : 97)
(459 : 442)
(89 : 67)
(89 : 90)
(90 : 68)
(313 : 289)
(238 : 221)
(137 : 138)
(493 : 481)
(138 : 139)
(383 : 384)
(498 : 486)
(391 : 390)
(112 : 111)
(253 : 254)
(413 : 414)
(366 : 367)
(474 : 473)
(241 : 224)
(86 : 64)
(409 : 430)
(338 : 339)
(97 : 98)
(98 : 122)
(223 : 207)
(377 : 378)
(341 : 342)
(383 : 359)
(400 : 401)
(350 : 349)
(349 : 373)
(486 : 475)
(475 : 474)
(342 : 316)
(350 : 325)
(262 : 261)
(422 : 423)
(316 : 292)
(342 : 343)
(248 : 247)
(247 : 261)
(65 : 47)
(336 : 310)
(90 : 91)
(241 : 242)
(11 : 2)
(2 : 1)
(423 : 424)
(316 : 315)
(315 : 341)
(103 : 79)
(397 : 396)
(396 : 373)
(253 : 252)
(475 : 476)
(343 : 317)
(317 : 316)
(47 : 46)
(135 : 159)
(242 : 225)
(225 : 224)
(384 : 385)
(385 : 386)
(481 : 470)
(155 : 156)
(10 : 9)
(494 : 502)
(127 : 152)
(81 : 59)
(255 : 254)
(225 : 226)
(46 : 29)
(161 : 162)
(162 : 138)
(281 : 280)
(280 : 262)
(349 : 324)
(324 : 325)
(261 : 260)
(159 : 160)
(160 : 161)
(420 : 397)
(498 : 506)
(310 : 309)
(475 : 460)
(384 : 360)
(360 : 359)
(91 : 69)
(2 : 3)
(248 : 234)
(248 : 249)
(98 : 99)
(86 : 85)
(11 : 12)
(187 : 188)
(222 : 206)
(206 : 207)
(459 : 458)
(458 : 441)
(498 : 499)
(187 : 186)
(64 : 63)
(105 : 106)
(106 : 82)
(324 : 296)
(147 : 171)
(434 : 433)
(494 : 482)
(224 : 208)
(208 : 207)
(361 : 336)
(254 : 270)
(378 : 354)
(47 : 30)
(364 : 363)
(364 : 388)
(153 : 178)
(171 : 170)
(170 : 146)
(343 : 344)
(247 : 233)
(233 : 234)
(410 : 431)
(431 : 430)
(421 : 420)
(171 : 192)
(442 : 443)
(97 : 96)
(170 : 169)
(359 : 358)
(486 : 487)
(487 : 499)
(85 : 84)
(495 : 483)
(410 : 388)
(476 : 477)
(396 : 395)
(208 : 209)
(209 : 225)
(325 : 297)
(297 : 296)
(234 : 218)
(218 : 198)
(384 : 406)
(186 : 165)
(309 : 285)
(156 : 131)
(30 : 16)
(337 : 362)
(362 : 386)
(98 : 76)
(310 : 286)
(434 : 452)
(137 : 113)
(470 : 469)
(87 : 86)
(87 : 111)
(192 : 193)
(188 : 167)
(408 : 407)
(407 : 385)
(344 : 369)
(414 : 435)
(82 : 83)
(69 : 70)
(154 : 179)
(378 : 379)
(192 : 191)
(506 : 507)
(507 : 499)
(354 : 329)
(130 : 155)
(473 : 472)
(99 : 100)
(169 : 168)
(335 : 309)
(482 : 471)
(458 : 457)
(260 : 259)
(312 : 288)
(288 : 289)
(21 : 22)
(105 : 104)
(156 : 157)
(109 : 108)
(296 : 272)
(297 : 273)
(391 : 392)
(376 : 352)
(247 : 246)
(246 : 260)
(315 : 291)
(507 : 508)
(30 : 31)
(401 : 402)
(402 : 379)
(238 : 237)
(358 : 357)
(171 : 172)
(139 : 163)
(163 : 162)
(280 : 279)
(391 : 367)
(391 : 413)
(432 : 450)
(343 : 368)
(368 : 367)
(396 : 419)
(495 : 503)
(104 : 80)
(80 : 79)
(80 : 81)
(459 : 474)
(420 : 440)
(440 : 457)
(440 : 441)
(122 : 121)
(329 : 330)
(435 : 436)
(408 : 429)
(429 : 430)
(499 : 500)
(500 : 508)
(99 : 77)
(3 : 4)
(188 : 189)
(189 : 209)
(460 : 461)
(80 : 58)
(360 : 335)
(360 : 361)
(193 : 194)
(419 : 439)
(379 : 355)
(355 : 330)
(420 : 419)
(329 : 328)
(328 : 353)
(240 : 254)
(451 : 433)
(97 : 75)
(75 : 76)
(128 : 104)
(82 : 60)
(60 : 59)
(460 : 443)
(460 : 459)
(48 : 31)
(297 : 298)
(63 : 45)
(96 : 74)
(84 : 62)
(186 : 185)
(186 : 206)
(75 : 53)
(59 : 41)
(472 : 457)
(472 : 471)
(123 : 124)
(325 : 326)
(69 : 50)
(471 : 456)
(456 : 439)
(392 : 393)
(286 : 264)
(21 : 37)
(484 : 473)
(430 : 448)
(91 : 92)
(349 : 348)
(493 : 492)
(4 : 13)
(13 : 12)
(354 : 353)
(354 : 355)
(58 : 40)
(194 : 214)
(214 : 215)
(246 : 232)
(160 : 181)
(181 : 182)
(253 : 269)
(269 : 270)
(342 : 367)
(357 : 381)
(330 : 302)
(120 : 119)
(357 : 332)
(508 : 509)
(193 : 213)
(352 : 351)
(9 : 8)
(487 : 488)
(317 : 318)
(471 : 470)
(298 : 274)
(503 : 504)
(76 : 54)
(96 : 95)
(362 : 361)
(362 : 363)
(172 : 173)
(173 : 194)
(95 : 73)
(73 : 74)
(163 : 184)
(184 : 185)
(288 : 287)
(288 : 266)
(116 : 92)
(270 : 295)
(189 : 190)
(239 : 222)
(182 : 202)
(221 : 205)
(381 : 382)
(382 : 383)
(20 : 19)
(370 : 345)
(345 : 344)
(85 : 63)
(168 : 144)
(144 : 119)
(450 : 449)
(205 : 204)
(310 : 311)
(311 : 337)
(359 : 334)
(19 : 18)
(185 : 164)
(164 : 163)
(164 : 165)
(192 : 212)
(212 : 213)
(332 : 306)
(92 : 93)
(461 : 462)
(281 : 305)
(441 : 442)
(1 : 0)
(181 : 180)
(180 : 159)
(77 : 55)
(55 : 37)
(55 : 54)
(187 : 166)
(79 : 57)
(481 : 480)
(480 : 469)
(480 : 492)
(218 : 217)
(392 : 368)
(148 : 149)
(149 : 173)
(235 : 219)
(280 : 304)
(232 : 231)
(345 : 319)
(232 : 216)
(216 : 217)
(352 : 327)
(327 : 326)
(328 : 300)
(215 : 195)
(335 : 336)
(269 : 294)
(221 : 220)
(220 : 204)
(237 : 236)
(160 : 136)
(95 : 94)
(169 : 145)
(145 : 120)
(226 : 243)
(115 : 114)
(115 : 139)
(255 : 271)
(413 : 434)
(377 : 376)
(214 : 230)
(216 : 196)
(451 : 465)
(237 : 251)
(4 : 5)
(294 : 293)
(293 : 319)
(114 : 138)
(30 : 29)
(230 : 229)
(131 : 132)
(190 : 210)
(210 : 209)
(210 : 226)
(465 : 466)
(448 : 447)
(434 : 435)
(77 : 78)
(78 : 100)
(100 : 101)
(348 : 347)
(31 : 32)
(274 : 257)
(231 : 245)
(57 : 39)
(39 : 40)
(20 : 36)
(144 : 143)
(143 : 167)
(31 : 17)
(19 : 35)
(35 : 36)
(462 : 445)
(419 : 418)
(116 : 117)
(157 : 158)
(129 : 130)
(252 : 268)
(268 : 269)
(311 : 287)
(311 : 312)
(162 : 183)
(386 : 408)
(143 : 118)
(118 : 119)
(327 : 299)
(299 : 298)
(294 : 320)
(183 : 203)
(50 : 51)
(103 : 104)
(448 : 464)
(432 : 431)
(432 : 433)
(164 : 140)
(222 : 221)
(222 : 223)
(457 : 456)
(267 : 266)
(36 : 37)
(161 : 182)
(70 : 71)
(108 : 107)
(107 : 83)
(136 : 135)
(299 : 275)
(261 : 279)
(470 : 455)
(350 : 351)
(238 : 252)
(13 : 14)
(177 : 178)
(483 : 482)
(483 : 484)
(289 : 290)
(290 : 314)
(14 : 24)
(73 : 72)
(355 : 356)
(300 : 301)
(469 : 454)
(206 : 205)
(125 : 150)
(150 : 149)
(60 : 61)
(477 : 478)
(443 : 444)
(444 : 461)
(333 : 358)
(197 : 196)
(197 : 198)
(40 : 26)
(320 : 346)
(218 : 219)
(60 : 42)
(42 : 41)
(109 : 133)
(133 : 134)
(334 : 308)
(308 : 309)
(469 : 468)
(153 : 152)
(382 : 404)
(404 : 405)
(106 : 107)
(168 : 189)
(477 : 488)
(259 : 258)
(19 : 9)
(20 : 21)
(304 : 303)
(303 : 279)
(348 : 372)
(372 : 373)
(414 : 415)
(48 : 47)
(48 : 49)
(439 : 438)
(438 : 418)
(492 : 491)
(468 : 453)
(122 : 123)
(217 : 197)
(149 : 124)
(12 : 22)
(415 : 416)
(173 : 174)
(174 : 195)
(133 : 158)
(279 : 278)
(45 : 44)
(44 : 62)
(73 : 52)
(5 : 6)
(217 : 233)
(443 : 423)
(476 : 461)
(229 : 228)
(52 : 34)
(165 : 141)
(141 : 117)
(141 : 140)
(334 : 333)
(61 : 43)
(43 : 42)
(43 : 44)
(45 : 28)
(28 : 29)
(445 : 425)
(425 : 402)
(368 : 369)
(55 : 56)
(347 : 322)
(22 : 23)
(468 : 479)
(479 : 480)
(478 : 489)
(294 : 295)
(287 : 265)
(265 : 264)
(333 : 307)
(106 : 130)
(153 : 154)
(436 : 437)
(91 : 115)
(3 : 12)
(242 : 256)
(108 : 132)
(385 : 361)
(215 : 216)
(205 : 185)
(466 : 467)
(255 : 256)
(37 : 38)
(152 : 177)
(407 : 428)
(448 : 449)
(96 : 120)
(489 : 490)
(415 : 393)
(415 : 436)
(351 : 375)
(210 : 211)
(141 : 142)
(393 : 394)
(394 : 416)
(322 : 321)
(321 : 320)
(300 : 276)
(276 : 275)
(107 : 131)
(418 : 417)
(143 : 142)
(445 : 446)
(180 : 201)
(188 : 208)
(245 : 244)
(378 : 401)
(166 : 165)
(196 : 175)
(175 : 174)
(219 : 199)
(228 : 227)
(227 : 211)
(63 : 62)
(251 : 250)
(250 : 236)
(65 : 87)
(356 : 380)
(330 : 331)
(331 : 303)
(58 : 59)
(50 : 33)
(259 : 277)
(277 : 301)
(302 : 301)
(36 : 54)
(198 : 176)
(328 : 327)
(406 : 427)
(427 : 428)
(426 : 446)
(478 : 463)
(263 : 281)
(8 : 7)
(379 : 380)
(324 : 323)
(307 : 283)
(24 : 25)
(29 : 15)
(426 : 403)
(403 : 380)
(125 : 126)
(42 : 27)
(306 : 282)
(282 : 283)
(177 : 200)
(370 : 371)
(500 : 501)
(501 : 509)
(175 : 151)
(151 : 126)
(308 : 284)
(101 : 102)
(102 : 126)
(3 : 13)
(5 : 13)
(19 : 10)
(13 : 22)
(16 : 29)
(17 : 30)
(35 : 20)
(36 : 21)
(29 : 45)
(66 : 49)
(51 : 69)
(56 : 77)
(58 : 79)
(80 : 59)
(68 : 89)
(68 : 91)
(70 : 91)
(77 : 98)
(79 : 104)
(104 : 81)
(86 : 109)
(87 : 112)
(89 : 114)
(115 : 92)
(93 : 116)
(96 : 121)
(99 : 122)
(127 : 104)
(128 : 105)
(129 : 106)
(136 : 113)
(137 : 114)
(114 : 139)
(116 : 141)
(121 : 147)
(122 : 148)
(123 : 149)
(149 : 125)
(128 : 154)
(132 : 156)
(143 : 166)
(143 : 168)
(148 : 171)
(150 : 173)
(152 : 178)
(181 : 161)
(162 : 182)
(163 : 183)
(185 : 165)
(166 : 188)
(168 : 188)
(169 : 189)
(171 : 191)
(174 : 194)
(175 : 195)
(206 : 187)
(216 : 197)
(208 : 223)
(225 : 210)
(211 : 226)
(217 : 232)
(233 : 218)
(234 : 219)
(221 : 237)
(222 : 240)
(224 : 240)
(226 : 242)
(233 : 246)
(233 : 248)
(234 : 249)
(251 : 238)
(255 : 242)
(262 : 249)
(261 : 278)
(280 : 263)
(265 : 286)
(288 : 267)
(269 : 293)
(294 : 270)
(296 : 273)
(275 : 298)
(276 : 299)
(276 : 301)
(283 : 306)
(285 : 308)
(286 : 309)
(294 : 319)
(295 : 320)
(296 : 325)
(299 : 326)
(300 : 327)
(302 : 329)
(302 : 331)
(307 : 332)
(308 : 333)
(334 : 309)
(309 : 336)
(314 : 341)
(343 : 318)
(324 : 348)
(349 : 325)
(325 : 351)
(327 : 351)
(352 : 328)
(355 : 331)
(332 : 358)
(360 : 336)
(365 : 341)
(367 : 343)
(369 : 345)
(375 : 352)
(352 : 377)
(379 : 356)
(358 : 381)
(383 : 360)
(361 : 386)
(388 : 365)
(391 : 368)
(378 : 402)
(404 : 383)
(385 : 406)
(385 : 408)
(387 : 410)
(388 : 411)
(411 : 390)
(390 : 413)
(396 : 418)
(397 : 421)
(421 : 399)
(425 : 403)
(407 : 427)
(408 : 428)
(429 : 409)
(431 : 411)
(432 : 412)
(412 : 434)
(413 : 435)
(420 : 441)
(443 : 424)
(425 : 446)
(432 : 449)
(432 : 451)
(434 : 451)
(456 : 440)
(459 : 443)
(445 : 461)
(454 : 468)
(458 : 472)
(459 : 475)
(460 : 476)
(462 : 476)
(471 : 481)
(473 : 483)
(474 : 484)
(474 : 486)
(487 : 477)
(478 : 488)
(480 : 491)
(494 : 483)
(483 : 496)
(486 : 497)
(502 : 495)
(503 : 496)
(498 : 505)
(498 : 507)
