3435.0
6
10
115 205 9 159 47 109 166 163 54 49 
44.0 45.0 97.0 56.0 15.0 65.0 26.0 73.0 42.0 98.0 28.0 64.0 89.0 28.0 65.0 84.0 90.0 55.0 18.0 42.0 87.0 45.0 83.0 59.0 61.0 46.0 64.0 58.0 41.0 21.0 37.0 14.0 40.0 13.0 84.0 88.0 56.0 56.0 19.0 0.0 34.0 19.0 21.0 94.0 37.0 33.0 53.0 45.0 60.0 99.0 19.0 52.0 79.0 35.0 77.0 43.0 77.0 45.0 73.0 62.0 60.0 21.0 78.0 16.0 57.0 22.0 0.0 46.0 7.0 45.0 73.0 96.0 43.0 56.0 64.0 28.0 26.0 90.0 66.0 96.0 24.0 32.0 70.0 59.0 96.0 60.0 16.0 85.0 17.0 97.0 7.0 10.0 85.0 46.0 97.0 70.0 52.0 71.0 89.0 59.0 43.0 57.0 34.0 48.0 94.0 85.0 54.0 54.0 59.0 86.0 51.0 97.0 45.0 18.0 82.0 6.0 3.0 54.0 57.0 5.0 6.0 95.0 80.0 61.0 88.0 52.0 63.0 64.0 8.0 69.0 21.0 45.0 19.0 57.0 5.0 69.0 23.0 2.0 36.0 97.0 18.0 23.0 7.0 9.0 31.0 9.0 11.0 11.0 36.0 50.0 28.0 36.0 94.0 41.0 19.0 64.0 96.0 80.0 57.0 45.0 52.0 19.0 9.0 11.0 31.0 94.0 58.0 8.0 77.0 32.0 9.0 52.0 3.0 92.0 85.0 42.0 14.0 80.0 40.0 23.0 22.0 79.0 8.0 2.0 5.0 17.0 26.0 49.0 96.0 94.0 30.0 26.0 95.0 13.0 57.0 71.0 96.0 68.0 79.0 88.0 
(166 : 153)
(115 : 114)
(205 : 197)
(166 : 167)
(109 : 95)
(95 : 82)
(115 : 128)
(153 : 137)
(128 : 127)
(163 : 146)
(128 : 141)
(95 : 96)
(163 : 162)
(114 : 102)
(167 : 168)
(146 : 147)
(146 : 132)
(49 : 50)
(102 : 89)
(132 : 118)
(153 : 154)
(137 : 138)
(138 : 154)
(138 : 139)
(127 : 126)
(109 : 108)
(179 : 178)
(178 : 167)
(115 : 103)
(139 : 155)
(178 : 189)
(108 : 94)
(94 : 95)
(155 : 156)
(156 : 140)
(54 : 43)
(153 : 152)
(102 : 101)
(168 : 169)
(50 : 38)
(205 : 204)
(138 : 125)
(125 : 126)
(89 : 90)
(90 : 103)
(163 : 175)
(96 : 110)
(179 : 180)
(180 : 169)
(9 : 8)
(82 : 81)
(204 : 203)
(38 : 27)
(159 : 142)
(27 : 26)
(180 : 181)
(38 : 39)
(9 : 2)
(108 : 107)
(94 : 93)
(205 : 206)
(162 : 145)
(145 : 146)
(27 : 14)
(178 : 177)
(204 : 196)
(81 : 80)
(43 : 31)
(162 : 161)
(126 : 113)
(113 : 101)
(181 : 170)
(170 : 169)
(179 : 190)
(180 : 191)
(162 : 174)
(93 : 92)
(81 : 67)
(96 : 83)
(174 : 173)
(145 : 131)
(37 : 25)
(25 : 26)
(2 : 1)
(173 : 172)
(82 : 68)
(49 : 48)
(48 : 37)
(67 : 51)
(189 : 188)
(67 : 66)
(49 : 64)
(64 : 65)
(90 : 76)
(133 : 147)
(44 : 55)
(55 : 73)
(188 : 187)
(187 : 196)
(101 : 100)
(73 : 74)
(156 : 157)
(157 : 141)
(113 : 112)
(112 : 100)
(163 : 164)
(2 : 3)
(47 : 35)
(64 : 63)
(37 : 36)
(173 : 183)
(181 : 192)
(192 : 191)
(27 : 28)
(28 : 39)
(197 : 198)
(198 : 189)
(28 : 15)
(145 : 144)
(15 : 6)
(172 : 160)
(175 : 185)
(96 : 97)
(118 : 105)
(64 : 78)
(174 : 184)
(198 : 199)
(63 : 62)
(1 : 0)
(191 : 200)
(200 : 199)
(8 : 7)
(7 : 0)
(80 : 79)
(79 : 78)
(199 : 207)
(207 : 206)
(107 : 106)
(185 : 193)
(28 : 29)
(78 : 91)
(118 : 119)
(31 : 32)
(32 : 44)
(62 : 61)
(83 : 84)
(159 : 171)
(147 : 148)
(9 : 10)
(160 : 143)
(143 : 142)
(101 : 88)
(88 : 74)
(25 : 24)
(73 : 72)
(72 : 54)
(8 : 17)
(25 : 13)
(112 : 111)
(55 : 56)
(56 : 74)
(32 : 19)
(131 : 117)
(108 : 121)
(121 : 122)
(196 : 195)
(61 : 60)
(24 : 23)
(7 : 16)
(16 : 17)
(117 : 116)
(89 : 75)
(75 : 74)
(75 : 76)
(47 : 46)
(159 : 158)
(45 : 56)
(148 : 134)
(134 : 133)
(152 : 151)
(151 : 165)
(192 : 201)
(201 : 209)
(207 : 208)
(110 : 123)
(123 : 122)
(33 : 32)
(9 : 18)
(18 : 31)
(18 : 19)
(87 : 73)
(151 : 150)
(176 : 187)
(76 : 58)
(54 : 53)
(53 : 71)
(58 : 57)
(57 : 75)
(84 : 70)
(119 : 120)
(13 : 5)
(23 : 22)
(22 : 35)
(35 : 34)
(31 : 30)
(30 : 17)
(137 : 124)
(124 : 125)
(71 : 85)
(172 : 182)
(68 : 69)
(69 : 83)
(85 : 98)
(98 : 97)
(21 : 22)
(142 : 129)
(23 : 12)
(43 : 42)
(111 : 99)
(143 : 130)
(99 : 86)
(86 : 72)
(86 : 85)
(117 : 104)
(51 : 40)
(40 : 39)
(185 : 186)
(148 : 149)
(10 : 11)
(5 : 4)
(46 : 59)
(122 : 136)
(60 : 77)
(203 : 202)
(195 : 194)
(194 : 202)
(33 : 20)
(20 : 11)
(20 : 19)
(68 : 52)
(52 : 41)
(52 : 51)
(121 : 135)
(135 : 134)
(135 : 149)
(135 : 136)
(1 : 7)
(10 : 18)
(11 : 19)
(21 : 35)
(25 : 36)
(29 : 39)
(43 : 32)
(44 : 33)
(35 : 46)
(40 : 52)
(44 : 54)
(44 : 56)
(49 : 63)
(64 : 50)
(53 : 72)
(54 : 73)
(57 : 74)
(57 : 76)
(65 : 78)
(68 : 81)
(69 : 82)
(70 : 83)
(72 : 85)
(87 : 74)
(82 : 94)
(83 : 95)
(86 : 98)
(89 : 101)
(90 : 102)
(94 : 107)
(96 : 109)
(103 : 114)
(108 : 122)
(115 : 127)
(119 : 132)
(126 : 138)
(128 : 140)
(132 : 145)
(146 : 133)
(154 : 139)
(140 : 157)
(143 : 159)
(147 : 163)
(162 : 173)
(167 : 177)
(168 : 180)
(173 : 184)
(178 : 188)
(180 : 190)
(192 : 200)
(195 : 202)
(197 : 204)
(198 : 205)
(207 : 200)
