1762.0
5
20
120 173 63 142 85 116 146 143 89 87 122 109 214 14 178 69 35 187 217 18 
23.0 5.0 97.0 51.0 0.0 44.0 12.0 36.0 54.0 93.0 30.0 39.0 95.0 71.0 43.0 13.0 61.0 27.0 31.0 17.0 66.0 69.0 24.0 77.0 1.0 31.0 62.0 70.0 51.0 31.0 92.0 18.0 83.0 92.0 96.0 93.0 53.0 81.0 8.0 65.0 91.0 82.0 60.0 14.0 51.0 67.0 98.0 21.0 71.0 26.0 43.0 48.0 34.0 6.0 53.0 85.0 4.0 73.0 65.0 9.0 2.0 35.0 69.0 58.0 91.0 66.0 30.0 72.0 76.0 83.0 95.0 81.0 37.0 30.0 94.0 72.0 0.0 86.0 5.0 53.0 90.0 28.0 52.0 72.0 27.0 14.0 26.0 32.0 92.0 29.0 97.0 43.0 37.0 70.0 77.0 19.0 35.0 14.0 4.0 32.0 7.0 96.0 5.0 55.0 34.0 7.0 77.0 18.0 45.0 67.0 27.0 17.0 57.0 91.0 16.0 77.0 62.0 99.0 6.0 68.0 78.0 74.0 19.0 9.0 25.0 68.0 29.0 99.0 41.0 93.0 27.0 97.0 35.0 28.0 58.0 83.0 48.0 76.0 64.0 95.0 13.0 82.0 73.0 6.0 15.0 7.0 36.0 79.0 90.0 27.0 32.0 67.0 57.0 57.0 95.0 95.0 33.0 98.0 14.0 52.0 88.0 80.0 78.0 94.0 55.0 69.0 19.0 20.0 64.0 80.0 76.0 35.0 86.0 75.0 40.0 64.0 88.0 7.0 91.0 0.0 17.0 93.0 44.0 30.0 57.0 40.0 97.0 46.0 23.0 77.0 4.0 10.0 43.0 46.0 1.0 94.0 40.0 24.0 85.0 41.0 
(178 : 166)
(18 : 7)
(187 : 182)
(120 : 104)
(217 : 218)
(87 : 86)
(218 : 208)
(187 : 188)
(116 : 102)
(7 : 8)
(89 : 77)
(35 : 34)
(187 : 199)
(187 : 186)
(84 : 98)
(122 : 107)
(85 : 73)
(116 : 117)
(166 : 165)
(7 : 6)
(109 : 108)
(182 : 169)
(214 : 215)
(98 : 97)
(208 : 196)
(85 : 99)
(89 : 88)
(109 : 110)
(166 : 151)
(151 : 136)
(136 : 122)
(117 : 103)
(84 : 72)
(35 : 23)
(6 : 5)
(86 : 74)
(108 : 95)
(214 : 213)
(95 : 81)
(74 : 58)
(142 : 126)
(17 : 6)
(34 : 33)
(173 : 174)
(89 : 90)
(196 : 185)
(101 : 115)
(34 : 44)
(44 : 43)
(97 : 96)
(8 : 9)
(219 : 209)
(127 : 126)
(101 : 100)
(115 : 129)
(33 : 22)
(113 : 114)
(186 : 181)
(108 : 123)
(83 : 82)
(151 : 150)
(99 : 112)
(112 : 113)
(76 : 61)
(181 : 168)
(72 : 56)
(127 : 128)
(22 : 21)
(213 : 212)
(14 : 3)
(186 : 198)
(116 : 130)
(130 : 129)
(62 : 61)
(131 : 132)
(132 : 118)
(122 : 121)
(199 : 211)
(146 : 147)
(41 : 40)
(35 : 45)
(55 : 56)
(130 : 144)
(142 : 141)
(63 : 50)
(110 : 111)
(76 : 75)
(118 : 119)
(215 : 216)
(58 : 48)
(42 : 43)
(174 : 175)
(73 : 57)
(107 : 94)
(123 : 137)
(48 : 47)
(47 : 57)
(214 : 203)
(168 : 153)
(133 : 147)
(211 : 210)
(169 : 154)
(154 : 153)
(183 : 188)
(19 : 20)
(3 : 4)
(4 : 15)
(208 : 207)
(207 : 217)
(69 : 68)
(175 : 162)
(144 : 145)
(209 : 197)
(105 : 92)
(36 : 37)
(37 : 47)
(48 : 38)
(38 : 37)
(48 : 49)
(64 : 65)
(65 : 78)
(43 : 54)
(202 : 212)
(91 : 79)
(143 : 158)
(65 : 66)
(66 : 79)
(181 : 180)
(162 : 163)
(121 : 106)
(14 : 13)
(142 : 156)
(45 : 46)
(161 : 173)
(157 : 156)
(36 : 24)
(24 : 23)
(177 : 176)
(121 : 135)
(135 : 150)
(135 : 136)
(22 : 10)
(159 : 172)
(124 : 111)
(3 : 2)
(2 : 1)
(195 : 207)
(80 : 92)
(124 : 140)
(140 : 154)
(140 : 141)
(72 : 73)
(119 : 133)
(119 : 120)
(117 : 131)
(117 : 118)
(139 : 138)
(139 : 153)
(139 : 140)
(189 : 188)
(208 : 209)
(137 : 152)
(111 : 97)
(42 : 53)
(91 : 92)
(100 : 87)
(100 : 114)
(113 : 127)
(195 : 194)
(96 : 110)
(165 : 164)
(164 : 163)
(164 : 177)
(98 : 99)
(202 : 191)
(191 : 192)
(13 : 27)
(31 : 18)
(92 : 93)
(93 : 106)
(93 : 94)
(13 : 2)
(19 : 18)
(196 : 195)
(80 : 67)
(67 : 66)
(67 : 68)
(158 : 171)
(171 : 172)
(164 : 149)
(149 : 150)
(105 : 106)
(169 : 168)
(216 : 204)
(204 : 205)
(49 : 59)
(59 : 58)
(54 : 70)
(70 : 82)
(70 : 71)
(184 : 174)
(114 : 115)
(59 : 60)
(60 : 75)
(152 : 167)
(144 : 160)
(160 : 159)
(206 : 205)
(67 : 52)
(124 : 125)
(189 : 190)
(86 : 85)
(163 : 148)
(148 : 149)
(8 : 19)
(200 : 189)
(190 : 201)
(201 : 200)
(201 : 202)
(154 : 155)
(155 : 141)
(155 : 156)
(128 : 129)
(146 : 145)
(146 : 161)
(55 : 45)
(38 : 25)
(134 : 120)
(134 : 133)
(133 : 132)
(52 : 51)
(28 : 29)
(58 : 57)
(125 : 141)
(27 : 26)
(26 : 25)
(31 : 30)
(30 : 17)
(32 : 20)
(32 : 41)
(52 : 39)
(39 : 31)
(39 : 40)
(11 : 10)
(96 : 83)
(83 : 71)
(24 : 12)
(12 : 0)
(193 : 206)
(193 : 194)
(156 : 170)
(16 : 15)
(16 : 29)
(180 : 179)
(179 : 167)
(63 : 62)
(63 : 77)
(3 : 15)
(6 : 18)
(18 : 8)
(8 : 20)
(15 : 29)
(35 : 24)
(35 : 44)
(47 : 38)
(53 : 43)
(55 : 46)
(51 : 67)
(60 : 76)
(66 : 78)
(72 : 85)
(74 : 85)
(80 : 91)
(85 : 98)
(92 : 106)
(94 : 106)
(96 : 111)
(103 : 116)
(126 : 113)
(115 : 128)
(129 : 116)
(117 : 132)
(132 : 119)
(141 : 126)
(150 : 164)
(187 : 183)
(187 : 198)
(201 : 191)
(218 : 209)
