8661.0
8
10
293 502 31 413 129 281 431 419 145 135 
27.0 38.0 25.0 40.0 92.0 99.0 93.0 31.0 59.0 98.0 95.0 24.0 85.0 12.0 27.0 91.0 96.0 39.0 78.0 49.0 53.0 9.0 97.0 64.0 33.0 99.0 25.0 66.0 22.0 69.0 9.0 89.0 26.0 5.0 56.0 94.0 9.0 16.0 53.0 58.0 44.0 34.0 70.0 26.0 73.0 34.0 70.0 38.0 2.0 39.0 52.0 38.0 70.0 8.0 2.0 55.0 13.0 95.0 56.0 50.0 98.0 41.0 68.0 54.0 79.0 90.0 24.0 30.0 45.0 89.0 78.0 96.0 22.0 54.0 47.0 38.0 61.0 7.0 76.0 31.0 23.0 8.0 97.0 41.0 28.0 30.0 72.0 71.0 8.0 79.0 82.0 57.0 97.0 7.0 13.0 53.0 17.0 92.0 98.0 10.0 6.0 58.0 92.0 53.0 32.0 66.0 81.0 90.0 18.0 41.0 0.0 7.0 60.0 59.0 86.0 63.0 25.0 41.0 73.0 46.0 85.0 26.0 49.0 74.0 11.0 8.0 85.0 42.0 38.0 12.0 4.0 34.0 82.0 20.0 87.0 27.0 67.0 78.0 55.0 82.0 82.0 51.0 96.0 39.0 81.0 28.0 36.0 66.0 81.0 40.0 96.0 1.0 5.0 2.0 10.0 89.0 85.0 33.0 70.0 28.0 89.0 34.0 80.0 9.0 7.0 18.0 17.0 40.0 38.0 2.0 17.0 83.0 5.0 72.0 98.0 6.0 58.0 17.0 28.0 0.0 68.0 15.0 18.0 49.0 46.0 25.0 25.0 58.0 21.0 5.0 48.0 8.0 61.0 19.0 62.0 45.0 54.0 53.0 29.0 3.0 51.0 90.0 47.0 58.0 24.0 17.0 19.0 82.0 34.0 58.0 54.0 69.0 64.0 20.0 89.0 20.0 47.0 69.0 90.0 97.0 15.0 94.0 55.0 15.0 17.0 40.0 90.0 80.0 50.0 33.0 5.0 2.0 16.0 89.0 44.0 27.0 59.0 44.0 91.0 59.0 4.0 99.0 86.0 4.0 30.0 83.0 45.0 9.0 72.0 78.0 86.0 95.0 18.0 45.0 75.0 10.0 42.0 25.0 41.0 23.0 15.0 38.0 42.0 8.0 80.0 27.0 42.0 36.0 38.0 55.0 10.0 90.0 36.0 20.0 72.0 86.0 12.0 32.0 41.0 50.0 12.0 12.0 61.0 57.0 20.0 48.0 66.0 79.0 17.0 41.0 91.0 28.0 32.0 8.0 46.0 19.0 79.0 16.0 51.0 62.0 41.0 20.0 24.0 52.0 2.0 72.0 60.0 66.0 76.0 50.0 16.0 17.0 97.0 19.0 26.0 66.0 60.0 16.0 91.0 66.0 23.0 88.0 94.0 89.0 34.0 65.0 59.0 17.0 25.0 88.0 16.0 44.0 73.0 26.0 35.0 48.0 47.0 39.0 39.0 35.0 54.0 57.0 76.0 49.0 45.0 30.0 86.0 76.0 59.0 3.0 97.0 34.0 63.0 30.0 94.0 63.0 24.0 51.0 5.0 60.0 10.0 51.0 15.0 29.0 63.0 49.0 28.0 18.0 70.0 27.0 13.0 3.0 27.0 10.0 9.0 0.0 31.0 76.0 92.0 27.0 82.0 31.0 98.0 40.0 15.0 47.0 53.0 15.0 13.0 97.0 69.0 90.0 39.0 72.0 67.0 59.0 85.0 52.0 29.0 88.0 44.0 81.0 96.0 9.0 30.0 37.0 19.0 12.0 78.0 36.0 16.0 83.0 25.0 58.0 0.0 43.0 4.0 5.0 16.0 90.0 87.0 16.0 89.0 74.0 83.0 84.0 72.0 64.0 5.0 7.0 83.0 33.0 50.0 18.0 32.0 54.0 74.0 88.0 87.0 14.0 79.0 5.0 55.0 2.0 20.0 61.0 40.0 35.0 8.0 65.0 90.0 11.0 1.0 17.0 86.0 64.0 68.0 18.0 79.0 99.0 55.0 47.0 59.0 77.0 41.0 97.0 42.0 63.0 9.0 17.0 59.0 52.0 41.0 91.0 57.0 20.0 71.0 45.0 52.0 98.0 77.0 5.0 52.0 0.0 91.0 47.0 10.0 82.0 74.0 64.0 75.0 89.0 29.0 36.0 82.0 5.0 31.0 2.0 95.0 65.0 
(281 : 280)
(280 : 279)
(279 : 278)
(281 : 282)
(419 : 396)
(396 : 369)
(293 : 292)
(145 : 122)
(396 : 395)
(278 : 255)
(278 : 277)
(135 : 134)
(281 : 303)
(278 : 300)
(280 : 302)
(282 : 259)
(135 : 114)
(255 : 232)
(395 : 394)
(302 : 301)
(293 : 294)
(502 : 493)
(280 : 257)
(281 : 258)
(232 : 209)
(145 : 146)
(303 : 325)
(123 : 146)
(292 : 269)
(146 : 171)
(135 : 136)
(259 : 236)
(293 : 270)
(270 : 269)
(146 : 147)
(269 : 268)
(277 : 254)
(254 : 255)
(279 : 256)
(256 : 255)
(147 : 124)
(124 : 123)
(493 : 486)
(277 : 276)
(134 : 133)
(303 : 304)
(300 : 299)
(299 : 277)
(369 : 343)
(135 : 158)
(326 : 304)
(158 : 157)
(292 : 291)
(258 : 235)
(258 : 257)
(258 : 259)
(303 : 302)
(291 : 313)
(369 : 370)
(413 : 390)
(325 : 324)
(324 : 302)
(493 : 492)
(292 : 314)
(431 : 408)
(114 : 115)
(124 : 103)
(147 : 148)
(370 : 397)
(397 : 396)
(397 : 420)
(313 : 312)
(31 : 32)
(312 : 290)
(293 : 315)
(431 : 430)
(324 : 323)
(323 : 301)
(30 : 29)
(350 : 351)
(148 : 125)
(314 : 336)
(290 : 267)
(267 : 268)
(350 : 376)
(234 : 235)
(148 : 173)
(394 : 367)
(370 : 344)
(299 : 298)
(279 : 301)
(430 : 429)
(158 : 159)
(299 : 321)
(492 : 485)
(324 : 348)
(485 : 476)
(32 : 46)
(323 : 322)
(322 : 300)
(282 : 283)
(325 : 349)
(413 : 412)
(271 : 270)
(267 : 244)
(371 : 345)
(31 : 16)
(322 : 346)
(259 : 260)
(260 : 283)
(270 : 247)
(376 : 375)
(375 : 349)
(209 : 210)
(315 : 316)
(157 : 156)
(156 : 133)
(237 : 236)
(260 : 261)
(158 : 183)
(348 : 374)
(408 : 381)
(209 : 186)
(46 : 47)
(336 : 335)
(283 : 284)
(486 : 487)
(29 : 28)
(209 : 208)
(420 : 421)
(421 : 398)
(271 : 248)
(248 : 247)
(343 : 319)
(156 : 155)
(420 : 443)
(346 : 372)
(372 : 371)
(344 : 320)
(320 : 298)
(320 : 319)
(320 : 321)
(398 : 399)
(304 : 305)
(305 : 283)
(261 : 262)
(237 : 214)
(319 : 318)
(290 : 289)
(173 : 172)
(172 : 147)
(282 : 304)
(122 : 121)
(412 : 411)
(372 : 373)
(248 : 225)
(145 : 144)
(374 : 401)
(369 : 368)
(122 : 101)
(101 : 102)
(232 : 233)
(233 : 256)
(233 : 234)
(349 : 348)
(493 : 494)
(494 : 503)
(115 : 116)
(148 : 149)
(262 : 263)
(420 : 419)
(149 : 126)
(171 : 196)
(289 : 288)
(401 : 400)
(400 : 399)
(256 : 257)
(429 : 428)
(326 : 327)
(186 : 161)
(285 : 262)
(326 : 350)
(44 : 43)
(43 : 29)
(494 : 495)
(187 : 162)
(267 : 266)
(429 : 451)
(136 : 137)
(137 : 116)
(394 : 393)
(345 : 321)
(345 : 344)
(345 : 346)
(29 : 14)
(155 : 132)
(374 : 373)
(374 : 375)
(344 : 343)
(289 : 311)
(43 : 42)
(485 : 484)
(443 : 444)
(444 : 421)
(114 : 93)
(93 : 94)
(114 : 113)
(261 : 238)
(238 : 237)
(336 : 360)
(33 : 47)
(235 : 212)
(381 : 380)
(47 : 64)
(318 : 296)
(296 : 297)
(244 : 245)
(394 : 417)
(231 : 208)
(157 : 182)
(182 : 183)
(495 : 496)
(134 : 157)
(503 : 508)
(169 : 144)
(32 : 17)
(32 : 33)
(321 : 322)
(399 : 422)
(102 : 82)
(149 : 174)
(174 : 173)
(419 : 418)
(261 : 284)
(116 : 117)
(173 : 198)
(336 : 337)
(337 : 315)
(169 : 168)
(376 : 403)
(245 : 222)
(347 : 323)
(347 : 346)
(347 : 348)
(477 : 476)
(294 : 271)
(294 : 316)
(213 : 212)
(213 : 236)
(263 : 240)
(494 : 487)
(314 : 313)
(123 : 102)
(403 : 404)
(417 : 416)
(351 : 377)
(285 : 307)
(495 : 488)
(430 : 407)
(407 : 380)
(407 : 408)
(403 : 402)
(402 : 375)
(161 : 160)
(160 : 137)
(380 : 379)
(155 : 154)
(133 : 112)
(112 : 113)
(169 : 194)
(31 : 45)
(45 : 44)
(443 : 442)
(492 : 501)
(501 : 502)
(476 : 475)
(475 : 484)
(198 : 197)
(197 : 196)
(213 : 190)
(159 : 184)
(16 : 15)
(15 : 14)
(15 : 30)
(94 : 73)
(191 : 190)
(42 : 59)
(401 : 424)
(253 : 252)
(14 : 3)
(187 : 188)
(191 : 166)
(196 : 219)
(429 : 406)
(190 : 189)
(335 : 359)
(359 : 360)
(170 : 145)
(81 : 80)
(351 : 352)
(484 : 491)
(221 : 222)
(64 : 63)
(121 : 120)
(404 : 427)
(254 : 231)
(254 : 253)
(427 : 426)
(121 : 100)
(269 : 246)
(246 : 247)
(418 : 441)
(399 : 372)
(117 : 118)
(156 : 181)
(181 : 182)
(133 : 132)
(238 : 215)
(315 : 314)
(371 : 370)
(193 : 168)
(155 : 180)
(194 : 217)
(221 : 220)
(220 : 219)
(187 : 186)
(187 : 210)
(312 : 334)
(116 : 95)
(291 : 290)
(508 : 507)
(507 : 502)
(422 : 423)
(343 : 342)
(186 : 185)
(185 : 184)
(185 : 208)
(442 : 459)
(112 : 91)
(130 : 109)
(33 : 34)
(484 : 483)
(276 : 275)
(275 : 297)
(80 : 61)
(174 : 175)
(159 : 160)
(120 : 99)
(459 : 460)
(460 : 472)
(367 : 341)
(312 : 311)
(234 : 211)
(211 : 188)
(138 : 117)
(138 : 137)
(197 : 172)
(188 : 163)
(225 : 224)
(42 : 41)
(41 : 27)
(73 : 74)
(74 : 95)
(63 : 62)
(62 : 81)
(409 : 432)
(337 : 338)
(338 : 316)
(416 : 415)
(199 : 174)
(318 : 317)
(311 : 310)
(310 : 288)
(74 : 53)
(28 : 13)
(102 : 103)
(367 : 366)
(367 : 368)
(381 : 382)
(289 : 266)
(268 : 245)
(197 : 220)
(212 : 189)
(196 : 195)
(181 : 204)
(130 : 131)
(131 : 132)
(194 : 195)
(166 : 167)
(244 : 243)
(14 : 13)
(34 : 35)
(30 : 44)
(5 : 4)
(109 : 88)
(243 : 242)
(199 : 200)
(467 : 468)
(252 : 251)
(215 : 192)
(192 : 167)
(192 : 191)
(246 : 223)
(335 : 334)
(460 : 461)
(461 : 444)
(389 : 390)
(416 : 439)
(476 : 466)
(466 : 467)
(337 : 361)
(221 : 198)
(221 : 244)
(125 : 104)
(381 : 355)
(444 : 445)
(247 : 224)
(130 : 153)
(467 : 453)
(453 : 431)
(483 : 474)
(474 : 475)
(53 : 38)
(305 : 306)
(27 : 26)
(101 : 100)
(93 : 92)
(389 : 388)
(382 : 356)
(373 : 400)
(338 : 362)
(401 : 402)
(442 : 419)
(485 : 486)
(172 : 171)
(143 : 142)
(142 : 167)
(371 : 398)
(3 : 2)
(285 : 286)
(208 : 207)
(215 : 216)
(216 : 193)
(216 : 217)
(327 : 328)
(352 : 353)
(231 : 230)
(382 : 383)
(33 : 18)
(80 : 79)
(483 : 482)
(413 : 414)
(428 : 405)
(405 : 378)
(405 : 404)
(79 : 78)
(447 : 446)
(446 : 423)
(17 : 6)
(443 : 460)
(501 : 500)
(297 : 298)
(441 : 458)
(236 : 235)
(408 : 409)
(183 : 206)
(207 : 184)
(95 : 96)
(507 : 506)
(379 : 378)
(466 : 465)
(204 : 203)
(144 : 143)
(16 : 5)
(500 : 499)
(380 : 354)
(446 : 462)
(153 : 152)
(152 : 129)
(149 : 150)
(417 : 440)
(440 : 441)
(203 : 202)
(131 : 110)
(73 : 72)
(72 : 93)
(482 : 473)
(38 : 39)
(39 : 54)
(170 : 169)
(170 : 195)
(170 : 171)
(447 : 448)
(136 : 159)
(230 : 229)
(238 : 239)
(239 : 262)
(251 : 250)
(349 : 350)
(432 : 454)
(288 : 265)
(265 : 242)
(284 : 285)
(39 : 23)
(181 : 180)
(118 : 97)
(373 : 347)
(286 : 308)
(409 : 410)
(410 : 383)
(122 : 123)
(97 : 76)
(111 : 110)
(23 : 10)
(265 : 264)
(264 : 263)
(477 : 478)
(478 : 468)
(478 : 487)
(250 : 249)
(211 : 212)
(404 : 377)
(354 : 330)
(330 : 308)
(411 : 434)
(189 : 164)
(164 : 163)
(409 : 382)
(319 : 297)
(453 : 452)
(452 : 466)
(37 : 21)
(109 : 108)
(108 : 129)
(202 : 179)
(179 : 154)
(496 : 489)
(111 : 90)
(110 : 89)
(89 : 88)
(389 : 363)
(478 : 479)
(479 : 488)
(496 : 497)
(390 : 391)
(96 : 75)
(75 : 54)
(75 : 76)
(211 : 210)
(82 : 83)
(83 : 103)
(82 : 81)
(59 : 58)
(190 : 165)
(165 : 164)
(165 : 166)
(264 : 241)
(6 : 7)
(7 : 18)
(242 : 219)
(242 : 241)
(378 : 352)
(355 : 331)
(263 : 286)
(58 : 57)
(143 : 168)
(448 : 425)
(425 : 424)
(425 : 426)
(362 : 387)
(387 : 386)
(90 : 69)
(3 : 4)
(489 : 480)
(362 : 361)
(26 : 11)
(266 : 265)
(310 : 332)
(499 : 498)
(125 : 126)
(115 : 136)
(241 : 218)
(218 : 195)
(218 : 217)
(150 : 127)
(430 : 452)
(276 : 253)
(175 : 176)
(5 : 6)
(185 : 160)
(505 : 504)
(127 : 106)
(79 : 60)
(60 : 61)
(214 : 213)
(310 : 309)
(309 : 308)
(126 : 105)
(275 : 274)
(206 : 205)
(205 : 182)
(240 : 217)
(240 : 239)
(37 : 52)
(52 : 73)
(35 : 49)
(35 : 36)
(508 : 509)
(509 : 504)
(222 : 199)
(465 : 464)
(106 : 86)
(54 : 55)
(439 : 438)
(229 : 228)
(477 : 467)
(89 : 68)
(68 : 69)
(163 : 140)
(434 : 435)
(458 : 457)
(153 : 178)
(341 : 340)
(340 : 366)
(82 : 63)
(414 : 437)
(26 : 25)
(101 : 81)
(207 : 206)
(127 : 128)
(325 : 326)
(438 : 455)
(64 : 65)
(415 : 392)
(26 : 40)
(13 : 12)
(12 : 11)
(489 : 490)
(490 : 497)
(309 : 287)
(35 : 20)
(229 : 252)
(366 : 365)
(203 : 226)
(226 : 249)
(260 : 237)
(164 : 141)
(141 : 140)
(274 : 273)
(273 : 250)
(128 : 107)
(198 : 199)
(10 : 0)
(459 : 458)
(459 : 471)
(273 : 295)
(295 : 317)
(104 : 84)
(84 : 83)
(296 : 295)
(61 : 44)
(78 : 77)
(77 : 58)
(495 : 504)
(65 : 48)
(48 : 34)
(48 : 47)
(100 : 80)
(28 : 27)
(17 : 16)
(84 : 85)
(85 : 105)
(64 : 83)
(4 : 15)
(432 : 433)
(471 : 481)
(138 : 139)
(43 : 60)
(379 : 406)
(65 : 66)
(139 : 118)
(139 : 162)
(139 : 140)
(63 : 46)
(92 : 71)
(23 : 24)
(28 : 42)
(100 : 99)
(152 : 177)
(330 : 329)
(413 : 436)
(228 : 227)
(227 : 204)
(360 : 385)
(458 : 470)
(470 : 471)
(468 : 469)
(52 : 51)
(51 : 72)
(131 : 154)
(228 : 205)
(38 : 22)
(22 : 21)
(391 : 364)
(119 : 140)
(152 : 151)
(57 : 56)
(340 : 339)
(414 : 415)
(68 : 67)
(273 : 272)
(178 : 201)
(20 : 9)
(352 : 328)
(428 : 450)
(7 : 8)
(360 : 361)
(60 : 59)
(161 : 162)
(34 : 19)
(19 : 8)
(464 : 463)
(334 : 333)
(333 : 311)
(440 : 457)
(431 : 432)
(2 : 1)
(1 : 12)
(383 : 357)
(357 : 333)
(450 : 449)
(449 : 463)
(496 : 505)
(457 : 456)
(456 : 439)
(69 : 50)
(359 : 358)
(97 : 98)
(98 : 119)
(385 : 384)
(108 : 87)
(69 : 70)
(70 : 91)
(70 : 71)
(2 : 12)
(4 : 16)
(12 : 26)
(16 : 32)
(19 : 33)
(20 : 34)
(21 : 38)
(23 : 38)
(41 : 28)
(29 : 44)
(44 : 31)
(46 : 33)
(53 : 39)
(42 : 60)
(55 : 75)
(59 : 77)
(62 : 82)
(68 : 88)
(69 : 89)
(74 : 94)
(75 : 95)
(101 : 82)
(102 : 83)
(84 : 103)
(88 : 108)
(88 : 110)
(90 : 110)
(93 : 113)
(114 : 94)
(96 : 116)
(121 : 101)
(122 : 102)
(123 : 103)
(105 : 125)
(107 : 127)
(129 : 109)
(110 : 130)
(131 : 111)
(113 : 133)
(116 : 138)
(139 : 119)
(122 : 144)
(145 : 123)
(123 : 147)
(125 : 147)
(130 : 154)
(131 : 155)
(159 : 137)
(137 : 161)
(139 : 161)
(139 : 163)
(142 : 168)
(168 : 144)
(144 : 170)
(145 : 171)
(149 : 175)
(155 : 179)
(181 : 157)
(182 : 158)
(185 : 161)
(186 : 162)
(163 : 189)
(168 : 192)
(169 : 195)
(170 : 196)
(196 : 172)
(197 : 173)
(173 : 199)
(175 : 199)
(203 : 181)
(182 : 204)
(184 : 206)
(213 : 191)
(192 : 216)
(193 : 217)
(197 : 221)
(198 : 222)
(204 : 226)
(208 : 230)
(231 : 209)
(232 : 210)
(211 : 233)
(234 : 212)
(212 : 236)
(213 : 237)
(215 : 237)
(216 : 238)
(218 : 240)
(241 : 219)
(219 : 243)
(221 : 243)
(224 : 246)
(228 : 250)
(251 : 229)
(231 : 253)
(231 : 255)
(256 : 234)
(235 : 259)
(236 : 260)
(261 : 239)
(244 : 266)
(246 : 268)
(246 : 270)
(272 : 250)
(276 : 254)
(256 : 280)
(259 : 283)
(284 : 262)
(266 : 290)
(267 : 291)
(269 : 291)
(270 : 294)
(273 : 296)
(278 : 301)
(302 : 281)
(281 : 304)
(284 : 305)
(286 : 307)
(288 : 309)
(293 : 316)
(296 : 319)
(297 : 320)
(321 : 300)
(324 : 303)
(303 : 326)
(311 : 332)
(313 : 334)
(314 : 335)
(319 : 342)
(347 : 324)
(325 : 350)
(326 : 351)
(335 : 358)
(340 : 365)
(342 : 369)
(343 : 370)
(372 : 347)
(351 : 376)
(353 : 378)
(360 : 384)
(361 : 387)
(366 : 394)
(394 : 368)
(370 : 398)
(372 : 400)
(400 : 374)
(375 : 403)
(377 : 403)
(377 : 405)
(379 : 405)
(379 : 407)
(407 : 381)
(408 : 382)
(389 : 413)
(391 : 413)
(397 : 421)
(398 : 422)
(401 : 425)
(404 : 426)
(406 : 428)
(406 : 430)
(410 : 432)
(438 : 416)
(417 : 439)
(419 : 441)
(419 : 443)
(424 : 446)
(424 : 448)
(429 : 450)
(429 : 452)
(453 : 432)
(450 : 463)
(470 : 459)
(475 : 466)
(476 : 467)
(474 : 482)
(477 : 487)
(486 : 494)
(501 : 493)
(495 : 505)
(502 : 506)
(502 : 508)
(503 : 509)
