754.0
4
20
73 96 48 81 57 71 84 82 60 58 75 67 113 23 99 51 32 103 116 26 
6.0 16.0 86.0 16.0 63.0 52.0 62.0 45.0 83.0 76.0 50.0 35.0 12.0 23.0 9.0 8.0 5.0 9.0 26.0 61.0 17.0 72.0 29.0 6.0 2.0 18.0 54.0 41.0 56.0 66.0 97.0 85.0 71.0 9.0 68.0 71.0 62.0 99.0 27.0 13.0 88.0 54.0 11.0 84.0 5.0 57.0 66.0 62.0 83.0 20.0 14.0 97.0 72.0 93.0 92.0 50.0 19.0 6.0 88.0 42.0 35.0 32.0 45.0 21.0 37.0 34.0 58.0 26.0 47.0 18.0 44.0 81.0 64.0 20.0 25.0 99.0 15.0 68.0 96.0 20.0 88.0 17.0 26.0 24.0 15.0 19.0 72.0 89.0 52.0 73.0 50.0 76.0 73.0 55.0 12.0 7.0 17.0 0.0 16.0 17.0 
(116 : 115)
(113 : 114)
(67 : 55)
(58 : 59)
(59 : 71)
(59 : 60)
(114 : 107)
(57 : 56)
(32 : 20)
(96 : 95)
(114 : 118)
(83 : 82)
(83 : 95)
(26 : 15)
(60 : 61)
(57 : 45)
(59 : 47)
(57 : 69)
(51 : 50)
(117 : 113)
(75 : 76)
(47 : 35)
(35 : 23)
(107 : 108)
(108 : 115)
(107 : 106)
(106 : 113)
(95 : 94)
(99 : 98)
(72 : 71)
(72 : 84)
(72 : 73)
(69 : 70)
(55 : 54)
(56 : 44)
(44 : 32)
(32 : 31)
(76 : 88)
(58 : 46)
(31 : 19)
(70 : 58)
(75 : 63)
(98 : 97)
(113 : 112)
(82 : 70)
(82 : 94)
(99 : 87)
(87 : 75)
(56 : 68)
(68 : 69)
(14 : 4)
(115 : 119)
(75 : 74)
(74 : 73)
(57 : 58)
(54 : 42)
(87 : 86)
(106 : 105)
(105 : 112)
(51 : 39)
(118 : 117)
(118 : 119)
(19 : 18)
(45 : 33)
(83 : 71)
(45 : 44)
(45 : 46)
(86 : 85)
(85 : 73)
(85 : 97)
(66 : 65)
(42 : 30)
(30 : 31)
(46 : 34)
(34 : 35)
(74 : 62)
(62 : 61)
(76 : 64)
(64 : 63)
(39 : 27)
(33 : 21)
(23 : 12)
(87 : 88)
(15 : 16)
(44 : 43)
(39 : 40)
(112 : 111)
(95 : 106)
(63 : 62)
(48 : 36)
(36 : 35)
(42 : 41)
(66 : 78)
(19 : 9)
(69 : 81)
(15 : 5)
(78 : 79)
(79 : 67)
(5 : 6)
(39 : 38)
(84 : 85)
(5 : 4)
(48 : 49)
(56 : 55)
(79 : 91)
(92 : 103)
(42 : 43)
(4 : 3)
(14 : 13)
(13 : 3)
(13 : 12)
(92 : 80)
(91 : 90)
(20 : 10)
(10 : 9)
(61 : 49)
(98 : 109)
(109 : 108)
(90 : 89)
(96 : 84)
(89 : 77)
(77 : 65)
(77 : 78)
(61 : 73)
(109 : 110)
(91 : 102)
(102 : 103)
(99 : 100)
(60 : 48)
(60 : 72)
(54 : 53)
(53 : 41)
(94 : 93)
(29 : 30)
(64 : 52)
(21 : 11)
(11 : 10)
(23 : 24)
(96 : 97)
(24 : 25)
(93 : 104)
(104 : 103)
(82 : 81)
(107 : 96)
(38 : 37)
(37 : 25)
(37 : 49)
(67 : 68)
(9 : 0)
(6 : 7)
(18 : 17)
(34 : 22)
(22 : 23)
(89 : 101)
(11 : 2)
(40 : 28)
(28 : 27)
(81 : 93)
(27 : 16)
(9 : 8)
(49 : 50)
(10 : 1)
(1 : 2)
(0 : 10)
(14 : 5)
(8 : 19)
(10 : 19)
(19 : 30)
(20 : 31)
(35 : 24)
(29 : 42)
(31 : 42)
(32 : 43)
(33 : 44)
(35 : 46)
(36 : 47)
(39 : 50)
(41 : 54)
(43 : 54)
(47 : 58)
(48 : 59)
(48 : 61)
(55 : 66)
(70 : 59)
(60 : 73)
(61 : 74)
(74 : 63)
(75 : 64)
(66 : 79)
(90 : 79)
(80 : 91)
(81 : 94)
(94 : 83)
(95 : 84)
(86 : 97)
(91 : 103)
(93 : 105)
(105 : 95)
(97 : 107)
(98 : 108)
(99 : 109)
(113 : 118)
(115 : 118)
