1512.0
4
10
60 102 14 76 29 56 82 78 35 31 
56.0 9.0 34.0 91.0 19.0 1.0 99.0 70.0 70.0 46.0 18.0 33.0 2.0 25.0 98.0 35.0 5.0 4.0 57.0 61.0 34.0 13.0 17.0 45.0 3.0 59.0 28.0 78.0 73.0 84.0 73.0 36.0 83.0 60.0 38.0 7.0 21.0 60.0 36.0 29.0 53.0 49.0 12.0 53.0 91.0 26.0 4.0 69.0 62.0 60.0 8.0 34.0 16.0 35.0 77.0 94.0 2.0 70.0 77.0 47.0 5.0 5.0 36.0 61.0 8.0 3.0 69.0 39.0 42.0 66.0 73.0 63.0 37.0 11.0 81.0 91.0 55.0 35.0 28.0 19.0 6.0 80.0 59.0 49.0 36.0 43.0 38.0 8.0 26.0 37.0 35.0 59.0 68.0 46.0 92.0 88.0 56.0 47.0 48.0 67.0 
(35 : 34)
(75 : 74)
(76 : 86)
(76 : 64)
(60 : 61)
(66 : 67)
(64 : 52)
(60 : 49)
(14 : 7)
(74 : 84)
(14 : 15)
(75 : 85)
(85 : 86)
(34 : 33)
(33 : 22)
(7 : 8)
(22 : 12)
(52 : 53)
(31 : 20)
(86 : 96)
(78 : 79)
(79 : 67)
(29 : 18)
(102 : 101)
(35 : 24)
(24 : 14)
(101 : 91)
(24 : 25)
(20 : 21)
(102 : 92)
(92 : 82)
(20 : 19)
(22 : 23)
(53 : 42)
(33 : 32)
(32 : 21)
(30 : 19)
(30 : 29)
(30 : 42)
(53 : 65)
(65 : 66)
(65 : 77)
(77 : 76)
(77 : 87)
(42 : 41)
(75 : 63)
(63 : 64)
(56 : 45)
(45 : 44)
(102 : 103)
(31 : 43)
(43 : 44)
(15 : 16)
(78 : 88)
(88 : 87)
(7 : 6)
(66 : 54)
(54 : 43)
(8 : 3)
(103 : 93)
(93 : 83)
(63 : 62)
(101 : 100)
(37 : 38)
(93 : 94)
(60 : 72)
(37 : 36)
(72 : 73)
(49 : 50)
(50 : 38)
(79 : 89)
(67 : 68)
(68 : 56)
(34 : 46)
(46 : 45)
(54 : 55)
(55 : 67)
(20 : 10)
(46 : 47)
(91 : 81)
(69 : 81)
(87 : 97)
(97 : 96)
(41 : 40)
(47 : 58)
(103 : 109)
(82 : 70)
(16 : 26)
(68 : 80)
(80 : 81)
(23 : 13)
(13 : 14)
(109 : 108)
(108 : 102)
(70 : 71)
(71 : 83)
(52 : 51)
(51 : 63)
(56 : 57)
(57 : 69)
(36 : 48)
(48 : 49)
(38 : 27)
(27 : 26)
(88 : 98)
(98 : 105)
(6 : 5)
(5 : 12)
(21 : 11)
(11 : 12)
(5 : 0)
(98 : 99)
(16 : 9)
(9 : 8)
(0 : 1)
(1 : 6)
(99 : 106)
(106 : 105)
(1 : 2)
(2 : 3)
(11 : 4)
(40 : 39)
(40 : 28)
(89 : 90)
(90 : 91)
(106 : 107)
(107 : 100)
(27 : 17)
(48 : 59)
(59 : 71)
(105 : 104)
(94 : 95)
(2 : 6)
(8 : 14)
(11 : 22)
(13 : 22)
(17 : 26)
(19 : 29)
(19 : 31)
(22 : 32)
(23 : 33)
(27 : 37)
(30 : 41)
(35 : 46)
(48 : 37)
(38 : 49)
(46 : 56)
(49 : 59)
(52 : 65)
(56 : 67)
(56 : 69)
(61 : 72)
(75 : 64)
(66 : 77)
(78 : 67)
(68 : 79)
(70 : 83)
(76 : 85)
(76 : 87)
(78 : 87)
(81 : 90)
(92 : 101)
(93 : 102)
(100 : 106)
