9177.0
8
10
245 493 6 373 90 233 388 379 106 96 
16.0 4.0 67.0 77.0 12.0 75.0 29.0 70.0 76.0 78.0 40.0 11.0 92.0 0.0 19.0 41.0 60.0 79.0 56.0 12.0 50.0 36.0 29.0 49.0 84.0 83.0 39.0 37.0 47.0 32.0 23.0 35.0 28.0 58.0 92.0 74.0 53.0 97.0 68.0 90.0 77.0 42.0 18.0 17.0 75.0 51.0 62.0 99.0 38.0 10.0 46.0 60.0 78.0 34.0 38.0 82.0 32.0 13.0 92.0 90.0 77.0 13.0 60.0 55.0 31.0 65.0 48.0 43.0 3.0 39.0 51.0 36.0 98.0 24.0 92.0 36.0 88.0 63.0 17.0 78.0 26.0 13.0 52.0 99.0 22.0 97.0 63.0 26.0 3.0 31.0 68.0 74.0 53.0 65.0 99.0 92.0 40.0 93.0 42.0 43.0 69.0 22.0 0.0 17.0 41.0 85.0 57.0 6.0 51.0 94.0 58.0 72.0 8.0 7.0 21.0 34.0 4.0 85.0 37.0 0.0 93.0 65.0 57.0 45.0 8.0 59.0 30.0 2.0 62.0 19.0 39.0 98.0 21.0 82.0 70.0 28.0 20.0 8.0 66.0 89.0 58.0 91.0 48.0 28.0 9.0 93.0 2.0 6.0 11.0 9.0 38.0 59.0 94.0 8.0 34.0 72.0 86.0 51.0 35.0 67.0 73.0 3.0 25.0 75.0 63.0 67.0 49.0 86.0 7.0 12.0 69.0 74.0 28.0 15.0 20.0 18.0 33.0 88.0 63.0 31.0 14.0 81.0 46.0 94.0 9.0 86.0 63.0 0.0 51.0 72.0 27.0 24.0 21.0 84.0 86.0 80.0 25.0 50.0 81.0 90.0 25.0 80.0 74.0 10.0 81.0 94.0 85.0 35.0 25.0 90.0 35.0 57.0 26.0 97.0 32.0 60.0 3.0 54.0 22.0 40.0 24.0 35.0 20.0 24.0 46.0 15.0 18.0 76.0 74.0 71.0 18.0 9.0 45.0 18.0 43.0 52.0 28.0 88.0 60.0 7.0 60.0 66.0 88.0 51.0 81.0 37.0 69.0 21.0 66.0 17.0 57.0 86.0 39.0 73.0 22.0 9.0 36.0 8.0 62.0 32.0 59.0 10.0 89.0 98.0 27.0 39.0 99.0 42.0 99.0 92.0 21.0 42.0 57.0 67.0 22.0 3.0 35.0 97.0 69.0 27.0 11.0 72.0 57.0 56.0 34.0 1.0 51.0 21.0 0.0 11.0 57.0 95.0 78.0 70.0 3.0 27.0 67.0 69.0 73.0 14.0 89.0 60.0 89.0 98.0 15.0 65.0 89.0 64.0 98.0 45.0 44.0 14.0 92.0 80.0 58.0 54.0 53.0 98.0 78.0 32.0 68.0 12.0 31.0 84.0 64.0 0.0 71.0 53.0 87.0 79.0 63.0 15.0 28.0 50.0 29.0 75.0 77.0 20.0 41.0 5.0 85.0 96.0 92.0 28.0 48.0 62.0 68.0 64.0 88.0 19.0 98.0 0.0 17.0 63.0 2.0 18.0 8.0 35.0 56.0 99.0 36.0 43.0 26.0 68.0 83.0 99.0 86.0 34.0 17.0 64.0 98.0 98.0 94.0 21.0 9.0 76.0 73.0 17.0 22.0 61.0 35.0 32.0 17.0 48.0 22.0 32.0 17.0 52.0 95.0 63.0 47.0 73.0 26.0 22.0 92.0 41.0 76.0 21.0 34.0 40.0 55.0 20.0 46.0 30.0 13.0 74.0 24.0 96.0 10.0 69.0 54.0 58.0 78.0 78.0 73.0 75.0 33.0 79.0 5.0 58.0 70.0 17.0 55.0 98.0 85.0 70.0 3.0 52.0 32.0 30.0 60.0 30.0 93.0 37.0 57.0 31.0 46.0 45.0 64.0 65.0 69.0 34.0 7.0 64.0 4.0 55.0 80.0 82.0 70.0 59.0 65.0 19.0 35.0 91.0 41.0 81.0 43.0 65.0 79.0 1.0 54.0 86.0 70.0 7.0 79.0 54.0 32.0 40.0 68.0 44.0 36.0 17.0 74.0 19.0 50.0 80.0 31.0 32.0 92.0 29.0 55.0 45.0 73.0 48.0 56.0 83.0 62.0 96.0 33.0 71.0 7.0 17.0 19.0 73.0 17.0 61.0 95.0 91.0 78.0 82.0 
(388 : 366)
(366 : 341)
(379 : 355)
(106 : 85)
(90 : 89)
(96 : 95)
(233 : 210)
(373 : 349)
(233 : 234)
(355 : 356)
(349 : 323)
(349 : 348)
(245 : 221)
(95 : 94)
(379 : 378)
(493 : 482)
(493 : 494)
(482 : 483)
(341 : 340)
(483 : 470)
(211 : 210)
(233 : 232)
(341 : 315)
(315 : 290)
(91 : 92)
(470 : 452)
(366 : 367)
(355 : 354)
(354 : 378)
(93 : 94)
(452 : 431)
(93 : 72)
(93 : 115)
(340 : 339)
(91 : 70)
(210 : 209)
(209 : 232)
(367 : 342)
(342 : 341)
(452 : 453)
(94 : 73)
(73 : 72)
(90 : 69)
(115 : 114)
(378 : 400)
(378 : 377)
(290 : 264)
(452 : 451)
(323 : 298)
(483 : 484)
(482 : 481)
(377 : 376)
(349 : 350)
(234 : 235)
(373 : 372)
(355 : 329)
(232 : 231)
(116 : 136)
(323 : 324)
(106 : 105)
(366 : 365)
(210 : 188)
(70 : 49)
(493 : 492)
(492 : 481)
(231 : 208)
(208 : 209)
(354 : 353)
(340 : 314)
(114 : 134)
(212 : 211)
(290 : 291)
(232 : 257)
(350 : 351)
(72 : 71)
(71 : 70)
(71 : 92)
(96 : 75)
(367 : 368)
(373 : 374)
(451 : 430)
(329 : 328)
(328 : 354)
(379 : 401)
(483 : 494)
(75 : 76)
(376 : 352)
(402 : 423)
(91 : 113)
(76 : 97)
(97 : 96)
(380 : 381)
(492 : 491)
(373 : 395)
(73 : 52)
(492 : 502)
(502 : 503)
(402 : 403)
(453 : 471)
(471 : 470)
(471 : 484)
(90 : 112)
(69 : 48)
(48 : 49)
(381 : 382)
(374 : 396)
(396 : 395)
(491 : 480)
(96 : 118)
(423 : 422)
(328 : 303)
(70 : 69)
(89 : 88)
(356 : 357)
(298 : 299)
(6 : 0)
(376 : 398)
(118 : 119)
(92 : 114)
(71 : 50)
(94 : 116)
(348 : 347)
(85 : 84)
(84 : 105)
(403 : 424)
(328 : 327)
(423 : 442)
(481 : 480)
(291 : 316)
(316 : 342)
(470 : 469)
(469 : 468)
(93 : 92)
(233 : 258)
(329 : 304)
(377 : 399)
(399 : 398)
(400 : 421)
(421 : 422)
(403 : 404)
(234 : 211)
(380 : 379)
(116 : 117)
(351 : 325)
(212 : 213)
(221 : 222)
(388 : 387)
(387 : 365)
(469 : 451)
(469 : 482)
(95 : 74)
(404 : 405)
(324 : 325)
(480 : 479)
(258 : 284)
(209 : 187)
(484 : 485)
(396 : 397)
(397 : 398)
(299 : 274)
(338 : 312)
(422 : 441)
(424 : 443)
(494 : 504)
(504 : 503)
(117 : 137)
(503 : 493)
(442 : 461)
(485 : 472)
(49 : 32)
(211 : 189)
(189 : 188)
(52 : 53)
(430 : 410)
(53 : 36)
(365 : 364)
(231 : 230)
(231 : 256)
(117 : 118)
(52 : 51)
(51 : 50)
(51 : 72)
(189 : 167)
(351 : 375)
(375 : 374)
(106 : 107)
(339 : 313)
(398 : 419)
(105 : 104)
(207 : 208)
(91 : 90)
(453 : 432)
(432 : 431)
(76 : 77)
(84 : 63)
(53 : 54)
(117 : 95)
(484 : 495)
(256 : 255)
(255 : 230)
(222 : 200)
(313 : 288)
(353 : 327)
(353 : 377)
(230 : 229)
(259 : 260)
(422 : 401)
(257 : 283)
(316 : 317)
(421 : 420)
(420 : 399)
(420 : 419)
(315 : 316)
(126 : 125)
(125 : 104)
(494 : 495)
(32 : 31)
(31 : 48)
(189 : 190)
(257 : 258)
(339 : 364)
(75 : 74)
(36 : 35)
(35 : 52)
(33 : 34)
(453 : 454)
(454 : 472)
(34 : 19)
(375 : 376)
(324 : 350)
(461 : 462)
(264 : 239)
(259 : 285)
(279 : 252)
(291 : 265)
(265 : 266)
(51 : 34)
(397 : 418)
(418 : 419)
(77 : 56)
(325 : 326)
(443 : 444)
(444 : 425)
(56 : 39)
(167 : 144)
(403 : 381)
(423 : 424)
(441 : 440)
(440 : 421)
(107 : 128)
(128 : 129)
(50 : 33)
(314 : 289)
(289 : 288)
(289 : 290)
(357 : 331)
(331 : 330)
(343 : 342)
(245 : 244)
(19 : 20)
(20 : 35)
(312 : 287)
(298 : 273)
(56 : 57)
(104 : 83)
(83 : 84)
(77 : 78)
(372 : 371)
(371 : 347)
(144 : 122)
(244 : 220)
(252 : 227)
(213 : 191)
(85 : 64)
(274 : 248)
(245 : 246)
(246 : 222)
(265 : 240)
(36 : 21)
(106 : 127)
(78 : 99)
(425 : 426)
(136 : 135)
(304 : 305)
(305 : 330)
(317 : 318)
(240 : 217)
(372 : 394)
(394 : 395)
(137 : 138)
(136 : 137)
(48 : 47)
(284 : 309)
(425 : 404)
(425 : 424)
(264 : 263)
(36 : 37)
(190 : 168)
(57 : 40)
(40 : 39)
(191 : 169)
(491 : 501)
(47 : 46)
(313 : 314)
(229 : 228)
(39 : 38)
(187 : 186)
(485 : 496)
(83 : 62)
(62 : 63)
(137 : 159)
(159 : 158)
(338 : 363)
(380 : 356)
(380 : 402)
(75 : 54)
(410 : 411)
(234 : 259)
(47 : 30)
(30 : 31)
(135 : 157)
(244 : 243)
(217 : 216)
(216 : 239)
(410 : 409)
(409 : 387)
(348 : 322)
(135 : 115)
(400 : 401)
(312 : 311)
(283 : 308)
(311 : 310)
(257 : 256)
(122 : 123)
(471 : 472)
(138 : 160)
(228 : 253)
(261 : 236)
(47 : 68)
(357 : 358)
(129 : 108)
(108 : 107)
(114 : 113)
(430 : 429)
(43 : 44)
(491 : 490)
(88 : 110)
(110 : 111)
(111 : 131)
(305 : 280)
(280 : 253)
(280 : 279)
(245 : 270)
(62 : 61)
(104 : 103)
(228 : 205)
(253 : 254)
(254 : 229)
(205 : 204)
(111 : 89)
(292 : 293)
(293 : 318)
(138 : 139)
(139 : 119)
(387 : 386)
(386 : 364)
(228 : 227)
(394 : 393)
(136 : 158)
(255 : 281)
(200 : 199)
(73 : 74)
(441 : 460)
(460 : 461)
(418 : 417)
(417 : 396)
(186 : 164)
(32 : 17)
(439 : 440)
(300 : 275)
(405 : 383)
(110 : 130)
(130 : 131)
(462 : 463)
(327 : 302)
(199 : 176)
(238 : 263)
(6 : 5)
(444 : 445)
(445 : 426)
(386 : 408)
(408 : 409)
(283 : 282)
(167 : 166)
(57 : 58)
(454 : 455)
(227 : 226)
(186 : 185)
(64 : 45)
(45 : 44)
(119 : 120)
(271 : 270)
(252 : 251)
(205 : 183)
(444 : 463)
(115 : 116)
(329 : 330)
(412 : 413)
(310 : 336)
(230 : 207)
(40 : 41)
(330 : 356)
(57 : 78)
(185 : 163)
(163 : 164)
(37 : 22)
(61 : 42)
(42 : 43)
(238 : 237)
(237 : 236)
(33 : 18)
(18 : 17)
(18 : 19)
(255 : 254)
(206 : 184)
(279 : 278)
(278 : 303)
(217 : 194)
(244 : 269)
(251 : 250)
(418 : 437)
(479 : 478)
(440 : 459)
(504 : 505)
(107 : 86)
(86 : 85)
(158 : 180)
(279 : 304)
(38 : 55)
(0 : 1)
(128 : 149)
(179 : 201)
(292 : 266)
(293 : 267)
(267 : 266)
(502 : 501)
(411 : 389)
(411 : 431)
(411 : 412)
(139 : 161)
(161 : 160)
(161 : 183)
(285 : 286)
(286 : 260)
(164 : 165)
(165 : 166)
(161 : 162)
(162 : 184)
(165 : 142)
(485 : 486)
(486 : 497)
(368 : 390)
(390 : 389)
(6 : 7)
(217 : 218)
(261 : 262)
(262 : 288)
(433 : 454)
(97 : 98)
(200 : 177)
(324 : 299)
(505 : 506)
(419 : 438)
(310 : 309)
(89 : 68)
(35 : 34)
(506 : 507)
(507 : 508)
(408 : 407)
(429 : 428)
(157 : 156)
(156 : 134)
(363 : 362)
(336 : 335)
(335 : 309)
(490 : 489)
(157 : 158)
(428 : 427)
(442 : 443)
(131 : 132)
(132 : 112)
(98 : 120)
(98 : 99)
(303 : 304)
(220 : 198)
(157 : 179)
(112 : 113)
(390 : 391)
(391 : 413)
(243 : 219)
(219 : 220)
(451 : 450)
(450 : 468)
(218 : 195)
(190 : 191)
(397 : 375)
(38 : 23)
(44 : 26)
(486 : 487)
(350 : 374)
(432 : 412)
(432 : 433)
(431 : 430)
(501 : 500)
(58 : 79)
(119 : 97)
(20 : 9)
(274 : 275)
(108 : 87)
(130 : 154)
(358 : 359)
(248 : 223)
(191 : 192)
(481 : 468)
(282 : 307)
(214 : 192)
(326 : 301)
(301 : 300)
(301 : 302)
(176 : 152)
(298 : 297)
(195 : 196)
(362 : 337)
(40 : 25)
(285 : 284)
(299 : 300)
(438 : 457)
(318 : 319)
(394 : 415)
(194 : 171)
(176 : 175)
(175 : 198)
(300 : 325)
(112 : 111)
(169 : 146)
(368 : 369)
(466 : 465)
(465 : 478)
(395 : 416)
(278 : 277)
(88 : 67)
(99 : 100)
(100 : 79)
(442 : 441)
(369 : 370)
(362 : 361)
(343 : 344)
(344 : 318)
(226 : 225)
(203 : 204)
(307 : 333)
(333 : 359)
(428 : 449)
(449 : 450)
(417 : 436)
(436 : 437)
(226 : 251)
(195 : 172)
(172 : 171)
(327 : 326)
(177 : 153)
(508 : 498)
(498 : 497)
(313 : 312)
(22 : 10)
(168 : 145)
(439 : 458)
(458 : 457)
(391 : 392)
(205 : 206)
(496 : 506)
(331 : 306)
(306 : 305)
(258 : 259)
(46 : 29)
(389 : 388)
(344 : 345)
(345 : 319)
(83 : 82)
(82 : 61)
(462 : 476)
(476 : 475)
(508 : 509)
(260 : 235)
(260 : 261)
(14 : 13)
(133 : 113)
(256 : 282)
(466 : 467)
(467 : 449)
(293 : 294)
(303 : 302)
(199 : 221)
(225 : 202)
(202 : 180)
(202 : 203)
(275 : 276)
(62 : 43)
(64 : 65)
(65 : 86)
(476 : 477)
(171 : 170)
(270 : 295)
(45 : 27)
(27 : 26)
(171 : 149)
(415 : 414)
(284 : 283)
(13 : 12)
(126 : 147)
(179 : 178)
(178 : 156)
(317 : 343)
(236 : 213)
(236 : 235)
(159 : 181)
(181 : 180)
(181 : 203)
(282 : 281)
(458 : 474)
(457 : 456)
(456 : 437)
(61 : 60)
(401 : 402)
(345 : 346)
(103 : 102)
(266 : 241)
(467 : 480)
(467 : 468)
(108 : 109)
(248 : 247)
(139 : 140)
(140 : 120)
(338 : 337)
(415 : 435)
(464 : 445)
(163 : 141)
(509 : 499)
(499 : 498)
(364 : 363)
(445 : 446)
(175 : 174)
(476 : 488)
(269 : 268)
(268 : 294)
(407 : 385)
(385 : 386)
(141 : 121)
(121 : 120)
(466 : 448)
(175 : 151)
(151 : 152)
(6 : 15)
(15 : 14)
(15 : 27)
(369 : 344)
(297 : 296)
(19 : 8)
(81 : 60)
(81 : 102)
(103 : 124)
(124 : 123)
(124 : 146)
(77 : 98)
(331 : 332)
(147 : 148)
(457 : 473)
(227 : 204)
(149 : 150)
(150 : 129)
(296 : 272)
(102 : 101)
(101 : 122)
(433 : 434)
(434 : 455)
(194 : 193)
(15 : 16)
(67 : 68)
(8 : 2)
(182 : 183)
(225 : 224)
(224 : 201)
(381 : 357)
(319 : 320)
(320 : 346)
(225 : 250)
(437 : 438)
(55 : 76)
(180 : 179)
(286 : 287)
(198 : 197)
(197 : 196)
(87 : 66)
(333 : 334)
(334 : 335)
(202 : 201)
(132 : 155)
(166 : 143)
(465 : 447)
(58 : 59)
(250 : 249)
(249 : 224)
(13 : 4)
(172 : 173)
(214 : 215)
(215 : 238)
(215 : 216)
(12 : 11)
(81 : 80)
(229 : 206)
(243 : 242)
(322 : 321)
(321 : 347)
(334 : 360)
(360 : 384)
(27 : 28)
(404 : 382)
(23 : 24)
(384 : 406)
(406 : 405)
(11 : 3)
(1 : 6)
(6 : 14)
(7 : 15)
(14 : 27)
(16 : 27)
(21 : 35)
(22 : 36)
(24 : 38)
(33 : 51)
(34 : 52)
(55 : 39)
(56 : 40)
(42 : 62)
(48 : 68)
(69 : 49)
(50 : 70)
(71 : 51)
(54 : 74)
(75 : 55)
(56 : 76)
(56 : 78)
(60 : 82)
(64 : 84)
(88 : 68)
(69 : 91)
(71 : 93)
(73 : 95)
(75 : 97)
(98 : 78)
(81 : 101)
(83 : 103)
(110 : 89)
(89 : 112)
(114 : 93)
(93 : 116)
(94 : 117)
(117 : 96)
(99 : 120)
(103 : 123)
(104 : 124)
(104 : 126)
(107 : 127)
(130 : 111)
(132 : 113)
(114 : 133)
(115 : 134)
(119 : 138)
(136 : 159)
(140 : 161)
(143 : 165)
(144 : 166)
(150 : 171)
(178 : 157)
(179 : 158)
(161 : 182)
(162 : 183)
(165 : 186)
(167 : 188)
(168 : 189)
(171 : 193)
(172 : 194)
(176 : 198)
(177 : 199)
(182 : 203)
(204 : 183)
(184 : 205)
(190 : 211)
(191 : 214)
(195 : 217)
(219 : 198)
(224 : 202)
(202 : 226)
(226 : 204)
(228 : 206)
(207 : 229)
(207 : 231)
(231 : 209)
(233 : 211)
(234 : 212)
(212 : 236)
(215 : 237)
(239 : 217)
(243 : 220)
(221 : 244)
(251 : 227)
(228 : 252)
(255 : 231)
(258 : 234)
(235 : 261)
(237 : 261)
(263 : 239)
(240 : 266)
(245 : 269)
(245 : 271)
(281 : 256)
(256 : 283)
(286 : 261)
(265 : 290)
(265 : 292)
(274 : 298)
(299 : 275)
(278 : 302)
(278 : 304)
(304 : 280)
(282 : 308)
(284 : 308)
(285 : 309)
(287 : 311)
(288 : 312)
(316 : 292)
(317 : 293)
(293 : 319)
(298 : 322)
(299 : 325)
(309 : 336)
(312 : 339)
(314 : 341)
(347 : 322)
(322 : 349)
(329 : 356)
(330 : 357)
(331 : 358)
(334 : 359)
(338 : 364)
(340 : 366)
(343 : 369)
(345 : 369)
(350 : 375)
(353 : 376)
(378 : 355)
(355 : 380)
(356 : 381)
(357 : 382)
(364 : 385)
(387 : 366)
(389 : 368)
(372 : 393)
(396 : 375)
(375 : 398)
(380 : 403)
(383 : 404)
(405 : 384)
(408 : 387)
(388 : 409)
(394 : 414)
(420 : 400)
(400 : 422)
(402 : 424)
(405 : 425)
(410 : 429)
(410 : 431)
(431 : 412)
(418 : 438)
(439 : 421)
(441 : 423)
(443 : 425)
(429 : 449)
(430 : 450)
(451 : 431)
(453 : 433)
(439 : 457)
(461 : 443)
(444 : 462)
(463 : 445)
(448 : 465)
(449 : 466)
(458 : 473)
(461 : 476)
(463 : 476)
(478 : 466)
(467 : 479)
(480 : 468)
(480 : 490)
(491 : 481)
(493 : 483)
(494 : 484)
(485 : 495)
(496 : 486)
(487 : 497)
(501 : 492)
(502 : 493)
(503 : 494)
(495 : 504)
(498 : 507)
