4310.0
8
20
296 422 155 353 214 292 362 356 222 217 301 284 502 39 428 163 89 462 509 48 
87.0 31.0 1.0 28.0 19.0 78.0 35.0 95.0 10.0 94.0 85.0 56.0 16.0 53.0 35.0 46.0 33.0 14.0 98.0 33.0 92.0 55.0 20.0 51.0 47.0 77.0 13.0 67.0 74.0 68.0 82.0 66.0 59.0 0.0 36.0 63.0 57.0 63.0 19.0 79.0 12.0 54.0 52.0 52.0 69.0 18.0 64.0 14.0 27.0 50.0 39.0 23.0 73.0 18.0 75.0 54.0 81.0 61.0 99.0 9.0 79.0 62.0 78.0 84.0 61.0 48.0 74.0 91.0 77.0 18.0 91.0 76.0 45.0 19.0 20.0 12.0 90.0 19.0 92.0 86.0 94.0 51.0 79.0 16.0 3.0 75.0 90.0 30.0 61.0 34.0 62.0 69.0 41.0 41.0 19.0 51.0 65.0 21.0 25.0 6.0 92.0 88.0 69.0 5.0 58.0 10.0 19.0 15.0 83.0 42.0 8.0 24.0 7.0 70.0 37.0 75.0 74.0 0.0 82.0 29.0 62.0 98.0 86.0 72.0 27.0 40.0 84.0 7.0 74.0 76.0 53.0 92.0 46.0 79.0 17.0 73.0 95.0 43.0 67.0 47.0 20.0 51.0 17.0 81.0 66.0 25.0 46.0 82.0 3.0 95.0 0.0 59.0 84.0 77.0 90.0 94.0 2.0 98.0 38.0 70.0 92.0 21.0 77.0 22.0 82.0 19.0 96.0 41.0 43.0 7.0 51.0 19.0 89.0 77.0 72.0 97.0 29.0 12.0 17.0 2.0 55.0 12.0 33.0 0.0 72.0 52.0 80.0 46.0 41.0 23.0 30.0 79.0 23.0 95.0 99.0 72.0 27.0 47.0 30.0 0.0 18.0 70.0 39.0 23.0 57.0 46.0 19.0 10.0 78.0 35.0 36.0 57.0 95.0 7.0 43.0 59.0 60.0 35.0 23.0 92.0 55.0 68.0 2.0 82.0 93.0 61.0 67.0 64.0 5.0 28.0 9.0 87.0 60.0 9.0 17.0 2.0 71.0 18.0 80.0 99.0 94.0 74.0 78.0 39.0 67.0 15.0 22.0 35.0 30.0 56.0 41.0 83.0 52.0 42.0 29.0 29.0 98.0 35.0 46.0 37.0 76.0 93.0 0.0 14.0 67.0 60.0 53.0 55.0 69.0 60.0 51.0 46.0 79.0 65.0 53.0 34.0 88.0 50.0 79.0 20.0 9.0 80.0 41.0 16.0 17.0 42.0 86.0 8.0 74.0 27.0 29.0 41.0 99.0 0.0 2.0 32.0 50.0 5.0 78.0 53.0 35.0 38.0 33.0 31.0 80.0 13.0 69.0 81.0 80.0 36.0 42.0 17.0 84.0 54.0 59.0 29.0 19.0 12.0 36.0 95.0 97.0 20.0 67.0 52.0 18.0 22.0 10.0 8.0 6.0 70.0 2.0 99.0 57.0 42.0 80.0 44.0 56.0 27.0 31.0 55.0 13.0 53.0 99.0 88.0 40.0 65.0 37.0 6.0 44.0 23.0 46.0 28.0 3.0 64.0 21.0 17.0 78.0 65.0 17.0 43.0 26.0 55.0 50.0 96.0 30.0 27.0 79.0 26.0 60.0 82.0 54.0 70.0 90.0 15.0 52.0 27.0 31.0 42.0 21.0 18.0 48.0 79.0 22.0 17.0 40.0 4.0 44.0 26.0 60.0 4.0 28.0 98.0 23.0 93.0 19.0 48.0 70.0 82.0 51.0 34.0 49.0 1.0 6.0 11.0 39.0 73.0 97.0 56.0 66.0 66.0 85.0 85.0 43.0 56.0 80.0 65.0 33.0 23.0 88.0 98.0 46.0 46.0 12.0 58.0 83.0 25.0 72.0 85.0 60.0 31.0 76.0 33.0 17.0 70.0 77.0 90.0 42.0 40.0 41.0 43.0 30.0 12.0 80.0 61.0 2.0 53.0 31.0 26.0 88.0 18.0 29.0 8.0 9.0 21.0 68.0 16.0 47.0 4.0 41.0 15.0 20.0 46.0 50.0 9.0 62.0 73.0 72.0 28.0 87.0 40.0 27.0 54.0 20.0 21.0 6.0 48.0 90.0 78.0 97.0 79.0 11.0 97.0 30.0 23.0 19.0 95.0 25.0 77.0 13.0 29.0 71.0 95.0 1.0 95.0 57.0 11.0 62.0 49.0 28.0 56.0 
(89 : 73)
(353 : 354)
(155 : 134)
(217 : 193)
(362 : 338)
(284 : 283)
(296 : 297)
(217 : 216)
(356 : 357)
(357 : 358)
(163 : 162)
(354 : 355)
(217 : 218)
(422 : 404)
(404 : 403)
(297 : 275)
(73 : 74)
(496 : 495)
(301 : 302)
(462 : 461)
(339 : 363)
(422 : 421)
(362 : 361)
(162 : 140)
(403 : 383)
(275 : 249)
(284 : 257)
(461 : 446)
(297 : 298)
(249 : 226)
(134 : 135)
(193 : 170)
(361 : 360)
(361 : 337)
(337 : 338)
(509 : 510)
(74 : 75)
(218 : 194)
(355 : 380)
(497 : 510)
(496 : 508)
(508 : 509)
(298 : 276)
(423 : 405)
(214 : 190)
(135 : 156)
(156 : 155)
(155 : 154)
(404 : 384)
(384 : 383)
(510 : 516)
(218 : 240)
(298 : 322)
(226 : 225)
(39 : 40)
(339 : 318)
(404 : 405)
(249 : 250)
(250 : 276)
(353 : 331)
(216 : 215)
(214 : 213)
(495 : 494)
(40 : 59)
(428 : 412)
(222 : 196)
(162 : 161)
(257 : 232)
(170 : 169)
(319 : 320)
(320 : 296)
(140 : 141)
(509 : 515)
(412 : 413)
(516 : 517)
(314 : 313)
(322 : 323)
(461 : 460)
(283 : 282)
(363 : 364)
(222 : 221)
(162 : 184)
(301 : 280)
(353 : 378)
(320 : 341)
(314 : 315)
(315 : 292)
(315 : 335)
(341 : 340)
(340 : 319)
(340 : 364)
(302 : 327)
(354 : 379)
(379 : 378)
(275 : 274)
(75 : 76)
(226 : 200)
(157 : 179)
(216 : 238)
(40 : 20)
(20 : 19)
(191 : 190)
(74 : 53)
(320 : 321)
(321 : 322)
(277 : 276)
(19 : 4)
(313 : 312)
(156 : 177)
(179 : 178)
(178 : 177)
(403 : 402)
(135 : 116)
(238 : 239)
(239 : 217)
(222 : 223)
(495 : 507)
(423 : 424)
(337 : 336)
(336 : 360)
(302 : 281)
(355 : 356)
(250 : 251)
(251 : 277)
(163 : 164)
(191 : 168)
(168 : 169)
(116 : 115)
(115 : 134)
(250 : 227)
(19 : 18)
(497 : 498)
(251 : 228)
(164 : 142)
(191 : 192)
(335 : 359)
(359 : 360)
(421 : 436)
(356 : 381)
(381 : 380)
(402 : 401)
(353 : 352)
(291 : 266)
(228 : 229)
(215 : 237)
(237 : 238)
(170 : 149)
(74 : 90)
(90 : 89)
(327 : 326)
(118 : 100)
(48 : 28)
(311 : 290)
(462 : 477)
(40 : 41)
(238 : 265)
(265 : 290)
(191 : 215)
(357 : 382)
(436 : 435)
(384 : 385)
(341 : 365)
(241 : 240)
(194 : 171)
(293 : 294)
(484 : 498)
(436 : 452)
(273 : 272)
(321 : 342)
(184 : 183)
(183 : 161)
(301 : 300)
(136 : 137)
(115 : 114)
(413 : 429)
(429 : 428)
(312 : 333)
(333 : 356)
(76 : 77)
(90 : 107)
(422 : 437)
(116 : 98)
(344 : 324)
(324 : 323)
(273 : 247)
(247 : 248)
(59 : 58)
(229 : 252)
(316 : 336)
(502 : 501)
(437 : 438)
(438 : 423)
(223 : 246)
(267 : 268)
(342 : 343)
(241 : 242)
(242 : 268)
(223 : 197)
(197 : 196)
(161 : 160)
(100 : 84)
(192 : 216)
(21 : 22)
(290 : 289)
(507 : 506)
(311 : 310)
(310 : 289)
(200 : 180)
(115 : 97)
(344 : 369)
(358 : 359)
(232 : 208)
(267 : 241)
(171 : 172)
(310 : 309)
(446 : 432)
(268 : 269)
(382 : 399)
(494 : 493)
(405 : 406)
(406 : 424)
(168 : 147)
(274 : 248)
(274 : 296)
(178 : 198)
(252 : 278)
(278 : 277)
(59 : 81)
(363 : 362)
(48 : 47)
(136 : 119)
(119 : 118)
(343 : 367)
(423 : 422)
(249 : 248)
(47 : 27)
(27 : 28)
(5 : 4)
(6 : 22)
(73 : 52)
(495 : 482)
(27 : 11)
(280 : 279)
(363 : 385)
(53 : 54)
(54 : 75)
(54 : 55)
(399 : 418)
(494 : 481)
(481 : 482)
(116 : 117)
(380 : 379)
(257 : 258)
(477 : 476)
(385 : 386)
(41 : 42)
(157 : 158)
(158 : 136)
(402 : 420)
(420 : 435)
(481 : 480)
(480 : 493)
(55 : 56)
(304 : 303)
(303 : 282)
(161 : 139)
(139 : 140)
(154 : 153)
(299 : 324)
(481 : 469)
(517 : 518)
(118 : 117)
(378 : 377)
(293 : 316)
(137 : 120)
(120 : 119)
(484 : 474)
(498 : 499)
(312 : 291)
(11 : 12)
(12 : 28)
(179 : 199)
(199 : 198)
(199 : 200)
(148 : 147)
(148 : 149)
(139 : 138)
(138 : 137)
(138 : 160)
(367 : 366)
(366 : 365)
(381 : 382)
(148 : 129)
(129 : 109)
(28 : 29)
(258 : 259)
(193 : 194)
(49 : 50)
(50 : 69)
(164 : 185)
(55 : 35)
(180 : 181)
(190 : 189)
(189 : 213)
(331 : 332)
(332 : 310)
(332 : 354)
(369 : 390)
(163 : 141)
(91 : 108)
(119 : 101)
(101 : 100)
(200 : 201)
(201 : 227)
(279 : 253)
(253 : 252)
(42 : 43)
(334 : 313)
(334 : 333)
(299 : 278)
(299 : 300)
(460 : 475)
(475 : 476)
(379 : 398)
(272 : 271)
(84 : 64)
(322 : 343)
(241 : 219)
(109 : 93)
(41 : 60)
(60 : 59)
(39 : 38)
(282 : 255)
(11 : 10)
(284 : 305)
(283 : 256)
(256 : 257)
(138 : 121)
(424 : 425)
(185 : 206)
(377 : 397)
(4 : 3)
(3 : 18)
(237 : 264)
(264 : 265)
(35 : 36)
(506 : 505)
(181 : 159)
(159 : 158)
(294 : 270)
(270 : 271)
(321 : 297)
(133 : 132)
(72 : 73)
(146 : 145)
(97 : 96)
(385 : 405)
(215 : 214)
(133 : 113)
(101 : 85)
(3 : 2)
(474 : 473)
(365 : 387)
(387 : 386)
(304 : 328)
(142 : 124)
(435 : 434)
(208 : 209)
(228 : 202)
(48 : 67)
(499 : 485)
(482 : 470)
(470 : 469)
(470 : 471)
(435 : 451)
(132 : 131)
(6 : 7)
(324 : 325)
(325 : 326)
(369 : 370)
(184 : 204)
(204 : 203)
(203 : 183)
(43 : 62)
(239 : 266)
(239 : 240)
(258 : 233)
(233 : 209)
(377 : 376)
(100 : 99)
(99 : 98)
(501 : 488)
(10 : 9)
(469 : 468)
(364 : 386)
(384 : 362)
(316 : 317)
(317 : 294)
(317 : 337)
(64 : 65)
(149 : 130)
(462 : 447)
(291 : 290)
(399 : 400)
(304 : 305)
(109 : 110)
(110 : 130)
(502 : 489)
(489 : 488)
(270 : 244)
(224 : 223)
(224 : 225)
(483 : 472)
(472 : 473)
(145 : 127)
(127 : 108)
(281 : 254)
(270 : 269)
(38 : 37)
(148 : 169)
(516 : 515)
(213 : 212)
(39 : 58)
(20 : 5)
(20 : 21)
(180 : 179)
(424 : 439)
(383 : 361)
(469 : 454)
(311 : 312)
(120 : 102)
(224 : 247)
(124 : 123)
(218 : 219)
(259 : 260)
(159 : 160)
(259 : 286)
(264 : 263)
(29 : 13)
(159 : 137)
(127 : 126)
(230 : 205)
(36 : 16)
(183 : 182)
(182 : 181)
(376 : 351)
(60 : 61)
(462 : 463)
(233 : 234)
(234 : 259)
(406 : 407)
(407 : 425)
(325 : 300)
(489 : 478)
(65 : 46)
(75 : 91)
(158 : 180)
(436 : 437)
(177 : 176)
(176 : 196)
(126 : 125)
(468 : 453)
(453 : 439)
(43 : 23)
(23 : 22)
(506 : 514)
(41 : 21)
(400 : 419)
(339 : 340)
(81 : 82)
(392 : 393)
(393 : 413)
(85 : 86)
(10 : 26)
(26 : 27)
(370 : 371)
(176 : 175)
(85 : 84)
(357 : 334)
(209 : 210)
(447 : 448)
(351 : 350)
(392 : 391)
(56 : 57)
(213 : 236)
(77 : 78)
(78 : 57)
(219 : 220)
(370 : 391)
(133 : 153)
(331 : 309)
(468 : 467)
(425 : 440)
(440 : 439)
(420 : 421)
(189 : 188)
(271 : 295)
(335 : 336)
(172 : 151)
(151 : 150)
(419 : 433)
(439 : 438)
(260 : 261)
(247 : 246)
(390 : 411)
(120 : 121)
(192 : 193)
(52 : 33)
(33 : 34)
(53 : 52)
(123 : 105)
(264 : 289)
(77 : 92)
(92 : 93)
(50 : 30)
(30 : 29)
(466 : 467)
(188 : 187)
(432 : 431)
(431 : 430)
(452 : 465)
(465 : 466)
(7 : 8)
(254 : 231)
(231 : 206)
(82 : 83)
(83 : 61)
(83 : 97)
(275 : 276)
(181 : 201)
(476 : 486)
(245 : 222)
(245 : 246)
(507 : 508)
(97 : 98)
(167 : 166)
(166 : 188)
(206 : 205)
(128 : 127)
(35 : 15)
(15 : 16)
(182 : 160)
(49 : 68)
(68 : 67)
(345 : 326)
(229 : 203)
(87 : 86)
(149 : 150)
(406 : 386)
(366 : 388)
(388 : 387)
(43 : 44)
(124 : 106)
(33 : 32)
(393 : 372)
(236 : 262)
(262 : 261)
(262 : 263)
(389 : 388)
(62 : 63)
(63 : 64)
(474 : 457)
(65 : 66)
(66 : 86)
(66 : 67)
(12 : 13)
(318 : 319)
(389 : 409)
(61 : 42)
(30 : 31)
(146 : 147)
(141 : 142)
(473 : 456)
(456 : 455)
(456 : 457)
(460 : 459)
(23 : 24)
(24 : 8)
(263 : 288)
(288 : 309)
(69 : 70)
(284 : 285)
(285 : 258)
(285 : 286)
(330 : 351)
(366 : 342)
(145 : 144)
(144 : 126)
(144 : 166)
(175 : 174)
(174 : 153)
(141 : 123)
(479 : 492)
(492 : 493)
(113 : 112)
(80 : 79)
(80 : 81)
(459 : 445)
(445 : 430)
(8 : 9)
(211 : 187)
(211 : 210)
(211 : 212)
(99 : 117)
(208 : 186)
(330 : 308)
(518 : 511)
(511 : 499)
(418 : 419)
(346 : 347)
(347 : 328)
(409 : 410)
(410 : 411)
(288 : 287)
(287 : 262)
(285 : 306)
(306 : 305)
(231 : 230)
(212 : 235)
(235 : 261)
(235 : 236)
(80 : 95)
(95 : 112)
(307 : 329)
(329 : 350)
(329 : 330)
(398 : 417)
(451 : 450)
(450 : 434)
(445 : 444)
(346 : 373)
(375 : 349)
(16 : 17)
(110 : 94)
(502 : 503)
(459 : 458)
(458 : 444)
(24 : 25)
(25 : 26)
(228 : 227)
(338 : 339)
(91 : 90)
(443 : 442)
(442 : 457)
(25 : 45)
(45 : 44)
(45 : 64)
(45 : 46)
(442 : 441)
(489 : 490)
(490 : 503)
(407 : 408)
(242 : 243)
(243 : 244)
(24 : 44)
(279 : 278)
(46 : 47)
(396 : 395)
(173 : 174)
(121 : 122)
(122 : 139)
(512 : 503)
(518 : 519)
(351 : 352)
(244 : 221)
(144 : 143)
(143 : 125)
(347 : 348)
(348 : 349)
(368 : 369)
(371 : 372)
(110 : 111)
(490 : 491)
(505 : 504)
(504 : 492)
(504 : 513)
(72 : 71)
(34 : 14)
(122 : 103)
(169 : 192)
(38 : 18)
(431 : 414)
(87 : 88)
(88 : 68)
(88 : 103)
(478 : 464)
(464 : 450)
(2 : 1)
(173 : 195)
(195 : 220)
(165 : 187)
(165 : 166)
(153 : 152)
(152 : 132)
(152 : 151)
(152 : 173)
(428 : 427)
(427 : 442)
(295 : 294)
(208 : 207)
(15 : 0)
(52 : 51)
(51 : 32)
(51 : 72)
(105 : 104)
(104 : 103)
(450 : 449)
(449 : 433)
(397 : 416)
(416 : 415)
(205 : 204)
(501 : 500)
(375 : 374)
(374 : 348)
(283 : 304)
(441 : 426)
(426 : 411)
(487 : 486)
(414 : 394)
(394 : 375)
(394 : 395)
(19 : 5)
(24 : 9)
(10 : 25)
(18 : 39)
(20 : 39)
(20 : 41)
(41 : 22)
(42 : 23)
(44 : 25)
(27 : 46)
(47 : 28)
(29 : 48)
(33 : 53)
(36 : 55)
(58 : 40)
(40 : 60)
(41 : 61)
(45 : 63)
(46 : 66)
(48 : 66)
(48 : 68)
(50 : 68)
(53 : 75)
(54 : 76)
(77 : 57)
(80 : 59)
(61 : 82)
(65 : 84)
(68 : 87)
(78 : 92)
(83 : 96)
(91 : 107)
(109 : 94)
(97 : 114)
(98 : 117)
(118 : 101)
(112 : 133)
(119 : 137)
(145 : 128)
(130 : 148)
(159 : 138)
(140 : 163)
(165 : 144)
(145 : 166)
(148 : 170)
(150 : 172)
(151 : 173)
(153 : 175)
(180 : 159)
(161 : 184)
(167 : 188)
(192 : 170)
(199 : 180)
(183 : 204)
(188 : 211)
(190 : 215)
(215 : 192)
(192 : 217)
(199 : 226)
(209 : 232)
(210 : 233)
(219 : 242)
(244 : 222)
(245 : 223)
(246 : 224)
(225 : 249)
(227 : 249)
(229 : 251)
(233 : 257)
(267 : 242)
(243 : 270)
(273 : 248)
(248 : 275)
(252 : 277)
(256 : 282)
(264 : 290)
(282 : 304)
(289 : 309)
(315 : 293)
(316 : 294)
(321 : 298)
(324 : 300)
(307 : 330)
(309 : 332)
(333 : 313)
(315 : 336)
(339 : 319)
(340 : 320)
(356 : 334)
(335 : 360)
(362 : 339)
(341 : 364)
(352 : 376)
(379 : 355)
(362 : 385)
(363 : 386)
(365 : 386)
(369 : 391)
(370 : 392)
(383 : 404)
(405 : 386)
(392 : 413)
(403 : 420)
(404 : 421)
(404 : 423)
(423 : 406)
(420 : 436)
(437 : 423)
(438 : 424)
(439 : 425)
(441 : 427)
(428 : 442)
(451 : 436)
(456 : 442)
(461 : 447)
(447 : 463)
(454 : 468)
(472 : 456)
(462 : 476)
(486 : 477)
(492 : 480)
(481 : 495)
(495 : 506)
(495 : 508)
