1728.0
5
20
125 181 59 149 83 121 155 151 88 85 129 113 215 11 187 65 33 201 218 17 
88.0 47.0 82.0 90.0 72.0 45.0 24.0 3.0 9.0 72.0 90.0 49.0 78.0 74.0 16.0 25.0 57.0 81.0 21.0 40.0 9.0 84.0 42.0 50.0 9.0 71.0 60.0 39.0 0.0 99.0 63.0 6.0 84.0 35.0 23.0 25.0 11.0 83.0 61.0 27.0 92.0 36.0 37.0 39.0 48.0 52.0 28.0 93.0 96.0 68.0 50.0 60.0 21.0 5.0 45.0 50.0 41.0 97.0 70.0 36.0 7.0 27.0 23.0 6.0 69.0 83.0 84.0 73.0 48.0 9.0 1.0 83.0 44.0 7.0 90.0 80.0 7.0 0.0 24.0 70.0 31.0 64.0 56.0 16.0 69.0 90.0 46.0 99.0 10.0 7.0 82.0 95.0 47.0 79.0 18.0 55.0 35.0 36.0 23.0 38.0 47.0 0.0 83.0 72.0 52.0 65.0 23.0 81.0 77.0 75.0 67.0 88.0 37.0 32.0 34.0 81.0 33.0 38.0 33.0 61.0 26.0 17.0 45.0 67.0 74.0 57.0 65.0 63.0 40.0 87.0 41.0 48.0 83.0 28.0 67.0 15.0 38.0 83.0 56.0 56.0 69.0 30.0 15.0 14.0 40.0 24.0 3.0 92.0 55.0 60.0 95.0 75.0 2.0 88.0 85.0 17.0 72.0 93.0 96.0 95.0 47.0 85.0 30.0 75.0 27.0 27.0 67.0 96.0 76.0 56.0 92.0 75.0 45.0 19.0 47.0 17.0 9.0 43.0 21.0 45.0 85.0 13.0 17.0 59.0 38.0 15.0 93.0 43.0 77.0 18.0 44.0 98.0 93.0 60.0 45.0 89.0 46.0 89.0 20.0 21.0 
(85 : 72)
(181 : 180)
(65 : 64)
(17 : 5)
(88 : 76)
(64 : 49)
(151 : 135)
(17 : 18)
(88 : 87)
(83 : 84)
(88 : 105)
(155 : 139)
(129 : 128)
(128 : 110)
(64 : 63)
(63 : 62)
(187 : 186)
(110 : 93)
(93 : 80)
(186 : 172)
(129 : 145)
(149 : 150)
(17 : 16)
(5 : 4)
(93 : 92)
(172 : 171)
(49 : 37)
(215 : 209)
(135 : 134)
(145 : 144)
(18 : 29)
(29 : 37)
(125 : 141)
(5 : 6)
(134 : 133)
(133 : 132)
(151 : 152)
(79 : 62)
(29 : 30)
(128 : 127)
(84 : 100)
(84 : 71)
(180 : 167)
(186 : 185)
(152 : 153)
(149 : 162)
(105 : 104)
(171 : 170)
(155 : 156)
(6 : 7)
(170 : 169)
(150 : 163)
(133 : 117)
(88 : 89)
(162 : 161)
(40 : 39)
(62 : 61)
(33 : 41)
(41 : 40)
(41 : 53)
(133 : 149)
(92 : 91)
(218 : 217)
(63 : 48)
(48 : 49)
(163 : 164)
(16 : 27)
(125 : 107)
(164 : 177)
(89 : 90)
(90 : 91)
(121 : 103)
(103 : 104)
(158 : 143)
(167 : 154)
(154 : 153)
(209 : 204)
(161 : 160)
(100 : 99)
(79 : 78)
(11 : 12)
(22 : 8)
(17 : 28)
(28 : 27)
(107 : 106)
(106 : 89)
(77 : 76)
(100 : 118)
(71 : 70)
(170 : 157)
(53 : 52)
(161 : 174)
(99 : 98)
(218 : 212)
(70 : 69)
(28 : 36)
(36 : 48)
(84 : 85)
(77 : 60)
(100 : 101)
(181 : 182)
(83 : 82)
(82 : 69)
(98 : 97)
(161 : 148)
(148 : 132)
(169 : 183)
(183 : 182)
(62 : 47)
(113 : 112)
(76 : 75)
(30 : 19)
(19 : 7)
(149 : 148)
(187 : 200)
(124 : 123)
(11 : 0)
(217 : 216)
(52 : 51)
(53 : 68)
(141 : 142)
(144 : 159)
(72 : 73)
(118 : 119)
(152 : 136)
(136 : 135)
(164 : 165)
(165 : 152)
(123 : 122)
(159 : 158)
(159 : 172)
(44 : 43)
(218 : 219)
(122 : 138)
(153 : 166)
(163 : 176)
(176 : 177)
(94 : 111)
(16 : 15)
(69 : 54)
(61 : 46)
(46 : 47)
(103 : 102)
(90 : 107)
(185 : 184)
(184 : 170)
(119 : 120)
(118 : 134)
(46 : 45)
(45 : 60)
(163 : 162)
(39 : 38)
(87 : 86)
(86 : 103)
(77 : 89)
(83 : 99)
(148 : 147)
(177 : 191)
(106 : 124)
(132 : 116)
(116 : 98)
(116 : 117)
(135 : 119)
(217 : 211)
(201 : 202)
(79 : 91)
(4 : 3)
(39 : 32)
(166 : 179)
(157 : 158)
(127 : 109)
(109 : 92)
(109 : 110)
(59 : 58)
(58 : 43)
(111 : 129)
(70 : 55)
(94 : 93)
(29 : 28)
(116 : 115)
(97 : 96)
(181 : 194)
(169 : 168)
(168 : 156)
(202 : 203)
(11 : 25)
(15 : 14)
(209 : 210)
(113 : 95)
(95 : 96)
(11 : 10)
(12 : 1)
(127 : 126)
(204 : 192)
(192 : 179)
(107 : 108)
(193 : 180)
(110 : 111)
(134 : 150)
(147 : 146)
(47 : 35)
(35 : 27)
(1 : 2)
(128 : 144)
(179 : 178)
(178 : 177)
(212 : 205)
(212 : 213)
(38 : 31)
(215 : 214)
(126 : 142)
(97 : 81)
(81 : 68)
(2 : 13)
(13 : 12)
(13 : 14)
(104 : 122)
(40 : 52)
(191 : 190)
(125 : 126)
(52 : 67)
(38 : 50)
(50 : 51)
(213 : 206)
(76 : 59)
(73 : 74)
(74 : 75)
(33 : 23)
(31 : 20)
(73 : 57)
(57 : 56)
(25 : 26)
(23 : 9)
(9 : 8)
(168 : 182)
(147 : 131)
(121 : 137)
(137 : 138)
(180 : 179)
(60 : 61)
(162 : 175)
(175 : 174)
(153 : 137)
(54 : 42)
(42 : 41)
(212 : 211)
(156 : 140)
(44 : 34)
(131 : 130)
(130 : 146)
(25 : 24)
(24 : 10)
(184 : 197)
(197 : 196)
(22 : 21)
(21 : 20)
(21 : 32)
(201 : 208)
(176 : 175)
(176 : 190)
(174 : 173)
(173 : 188)
(142 : 143)
(174 : 189)
(189 : 188)
(189 : 202)
(75 : 58)
(67 : 66)
(115 : 114)
(114 : 96)
(114 : 113)
(114 : 130)
(208 : 207)
(182 : 195)
(195 : 196)
(205 : 198)
(198 : 185)
(198 : 197)
(198 : 199)
(1 : 11)
(1 : 13)
(3 : 16)
(4 : 17)
(6 : 17)
(9 : 22)
(25 : 12)
(21 : 31)
(37 : 48)
(39 : 52)
(58 : 44)
(51 : 67)
(53 : 67)
(56 : 73)
(59 : 77)
(62 : 78)
(82 : 70)
(72 : 84)
(76 : 87)
(76 : 89)
(103 : 87)
(89 : 105)
(91 : 107)
(97 : 114)
(98 : 115)
(98 : 117)
(101 : 118)
(106 : 125)
(132 : 147)
(148 : 133)
(135 : 150)
(137 : 152)
(140 : 155)
(143 : 157)
(153 : 167)
(170 : 158)
(159 : 171)
(160 : 174)
(182 : 169)
(170 : 183)
(170 : 185)
(192 : 180)
(181 : 193)
(181 : 195)
(195 : 183)
(198 : 186)
(188 : 202)
(206 : 212)
