4372.0
9
20
281 402 153 330 208 276 339 333 216 211 285 267 494 39 409 160 90 450 502 48 
4.0 52.0 21.0 2.0 24.0 60.0 4.0 36.0 66.0 96.0 8.0 39.0 53.0 46.0 72.0 72.0 30.0 13.0 42.0 61.0 36.0 36.0 77.0 71.0 53.0 11.0 14.0 1.0 10.0 39.0 23.0 92.0 74.0 12.0 44.0 2.0 10.0 59.0 67.0 97.0 86.0 7.0 97.0 91.0 45.0 36.0 30.0 79.0 57.0 93.0 17.0 59.0 66.0 75.0 66.0 32.0 28.0 93.0 66.0 0.0 33.0 44.0 49.0 72.0 50.0 4.0 43.0 70.0 2.0 42.0 95.0 38.0 52.0 43.0 17.0 73.0 71.0 63.0 48.0 41.0 46.0 63.0 94.0 87.0 74.0 5.0 77.0 28.0 4.0 82.0 26.0 77.0 16.0 10.0 73.0 88.0 78.0 27.0 94.0 70.0 65.0 25.0 50.0 17.0 34.0 0.0 54.0 78.0 67.0 23.0 71.0 11.0 29.0 11.0 16.0 5.0 32.0 24.0 70.0 66.0 49.0 37.0 94.0 68.0 25.0 5.0 33.0 91.0 89.0 2.0 53.0 10.0 46.0 89.0 56.0 70.0 40.0 89.0 30.0 5.0 84.0 52.0 1.0 36.0 13.0 24.0 19.0 66.0 96.0 87.0 18.0 31.0 25.0 95.0 39.0 5.0 12.0 18.0 88.0 60.0 14.0 2.0 22.0 26.0 5.0 44.0 31.0 87.0 65.0 39.0 0.0 30.0 55.0 68.0 62.0 10.0 63.0 72.0 67.0 62.0 97.0 32.0 96.0 18.0 3.0 36.0 53.0 48.0 37.0 64.0 46.0 23.0 26.0 96.0 36.0 84.0 77.0 18.0 39.0 8.0 66.0 30.0 65.0 84.0 81.0 42.0 80.0 50.0 4.0 19.0 94.0 95.0 67.0 29.0 1.0 93.0 98.0 76.0 35.0 34.0 20.0 20.0 3.0 91.0 10.0 29.0 73.0 18.0 50.0 71.0 68.0 48.0 56.0 43.0 19.0 76.0 43.0 97.0 93.0 5.0 52.0 62.0 82.0 66.0 78.0 64.0 88.0 78.0 29.0 85.0 91.0 49.0 17.0 84.0 24.0 31.0 51.0 15.0 94.0 80.0 77.0 36.0 32.0 39.0 31.0 47.0 17.0 23.0 48.0 25.0 88.0 81.0 65.0 91.0 61.0 1.0 19.0 34.0 37.0 60.0 6.0 30.0 72.0 34.0 22.0 54.0 31.0 50.0 51.0 64.0 5.0 27.0 3.0 84.0 98.0 6.0 17.0 98.0 68.0 18.0 84.0 35.0 55.0 93.0 27.0 74.0 33.0 90.0 84.0 79.0 41.0 28.0 39.0 42.0 25.0 5.0 93.0 41.0 30.0 19.0 75.0 32.0 39.0 25.0 26.0 11.0 42.0 64.0 41.0 75.0 52.0 15.0 16.0 22.0 76.0 50.0 49.0 70.0 20.0 58.0 97.0 31.0 27.0 29.0 74.0 7.0 76.0 9.0 2.0 1.0 55.0 6.0 14.0 91.0 77.0 82.0 81.0 55.0 24.0 43.0 34.0 29.0 68.0 45.0 94.0 65.0 31.0 50.0 99.0 66.0 42.0 59.0 52.0 94.0 90.0 58.0 53.0 88.0 35.0 94.0 14.0 90.0 41.0 51.0 78.0 32.0 79.0 5.0 44.0 34.0 92.0 27.0 48.0 69.0 96.0 52.0 96.0 48.0 33.0 17.0 59.0 37.0 15.0 98.0 91.0 41.0 62.0 62.0 2.0 64.0 28.0 14.0 86.0 54.0 18.0 47.0 13.0 87.0 46.0 79.0 66.0 11.0 9.0 36.0 9.0 61.0 96.0 54.0 90.0 1.0 86.0 48.0 1.0 34.0 74.0 69.0 89.0 47.0 2.0 79.0 41.0 0.0 53.0 52.0 94.0 30.0 37.0 66.0 44.0 76.0 11.0 77.0 31.0 84.0 8.0 17.0 87.0 65.0 24.0 35.0 23.0 79.0 74.0 95.0 92.0 93.0 26.0 31.0 83.0 38.0 9.0 99.0 16.0 38.0 59.0 70.0 84.0 83.0 13.0 92.0 38.0 86.0 49.0 92.0 37.0 1.0 66.0 71.0 98.0 85.0 74.0 57.0 35.0 49.0 61.0 68.0 25.0 73.0 23.0 98.0 
(153 : 133)
(276 : 275)
(281 : 280)
(281 : 260)
(285 : 265)
(39 : 21)
(502 : 501)
(276 : 255)
(333 : 334)
(285 : 286)
(502 : 503)
(502 : 516)
(280 : 279)
(90 : 71)
(330 : 331)
(153 : 152)
(265 : 264)
(334 : 335)
(211 : 212)
(285 : 284)
(494 : 493)
(450 : 451)
(285 : 306)
(21 : 22)
(493 : 492)
(22 : 6)
(280 : 259)
(502 : 488)
(493 : 480)
(39 : 40)
(40 : 22)
(264 : 245)
(339 : 361)
(335 : 315)
(280 : 299)
(494 : 481)
(6 : 5)
(409 : 408)
(245 : 244)
(216 : 195)
(286 : 307)
(307 : 306)
(493 : 510)
(330 : 310)
(450 : 431)
(244 : 222)
(48 : 49)
(306 : 305)
(305 : 304)
(23 : 24)
(338 : 318)
(222 : 202)
(334 : 357)
(160 : 140)
(195 : 175)
(330 : 329)
(195 : 194)
(402 : 401)
(24 : 25)
(338 : 337)
(501 : 500)
(516 : 515)
(431 : 432)
(432 : 451)
(216 : 215)
(215 : 194)
(6 : 7)
(222 : 221)
(276 : 295)
(244 : 243)
(216 : 238)
(331 : 354)
(503 : 517)
(190 : 211)
(409 : 410)
(237 : 255)
(25 : 8)
(450 : 449)
(338 : 360)
(264 : 263)
(8 : 9)
(5 : 4)
(40 : 60)
(360 : 382)
(494 : 495)
(25 : 26)
(279 : 278)
(152 : 132)
(335 : 336)
(212 : 213)
(259 : 240)
(339 : 319)
(319 : 318)
(23 : 41)
(41 : 40)
(315 : 294)
(294 : 295)
(379 : 380)
(360 : 359)
(278 : 257)
(257 : 256)
(196 : 217)
(217 : 216)
(517 : 518)
(41 : 42)
(238 : 239)
(26 : 27)
(213 : 191)
(495 : 482)
(482 : 481)
(26 : 44)
(48 : 47)
(408 : 407)
(39 : 38)
(336 : 316)
(316 : 295)
(43 : 42)
(221 : 220)
(492 : 491)
(260 : 241)
(241 : 240)
(284 : 283)
(283 : 263)
(283 : 304)
(196 : 197)
(221 : 201)
(304 : 303)
(316 : 317)
(317 : 318)
(140 : 139)
(152 : 151)
(41 : 61)
(208 : 231)
(305 : 325)
(503 : 504)
(245 : 223)
(325 : 324)
(324 : 323)
(324 : 345)
(175 : 176)
(176 : 154)
(267 : 248)
(223 : 203)
(279 : 258)
(359 : 358)
(348 : 347)
(133 : 116)
(465 : 466)
(176 : 177)
(177 : 197)
(256 : 277)
(277 : 278)
(42 : 62)
(62 : 61)
(281 : 300)
(515 : 514)
(514 : 500)
(491 : 490)
(90 : 108)
(432 : 433)
(108 : 109)
(139 : 138)
(380 : 381)
(381 : 359)
(381 : 382)
(510 : 509)
(138 : 122)
(348 : 368)
(501 : 487)
(122 : 102)
(298 : 319)
(48 : 66)
(381 : 400)
(400 : 401)
(132 : 115)
(159 : 158)
(49 : 67)
(298 : 297)
(297 : 277)
(38 : 37)
(108 : 107)
(107 : 89)
(261 : 282)
(282 : 281)
(494 : 511)
(511 : 510)
(212 : 235)
(235 : 236)
(109 : 110)
(367 : 366)
(487 : 486)
(325 : 346)
(346 : 366)
(160 : 161)
(121 : 122)
(235 : 234)
(500 : 499)
(300 : 321)
(319 : 320)
(451 : 452)
(37 : 20)
(71 : 54)
(297 : 296)
(62 : 76)
(323 : 344)
(344 : 345)
(432 : 414)
(357 : 356)
(356 : 333)
(334 : 314)
(274 : 254)
(480 : 468)
(400 : 399)
(399 : 380)
(367 : 389)
(102 : 83)
(293 : 273)
(273 : 274)
(245 : 246)
(366 : 365)
(194 : 174)
(174 : 152)
(174 : 175)
(511 : 512)
(512 : 495)
(242 : 220)
(300 : 301)
(354 : 355)
(20 : 19)
(263 : 262)
(262 : 243)
(116 : 96)
(449 : 448)
(487 : 473)
(357 : 378)
(151 : 150)
(109 : 126)
(44 : 45)
(361 : 383)
(383 : 402)
(488 : 474)
(474 : 475)
(151 : 131)
(449 : 463)
(9 : 10)
(107 : 125)
(402 : 423)
(414 : 415)
(214 : 192)
(110 : 92)
(102 : 101)
(95 : 96)
(309 : 288)
(354 : 375)
(423 : 440)
(151 : 173)
(240 : 218)
(218 : 197)
(19 : 18)
(314 : 313)
(18 : 17)
(131 : 114)
(114 : 115)
(486 : 472)
(472 : 473)
(158 : 157)
(408 : 426)
(472 : 471)
(248 : 227)
(125 : 124)
(231 : 232)
(372 : 352)
(182 : 159)
(89 : 70)
(70 : 71)
(47 : 28)
(91 : 109)
(91 : 92)
(267 : 266)
(158 : 181)
(181 : 182)
(273 : 272)
(272 : 271)
(3 : 2)
(344 : 343)
(388 : 389)
(246 : 224)
(224 : 223)
(19 : 36)
(288 : 270)
(247 : 225)
(273 : 253)
(253 : 234)
(253 : 254)
(482 : 483)
(272 : 292)
(292 : 293)
(191 : 171)
(101 : 100)
(38 : 59)
(133 : 134)
(378 : 397)
(415 : 393)
(465 : 478)
(352 : 351)
(361 : 362)
(267 : 268)
(355 : 376)
(313 : 312)
(312 : 292)
(509 : 508)
(376 : 395)
(272 : 252)
(91 : 72)
(395 : 396)
(396 : 397)
(395 : 394)
(394 : 375)
(356 : 377)
(377 : 378)
(2 : 1)
(1 : 17)
(204 : 224)
(449 : 430)
(407 : 387)
(387 : 365)
(387 : 388)
(355 : 332)
(332 : 312)
(234 : 233)
(233 : 252)
(448 : 447)
(43 : 63)
(440 : 441)
(393 : 373)
(143 : 142)
(194 : 193)
(481 : 469)
(430 : 429)
(387 : 386)
(96 : 97)
(452 : 453)
(321 : 341)
(137 : 136)
(504 : 489)
(204 : 183)
(183 : 160)
(386 : 385)
(431 : 413)
(351 : 350)
(72 : 55)
(341 : 340)
(331 : 311)
(392 : 371)
(371 : 372)
(110 : 111)
(137 : 120)
(365 : 364)
(100 : 99)
(478 : 477)
(183 : 184)
(89 : 88)
(120 : 119)
(473 : 458)
(92 : 73)
(111 : 112)
(54 : 33)
(173 : 172)
(172 : 150)
(140 : 123)
(190 : 169)
(413 : 412)
(95 : 94)
(371 : 370)
(379 : 398)
(398 : 399)
(140 : 141)
(99 : 80)
(251 : 231)
(310 : 290)
(107 : 106)
(219 : 198)
(198 : 178)
(198 : 197)
(47 : 46)
(116 : 117)
(117 : 134)
(504 : 505)
(399 : 421)
(499 : 498)
(350 : 326)
(131 : 130)
(343 : 322)
(17 : 16)
(119 : 118)
(198 : 199)
(199 : 200)
(397 : 419)
(199 : 179)
(179 : 178)
(460 : 444)
(409 : 427)
(341 : 342)
(342 : 343)
(106 : 105)
(177 : 155)
(227 : 226)
(419 : 420)
(420 : 398)
(420 : 421)
(402 : 403)
(180 : 179)
(496 : 483)
(496 : 495)
(105 : 104)
(426 : 445)
(445 : 444)
(496 : 497)
(50 : 31)
(421 : 422)
(88 : 87)
(87 : 105)
(99 : 98)
(48 : 29)
(104 : 103)
(460 : 461)
(427 : 446)
(303 : 302)
(498 : 484)
(396 : 418)
(514 : 513)
(150 : 149)
(505 : 519)
(87 : 86)
(143 : 164)
(232 : 209)
(209 : 189)
(209 : 210)
(394 : 416)
(391 : 392)
(76 : 77)
(467 : 468)
(508 : 507)
(112 : 113)
(440 : 439)
(364 : 363)
(486 : 485)
(464 : 463)
(464 : 477)
(328 : 327)
(73 : 56)
(438 : 422)
(189 : 167)
(29 : 13)
(126 : 144)
(144 : 143)
(362 : 384)
(231 : 230)
(446 : 462)
(462 : 461)
(164 : 163)
(230 : 229)
(463 : 476)
(36 : 58)
(56 : 34)
(403 : 404)
(271 : 291)
(291 : 290)
(291 : 311)
(58 : 57)
(229 : 207)
(59 : 75)
(10 : 11)
(421 : 437)
(437 : 438)
(34 : 15)
(63 : 64)
(64 : 44)
(70 : 69)
(69 : 88)
(80 : 79)
(101 : 82)
(82 : 81)
(82 : 83)
(93 : 112)
(364 : 344)
(149 : 148)
(148 : 170)
(65 : 47)
(65 : 81)
(65 : 66)
(11 : 12)
(12 : 28)
(12 : 13)
(437 : 454)
(454 : 469)
(192 : 191)
(224 : 225)
(418 : 436)
(53 : 32)
(32 : 33)
(230 : 250)
(479 : 490)
(220 : 200)
(375 : 374)
(439 : 456)
(110 : 127)
(79 : 78)
(78 : 64)
(78 : 77)
(480 : 481)
(505 : 506)
(356 : 355)
(360 : 361)
(441 : 457)
(243 : 242)
(408 : 388)
(289 : 288)
(289 : 290)
(232 : 233)
(227 : 205)
(305 : 284)
(391 : 390)
(154 : 134)
(258 : 257)
(70 : 53)
(454 : 455)
(455 : 438)
(455 : 456)
(395 : 417)
(417 : 416)
(207 : 187)
(187 : 188)
(331 : 332)
(383 : 384)
(135 : 134)
(135 : 155)
(288 : 287)
(83 : 84)
(456 : 470)
(470 : 483)
(227 : 228)
(155 : 156)
(156 : 178)
(447 : 428)
(428 : 429)
(326 : 308)
(460 : 459)
(459 : 458)
(459 : 474)
(205 : 185)
(310 : 311)
(431 : 430)
(417 : 435)
(435 : 436)
(171 : 149)
(171 : 172)
(180 : 157)
(180 : 200)
(69 : 52)
(52 : 53)
(14 : 31)
(302 : 322)
(426 : 427)
(249 : 248)
(249 : 268)
(112 : 128)
(30 : 29)
(30 : 49)
(30 : 31)
(352 : 353)
(37 : 36)
(333 : 332)
(337 : 317)
(442 : 441)
(228 : 206)
(206 : 205)
(464 : 450)
(87 : 68)
(68 : 69)
(240 : 239)
(17 : 35)
(428 : 411)
(50 : 51)
(353 : 329)
(378 : 379)
(336 : 358)
(396 : 377)
(49 : 50)
(287 : 269)
(269 : 270)
(258 : 239)
(424 : 404)
(424 : 442)
(170 : 169)
(206 : 186)
(186 : 185)
(336 : 337)
(127 : 145)
(145 : 144)
(350 : 349)
(168 : 167)
(168 : 169)
(404 : 405)
(74 : 75)
(1 : 0)
(99 : 119)
(347 : 367)
(188 : 165)
(165 : 145)
(165 : 166)
(44 : 43)
(23 : 7)
(103 : 85)
(85 : 86)
(201 : 181)
(201 : 200)
(201 : 202)
(219 : 241)
(370 : 369)
(369 : 349)
(369 : 390)
(149 : 129)
(129 : 130)
(128 : 146)
(146 : 167)
(146 : 147)
(328 : 352)
(434 : 416)
(444 : 443)
(443 : 425)
(443 : 459)
(81 : 100)
(72 : 71)
(72 : 73)
(413 : 392)
(413 : 414)
(386 : 406)
(406 : 425)
(77 : 63)
(186 : 162)
(162 : 163)
(16 : 1)
(22 : 7)
(41 : 24)
(27 : 44)
(29 : 47)
(43 : 64)
(65 : 48)
(49 : 66)
(52 : 70)
(55 : 71)
(63 : 76)
(81 : 66)
(89 : 71)
(71 : 91)
(80 : 98)
(80 : 100)
(86 : 103)
(88 : 105)
(89 : 106)
(90 : 107)
(91 : 108)
(97 : 116)
(99 : 118)
(100 : 119)
(109 : 127)
(120 : 136)
(127 : 144)
(130 : 149)
(131 : 150)
(133 : 152)
(153 : 134)
(135 : 154)
(141 : 160)
(143 : 163)
(167 : 147)
(152 : 173)
(155 : 178)
(171 : 192)
(176 : 197)
(200 : 181)
(182 : 201)
(191 : 214)
(216 : 196)
(197 : 217)
(198 : 218)
(220 : 201)
(223 : 204)
(209 : 231)
(212 : 234)
(235 : 213)
(217 : 238)
(222 : 245)
(248 : 228)
(230 : 251)
(234 : 252)
(239 : 257)
(258 : 240)
(241 : 259)
(246 : 264)
(278 : 258)
(294 : 276)
(281 : 299)
(295 : 315)
(297 : 317)
(318 : 298)
(305 : 324)
(314 : 333)
(338 : 319)
(323 : 343)
(325 : 345)
(328 : 353)
(358 : 337)
(338 : 359)
(339 : 360)
(344 : 363)
(344 : 365)
(366 : 347)
(367 : 348)
(351 : 370)
(351 : 372)
(356 : 376)
(361 : 382)
(365 : 386)
(365 : 388)
(376 : 394)
(379 : 399)
(382 : 400)
(384 : 402)
(406 : 387)
(387 : 408)
(408 : 389)
(391 : 413)
(417 : 396)
(434 : 417)
(447 : 429)
(433 : 451)
(455 : 439)
(445 : 460)
(450 : 465)
(459 : 475)
(464 : 476)
(464 : 478)
(494 : 482)
(487 : 502)
(503 : 516)
