1703.0
5
20
120 178 52 145 79 116 150 147 85 81 121 110 213 6 182 58 20 195 218 10 
38.0 19.0 41.0 64.0 73.0 34.0 21.0 53.0 15.0 60.0 88.0 90.0 36.0 53.0 95.0 91.0 36.0 12.0 65.0 49.0 10.0 89.0 39.0 91.0 76.0 79.0 9.0 10.0 39.0 6.0 98.0 98.0 18.0 32.0 98.0 74.0 12.0 96.0 28.0 14.0 8.0 29.0 25.0 1.0 43.0 17.0 55.0 25.0 67.0 21.0 72.0 41.0 19.0 55.0 60.0 19.0 75.0 86.0 73.0 22.0 47.0 3.0 40.0 22.0 42.0 60.0 69.0 91.0 14.0 73.0 22.0 0.0 29.0 26.0 95.0 26.0 70.0 99.0 17.0 6.0 3.0 88.0 66.0 45.0 77.0 91.0 51.0 81.0 25.0 52.0 40.0 98.0 88.0 32.0 14.0 19.0 98.0 80.0 70.0 4.0 62.0 56.0 9.0 68.0 42.0 96.0 91.0 73.0 16.0 35.0 83.0 28.0 63.0 49.0 92.0 40.0 60.0 56.0 87.0 56.0 30.0 76.0 62.0 70.0 2.0 79.0 91.0 5.0 88.0 13.0 30.0 43.0 78.0 98.0 48.0 46.0 56.0 42.0 17.0 6.0 66.0 55.0 92.0 49.0 1.0 81.0 87.0 61.0 98.0 63.0 94.0 29.0 83.0 58.0 56.0 29.0 44.0 60.0 39.0 87.0 8.0 5.0 91.0 94.0 71.0 84.0 79.0 79.0 40.0 87.0 26.0 32.0 81.0 41.0 72.0 21.0 55.0 48.0 56.0 79.0 77.0 16.0 34.0 3.0 38.0 14.0 0.0 81.0 28.0 40.0 41.0 55.0 56.0 25.0 41.0 35.0 17.0 23.0 60.0 11.0 
(116 : 117)
(150 : 149)
(85 : 67)
(67 : 52)
(85 : 86)
(79 : 61)
(86 : 87)
(61 : 46)
(218 : 217)
(178 : 177)
(86 : 68)
(217 : 216)
(213 : 214)
(58 : 57)
(67 : 66)
(218 : 209)
(61 : 62)
(52 : 51)
(85 : 84)
(145 : 144)
(182 : 169)
(58 : 73)
(81 : 63)
(184 : 172)
(79 : 96)
(81 : 82)
(214 : 206)
(144 : 126)
(79 : 80)
(57 : 56)
(86 : 103)
(85 : 102)
(102 : 103)
(147 : 129)
(147 : 146)
(81 : 98)
(166 : 151)
(206 : 199)
(78 : 60)
(10 : 9)
(129 : 128)
(63 : 48)
(213 : 205)
(126 : 112)
(214 : 215)
(98 : 99)
(66 : 65)
(62 : 47)
(10 : 3)
(128 : 114)
(67 : 68)
(73 : 72)
(52 : 53)
(53 : 68)
(3 : 4)
(61 : 60)
(121 : 108)
(146 : 162)
(199 : 198)
(218 : 219)
(145 : 127)
(127 : 128)
(65 : 50)
(150 : 133)
(169 : 156)
(80 : 62)
(80 : 81)
(51 : 37)
(126 : 125)
(3 : 2)
(182 : 181)
(133 : 118)
(145 : 161)
(147 : 148)
(151 : 134)
(50 : 49)
(49 : 48)
(112 : 95)
(95 : 96)
(178 : 179)
(51 : 50)
(215 : 207)
(120 : 119)
(119 : 134)
(172 : 159)
(50 : 36)
(36 : 37)
(127 : 113)
(113 : 112)
(113 : 114)
(117 : 132)
(60 : 45)
(133 : 134)
(118 : 102)
(54 : 69)
(69 : 68)
(69 : 87)
(108 : 107)
(87 : 104)
(56 : 71)
(10 : 11)
(134 : 135)
(80 : 97)
(82 : 83)
(83 : 84)
(104 : 105)
(56 : 42)
(110 : 109)
(48 : 34)
(132 : 131)
(131 : 116)
(71 : 70)
(70 : 55)
(102 : 101)
(101 : 100)
(100 : 83)
(100 : 116)
(207 : 200)
(156 : 139)
(139 : 121)
(69 : 70)
(45 : 44)
(37 : 24)
(159 : 158)
(135 : 136)
(129 : 130)
(209 : 210)
(210 : 219)
(37 : 38)
(127 : 126)
(110 : 92)
(98 : 115)
(115 : 114)
(88 : 89)
(63 : 64)
(156 : 155)
(38 : 25)
(54 : 40)
(20 : 21)
(110 : 123)
(178 : 188)
(188 : 200)
(88 : 70)
(88 : 87)
(210 : 211)
(111 : 125)
(161 : 173)
(89 : 90)
(90 : 107)
(6 : 5)
(111 : 94)
(94 : 95)
(103 : 119)
(103 : 104)
(2 : 1)
(40 : 39)
(198 : 186)
(132 : 149)
(159 : 143)
(9 : 8)
(8 : 1)
(188 : 189)
(189 : 179)
(97 : 96)
(163 : 162)
(11 : 18)
(158 : 157)
(139 : 138)
(128 : 146)
(18 : 19)
(39 : 26)
(211 : 204)
(40 : 27)
(146 : 145)
(51 : 66)
(83 : 65)
(188 : 187)
(63 : 62)
(155 : 154)
(125 : 143)
(124 : 142)
(198 : 197)
(198 : 205)
(25 : 14)
(96 : 113)
(133 : 132)
(173 : 174)
(209 : 208)
(210 : 203)
(46 : 32)
(48 : 47)
(104 : 120)
(42 : 29)
(66 : 84)
(138 : 137)
(137 : 136)
(203 : 202)
(120 : 135)
(89 : 106)
(125 : 124)
(29 : 28)
(123 : 122)
(122 : 140)
(158 : 171)
(144 : 160)
(144 : 143)
(163 : 164)
(164 : 148)
(203 : 192)
(192 : 181)
(34 : 35)
(58 : 43)
(101 : 117)
(195 : 194)
(149 : 165)
(78 : 77)
(6 : 0)
(26 : 15)
(195 : 196)
(155 : 168)
(168 : 181)
(109 : 91)
(91 : 92)
(189 : 201)
(94 : 93)
(93 : 92)
(184 : 183)
(183 : 194)
(122 : 109)
(26 : 25)
(185 : 197)
(95 : 78)
(192 : 193)
(71 : 72)
(147 : 163)
(14 : 7)
(92 : 75)
(89 : 71)
(77 : 76)
(76 : 75)
(189 : 190)
(35 : 22)
(91 : 74)
(74 : 75)
(157 : 141)
(141 : 142)
(151 : 152)
(22 : 23)
(28 : 16)
(151 : 150)
(171 : 170)
(170 : 157)
(36 : 23)
(36 : 35)
(60 : 59)
(59 : 44)
(82 : 64)
(82 : 99)
(167 : 152)
(167 : 166)
(213 : 212)
(18 : 17)
(17 : 10)
(17 : 16)
(17 : 29)
(176 : 175)
(175 : 164)
(175 : 185)
(159 : 160)
(19 : 30)
(30 : 43)
(190 : 191)
(191 : 180)
(24 : 13)
(13 : 14)
(136 : 153)
(153 : 152)
(153 : 154)
(33 : 32)
(33 : 47)
(39 : 38)
(39 : 53)
(40 : 41)
(41 : 28)
(41 : 55)
(41 : 42)
(23 : 12)
(12 : 6)
(12 : 13)
(44 : 31)
(31 : 20)
(3 : 9)
(15 : 25)
(24 : 36)
(25 : 37)
(26 : 40)
(33 : 48)
(35 : 48)
(36 : 49)
(36 : 51)
(39 : 54)
(41 : 56)
(47 : 61)
(49 : 63)
(54 : 68)
(54 : 70)
(57 : 71)
(77 : 60)
(78 : 61)
(62 : 81)
(85 : 68)
(68 : 87)
(87 : 70)
(76 : 92)
(78 : 94)
(95 : 79)
(79 : 97)
(81 : 97)
(81 : 99)
(83 : 99)
(85 : 101)
(104 : 88)
(89 : 107)
(95 : 113)
(112 : 125)
(128 : 115)
(118 : 132)
(125 : 142)
(125 : 144)
(128 : 147)
(130 : 147)
(150 : 134)
(135 : 151)
(136 : 152)
(139 : 155)
(142 : 157)
(145 : 160)
(145 : 162)
(162 : 147)
(178 : 187)
(183 : 195)
(185 : 198)
(189 : 200)
(199 : 205)
(203 : 209)
(204 : 210)
(206 : 213)
(209 : 217)
