3673.0
6
10
106 207 10 158 45 99 167 162 51 49 
74.0 96.0 36.0 42.0 68.0 69.0 55.0 55.0 51.0 77.0 78.0 45.0 82.0 56.0 45.0 43.0 84.0 51.0 48.0 44.0 47.0 67.0 65.0 33.0 63.0 66.0 17.0 34.0 91.0 45.0 74.0 47.0 12.0 31.0 86.0 84.0 66.0 92.0 34.0 84.0 26.0 45.0 91.0 47.0 65.0 13.0 90.0 68.0 23.0 3.0 0.0 80.0 51.0 60.0 50.0 60.0 73.0 56.0 89.0 34.0 7.0 8.0 15.0 66.0 92.0 29.0 22.0 81.0 81.0 32.0 47.0 64.0 25.0 89.0 83.0 84.0 86.0 41.0 77.0 15.0 42.0 31.0 23.0 25.0 66.0 98.0 93.0 45.0 29.0 31.0 24.0 43.0 47.0 35.0 64.0 14.0 43.0 74.0 99.0 60.0 39.0 42.0 74.0 98.0 67.0 59.0 76.0 94.0 47.0 81.0 95.0 56.0 93.0 36.0 30.0 69.0 11.0 59.0 9.0 54.0 88.0 36.0 68.0 90.0 87.0 65.0 56.0 83.0 62.0 92.0 77.0 50.0 36.0 50.0 74.0 73.0 15.0 60.0 94.0 56.0 78.0 4.0 58.0 94.0 32.0 90.0 53.0 16.0 37.0 64.0 54.0 17.0 76.0 16.0 22.0 30.0 85.0 51.0 58.0 42.0 75.0 44.0 31.0 42.0 43.0 26.0 96.0 44.0 10.0 78.0 58.0 89.0 22.0 10.0 98.0 81.0 48.0 4.0 24.0 24.0 91.0 5.0 0.0 68.0 93.0 14.0 11.0 4.0 22.0 19.0 19.0 10.0 21.0 58.0 2.0 94.0 33.0 71.0 8.0 46.0 
(167 : 166)
(167 : 153)
(153 : 152)
(207 : 206)
(162 : 146)
(49 : 48)
(106 : 105)
(167 : 181)
(105 : 90)
(45 : 32)
(167 : 168)
(32 : 33)
(146 : 129)
(105 : 104)
(104 : 103)
(103 : 102)
(103 : 121)
(49 : 36)
(166 : 165)
(121 : 122)
(129 : 128)
(152 : 135)
(168 : 154)
(90 : 89)
(207 : 208)
(128 : 111)
(33 : 22)
(158 : 142)
(166 : 180)
(208 : 201)
(102 : 101)
(45 : 44)
(111 : 96)
(48 : 47)
(96 : 97)
(106 : 91)
(96 : 95)
(180 : 179)
(102 : 87)
(44 : 56)
(154 : 137)
(137 : 121)
(56 : 69)
(47 : 34)
(91 : 79)
(135 : 119)
(162 : 161)
(90 : 78)
(78 : 79)
(179 : 189)
(33 : 46)
(46 : 47)
(34 : 23)
(23 : 22)
(207 : 200)
(47 : 59)
(89 : 88)
(179 : 178)
(36 : 35)
(79 : 68)
(168 : 182)
(182 : 183)
(32 : 21)
(102 : 120)
(120 : 119)
(182 : 192)
(192 : 191)
(146 : 147)
(69 : 80)
(146 : 145)
(105 : 123)
(89 : 77)
(77 : 78)
(119 : 118)
(104 : 89)
(45 : 57)
(168 : 169)
(169 : 183)
(152 : 151)
(10 : 11)
(169 : 155)
(206 : 205)
(206 : 199)
(180 : 190)
(147 : 130)
(130 : 129)
(69 : 70)
(103 : 88)
(51 : 52)
(78 : 67)
(68 : 55)
(169 : 170)
(96 : 84)
(51 : 50)
(23 : 15)
(201 : 202)
(183 : 193)
(193 : 202)
(31 : 20)
(199 : 198)
(137 : 138)
(129 : 112)
(151 : 134)
(134 : 118)
(134 : 135)
(23 : 24)
(137 : 136)
(136 : 120)
(136 : 135)
(136 : 153)
(122 : 138)
(31 : 32)
(201 : 192)
(111 : 110)
(192 : 193)
(193 : 194)
(84 : 83)
(20 : 12)
(14 : 15)
(46 : 58)
(179 : 165)
(134 : 133)
(147 : 148)
(145 : 144)
(13 : 6)
(55 : 43)
(15 : 16)
(46 : 45)
(144 : 143)
(95 : 94)
(58 : 71)
(71 : 82)
(82 : 83)
(35 : 34)
(155 : 156)
(70 : 81)
(81 : 82)
(200 : 191)
(200 : 199)
(200 : 201)
(113 : 112)
(111 : 112)
(205 : 204)
(10 : 3)
(110 : 109)
(109 : 94)
(59 : 60)
(56 : 57)
(142 : 141)
(141 : 157)
(190 : 189)
(14 : 7)
(12 : 5)
(5 : 6)
(190 : 199)
(84 : 73)
(73 : 60)
(97 : 98)
(144 : 160)
(160 : 161)
(48 : 60)
(83 : 72)
(191 : 190)
(55 : 54)
(54 : 67)
(94 : 93)
(21 : 20)
(52 : 40)
(208 : 209)
(143 : 159)
(159 : 160)
(60 : 61)
(61 : 49)
(59 : 72)
(13 : 14)
(160 : 174)
(24 : 25)
(43 : 30)
(181 : 182)
(128 : 127)
(127 : 144)
(53 : 52)
(159 : 173)
(22 : 21)
(122 : 104)
(122 : 123)
(67 : 66)
(66 : 65)
(66 : 77)
(21 : 13)
(147 : 163)
(30 : 29)
(3 : 4)
(4 : 11)
(36 : 37)
(173 : 172)
(161 : 175)
(94 : 82)
(43 : 42)
(113 : 114)
(97 : 85)
(159 : 158)
(198 : 197)
(197 : 204)
(197 : 196)
(64 : 51)
(170 : 184)
(6 : 0)
(202 : 203)
(165 : 164)
(84 : 85)
(51 : 39)
(191 : 181)
(53 : 41)
(41 : 42)
(170 : 171)
(3 : 2)
(42 : 54)
(64 : 75)
(61 : 74)
(173 : 186)
(0 : 1)
(39 : 26)
(148 : 149)
(77 : 76)
(76 : 65)
(76 : 75)
(61 : 62)
(114 : 115)
(64 : 63)
(133 : 117)
(50 : 38)
(138 : 139)
(139 : 123)
(139 : 156)
(184 : 185)
(142 : 143)
(93 : 92)
(10 : 18)
(9 : 17)
(9 : 8)
(99 : 86)
(110 : 127)
(174 : 187)
(66 : 53)
(189 : 188)
(93 : 108)
(125 : 124)
(139 : 140)
(194 : 195)
(133 : 132)
(163 : 177)
(132 : 116)
(116 : 99)
(116 : 115)
(116 : 117)
(41 : 28)
(125 : 126)
(126 : 143)
(133 : 150)
(150 : 164)
(155 : 138)
(126 : 127)
(9 : 2)
(151 : 165)
(177 : 176)
(176 : 175)
(18 : 19)
(130 : 131)
(131 : 114)
(194 : 203)
(97 : 112)
(48 : 35)
(28 : 27)
(27 : 19)
(27 : 40)
(54 : 53)
(92 : 107)
(107 : 124)
(117 : 100)
(2 : 10)
(6 : 12)
(13 : 20)
(21 : 14)
(22 : 15)
(16 : 23)
(20 : 32)
(21 : 33)
(23 : 33)
(28 : 40)
(44 : 32)
(32 : 46)
(47 : 35)
(39 : 50)
(40 : 51)
(53 : 42)
(56 : 45)
(46 : 57)
(47 : 58)
(51 : 63)
(64 : 52)
(53 : 65)
(66 : 54)
(75 : 65)
(70 : 80)
(72 : 82)
(77 : 88)
(82 : 93)
(88 : 104)
(93 : 107)
(94 : 110)
(96 : 110)
(116 : 100)
(102 : 121)
(103 : 122)
(110 : 126)
(129 : 113)
(130 : 114)
(118 : 133)
(120 : 137)
(125 : 141)
(142 : 126)
(143 : 127)
(128 : 144)
(129 : 145)
(131 : 147)
(134 : 150)
(157 : 142)
(146 : 163)
(151 : 164)
(151 : 166)
(153 : 166)
(167 : 154)
(155 : 168)
(161 : 174)
(179 : 166)
(167 : 180)
(170 : 183)
(171 : 184)
(179 : 188)
(190 : 198)
(199 : 191)
(200 : 192)
(202 : 194)
(198 : 204)
(199 : 205)
(199 : 207)
(207 : 201)
