9467.0
9
10
261 500 24 395 125 252 408 401 142 131 
88.0 37.0 13.0 35.0 36.0 36.0 48.0 95.0 83.0 80.0 82.0 97.0 89.0 92.0 16.0 63.0 67.0 27.0 79.0 60.0 98.0 15.0 89.0 84.0 60.0 98.0 48.0 8.0 48.0 20.0 8.0 97.0 9.0 59.0 56.0 81.0 65.0 67.0 88.0 29.0 31.0 17.0 48.0 62.0 95.0 58.0 53.0 35.0 2.0 92.0 80.0 69.0 55.0 52.0 76.0 93.0 90.0 48.0 96.0 64.0 28.0 51.0 52.0 52.0 54.0 67.0 62.0 98.0 76.0 12.0 71.0 99.0 56.0 17.0 80.0 60.0 98.0 71.0 95.0 84.0 71.0 49.0 53.0 18.0 59.0 10.0 43.0 43.0 72.0 4.0 57.0 42.0 50.0 84.0 41.0 97.0 41.0 35.0 50.0 67.0 77.0 91.0 86.0 4.0 34.0 73.0 29.0 28.0 71.0 68.0 37.0 7.0 79.0 72.0 96.0 76.0 79.0 17.0 35.0 11.0 14.0 42.0 24.0 59.0 74.0 27.0 1.0 61.0 76.0 35.0 9.0 19.0 92.0 22.0 86.0 17.0 2.0 37.0 49.0 57.0 84.0 56.0 43.0 56.0 8.0 14.0 11.0 47.0 48.0 46.0 74.0 26.0 44.0 75.0 50.0 11.0 68.0 0.0 57.0 44.0 57.0 72.0 95.0 80.0 82.0 91.0 49.0 24.0 3.0 48.0 39.0 20.0 59.0 72.0 43.0 53.0 84.0 2.0 71.0 75.0 45.0 52.0 99.0 69.0 10.0 29.0 41.0 64.0 26.0 57.0 0.0 3.0 12.0 54.0 66.0 47.0 96.0 66.0 83.0 84.0 46.0 74.0 96.0 30.0 46.0 74.0 56.0 38.0 73.0 70.0 5.0 80.0 7.0 43.0 11.0 3.0 5.0 55.0 83.0 69.0 10.0 34.0 68.0 53.0 52.0 78.0 32.0 79.0 44.0 19.0 32.0 22.0 96.0 83.0 3.0 12.0 34.0 46.0 47.0 37.0 1.0 5.0 20.0 17.0 64.0 75.0 63.0 15.0 20.0 62.0 81.0 6.0 14.0 23.0 66.0 3.0 53.0 44.0 29.0 24.0 90.0 90.0 30.0 37.0 88.0 38.0 33.0 14.0 73.0 38.0 92.0 53.0 0.0 33.0 37.0 64.0 99.0 63.0 59.0 0.0 18.0 75.0 39.0 44.0 60.0 73.0 96.0 11.0 70.0 98.0 28.0 66.0 84.0 58.0 63.0 42.0 65.0 22.0 92.0 29.0 35.0 27.0 86.0 94.0 77.0 9.0 58.0 30.0 37.0 29.0 89.0 57.0 38.0 18.0 50.0 40.0 13.0 11.0 24.0 64.0 62.0 92.0 61.0 96.0 3.0 56.0 64.0 28.0 43.0 79.0 67.0 53.0 89.0 3.0 63.0 6.0 8.0 56.0 54.0 87.0 51.0 69.0 86.0 16.0 19.0 24.0 20.0 48.0 22.0 93.0 65.0 88.0 52.0 79.0 70.0 10.0 25.0 90.0 32.0 51.0 98.0 86.0 19.0 62.0 6.0 82.0 46.0 52.0 61.0 8.0 85.0 35.0 1.0 44.0 2.0 85.0 54.0 64.0 16.0 66.0 89.0 78.0 95.0 79.0 13.0 21.0 89.0 32.0 30.0 4.0 77.0 43.0 81.0 51.0 89.0 14.0 90.0 40.0 24.0 98.0 38.0 93.0 37.0 84.0 92.0 99.0 19.0 32.0 62.0 11.0 35.0 99.0 59.0 25.0 90.0 58.0 69.0 35.0 47.0 60.0 23.0 55.0 84.0 56.0 58.0 31.0 30.0 83.0 32.0 76.0 51.0 40.0 46.0 32.0 86.0 64.0 64.0 5.0 76.0 81.0 94.0 19.0 2.0 48.0 37.0 19.0 88.0 52.0 35.0 53.0 93.0 39.0 80.0 21.0 11.0 16.0 70.0 80.0 69.0 5.0 88.0 98.0 68.0 43.0 95.0 66.0 92.0 59.0 97.0 26.0 29.0 36.0 56.0 35.0 91.0 31.0 32.0 19.0 72.0 7.0 67.0 15.0 50.0 60.0 19.0 26.0 7.0 20.0 25.0 19.0 90.0 63.0 85.0 34.0 57.0 11.0 10.0 10.0 13.0 70.0 
(401 : 400)
(252 : 253)
(125 : 104)
(104 : 103)
(103 : 102)
(408 : 385)
(253 : 235)
(401 : 402)
(395 : 370)
(252 : 251)
(24 : 25)
(252 : 234)
(234 : 235)
(131 : 130)
(102 : 80)
(253 : 254)
(251 : 250)
(254 : 277)
(402 : 423)
(253 : 276)
(276 : 277)
(233 : 251)
(234 : 216)
(250 : 249)
(261 : 262)
(402 : 403)
(370 : 369)
(251 : 274)
(142 : 141)
(125 : 126)
(500 : 493)
(249 : 248)
(126 : 105)
(105 : 104)
(369 : 368)
(395 : 394)
(368 : 341)
(12 : 11)
(104 : 82)
(103 : 124)
(141 : 118)
(141 : 140)
(82 : 83)
(140 : 139)
(233 : 215)
(215 : 216)
(370 : 343)
(343 : 342)
(343 : 315)
(408 : 409)
(385 : 360)
(126 : 147)
(395 : 396)
(276 : 275)
(130 : 109)
(393 : 414)
(118 : 117)
(117 : 140)
(401 : 376)
(376 : 377)
(105 : 106)
(277 : 302)
(12 : 3)
(249 : 231)
(80 : 63)
(235 : 217)
(275 : 300)
(274 : 273)
(273 : 250)
(401 : 422)
(12 : 13)
(385 : 386)
(493 : 484)
(484 : 469)
(500 : 499)
(400 : 399)
(262 : 242)
(423 : 424)
(394 : 415)
(415 : 414)
(131 : 110)
(110 : 109)
(124 : 123)
(123 : 102)
(254 : 236)
(13 : 26)
(26 : 25)
(216 : 197)
(386 : 387)
(25 : 42)
(315 : 314)
(314 : 342)
(130 : 151)
(236 : 218)
(218 : 217)
(11 : 10)
(469 : 468)
(130 : 129)
(146 : 125)
(218 : 199)
(403 : 378)
(66 : 65)
(231 : 232)
(232 : 233)
(126 : 127)
(127 : 106)
(241 : 261)
(127 : 148)
(408 : 407)
(106 : 107)
(24 : 23)
(493 : 494)
(83 : 84)
(81 : 82)
(407 : 384)
(139 : 138)
(262 : 286)
(24 : 41)
(141 : 163)
(109 : 108)
(108 : 107)
(110 : 88)
(384 : 359)
(3 : 4)
(403 : 404)
(107 : 85)
(85 : 84)
(199 : 180)
(148 : 169)
(376 : 375)
(128 : 107)
(396 : 417)
(128 : 149)
(375 : 374)
(374 : 399)
(65 : 64)
(64 : 63)
(110 : 111)
(146 : 145)
(66 : 67)
(67 : 84)
(242 : 224)
(374 : 373)
(3 : 2)
(109 : 87)
(415 : 416)
(224 : 223)
(108 : 86)
(169 : 170)
(170 : 149)
(149 : 150)
(150 : 129)
(359 : 332)
(384 : 383)
(417 : 418)
(140 : 162)
(64 : 48)
(399 : 398)
(398 : 373)
(41 : 40)
(40 : 23)
(386 : 361)
(361 : 360)
(2 : 1)
(1 : 10)
(418 : 437)
(1 : 0)
(436 : 437)
(300 : 299)
(231 : 213)
(86 : 69)
(26 : 43)
(43 : 42)
(248 : 247)
(232 : 214)
(214 : 213)
(69 : 53)
(111 : 89)
(89 : 88)
(375 : 348)
(396 : 371)
(371 : 370)
(377 : 350)
(254 : 255)
(437 : 458)
(416 : 435)
(435 : 436)
(373 : 346)
(437 : 438)
(314 : 288)
(214 : 195)
(350 : 349)
(414 : 433)
(53 : 37)
(346 : 347)
(347 : 348)
(89 : 72)
(223 : 204)
(422 : 421)
(273 : 272)
(117 : 95)
(131 : 132)
(132 : 111)
(231 : 230)
(332 : 305)
(85 : 68)
(68 : 69)
(492 : 499)
(438 : 439)
(371 : 344)
(230 : 229)
(500 : 506)
(378 : 351)
(351 : 350)
(439 : 420)
(387 : 410)
(286 : 285)
(469 : 450)
(215 : 196)
(196 : 195)
(142 : 119)
(492 : 491)
(229 : 228)
(351 : 352)
(315 : 316)
(316 : 344)
(286 : 312)
(350 : 322)
(302 : 303)
(332 : 331)
(170 : 171)
(171 : 150)
(332 : 333)
(333 : 360)
(87 : 70)
(359 : 358)
(407 : 406)
(406 : 383)
(285 : 311)
(303 : 278)
(278 : 279)
(89 : 90)
(151 : 172)
(371 : 372)
(372 : 373)
(418 : 397)
(397 : 398)
(118 : 96)
(96 : 95)
(88 : 71)
(71 : 70)
(302 : 329)
(468 : 467)
(333 : 334)
(334 : 361)
(23 : 22)
(459 : 438)
(132 : 153)
(351 : 323)
(323 : 322)
(404 : 405)
(147 : 168)
(169 : 188)
(213 : 212)
(213 : 194)
(194 : 195)
(42 : 59)
(499 : 498)
(119 : 97)
(43 : 44)
(348 : 320)
(458 : 476)
(146 : 167)
(347 : 319)
(319 : 320)
(59 : 60)
(433 : 434)
(387 : 362)
(388 : 363)
(363 : 362)
(450 : 451)
(312 : 340)
(241 : 240)
(422 : 441)
(285 : 284)
(196 : 178)
(398 : 419)
(419 : 418)
(494 : 501)
(65 : 49)
(49 : 48)
(66 : 50)
(50 : 49)
(378 : 379)
(379 : 352)
(379 : 404)
(288 : 287)
(441 : 440)
(440 : 421)
(195 : 177)
(177 : 178)
(506 : 505)
(491 : 490)
(224 : 205)
(340 : 339)
(60 : 61)
(61 : 44)
(340 : 367)
(440 : 461)
(459 : 477)
(228 : 227)
(248 : 271)
(205 : 183)
(299 : 298)
(298 : 273)
(352 : 324)
(162 : 161)
(451 : 470)
(168 : 187)
(187 : 188)
(123 : 144)
(144 : 145)
(485 : 484)
(311 : 310)
(310 : 284)
(506 : 507)
(310 : 338)
(476 : 475)
(475 : 457)
(71 : 55)
(172 : 190)
(26 : 27)
(217 : 198)
(404 : 425)
(236 : 237)
(240 : 222)
(68 : 52)
(48 : 47)
(334 : 307)
(292 : 267)
(219 : 200)
(200 : 199)
(279 : 280)
(425 : 444)
(153 : 154)
(483 : 468)
(467 : 466)
(314 : 313)
(60 : 78)
(338 : 337)
(142 : 164)
(164 : 163)
(451 : 431)
(431 : 409)
(171 : 189)
(345 : 317)
(317 : 316)
(52 : 51)
(51 : 67)
(44 : 45)
(219 : 220)
(337 : 336)
(444 : 443)
(255 : 256)
(256 : 238)
(238 : 220)
(119 : 120)
(120 : 143)
(22 : 9)
(9 : 0)
(451 : 452)
(452 : 471)
(280 : 257)
(450 : 449)
(167 : 166)
(166 : 145)
(95 : 94)
(507 : 508)
(271 : 270)
(315 : 289)
(271 : 296)
(439 : 460)
(298 : 325)
(50 : 34)
(34 : 33)
(477 : 488)
(270 : 269)
(180 : 160)
(160 : 161)
(425 : 426)
(471 : 486)
(486 : 485)
(304 : 331)
(13 : 14)
(457 : 456)
(456 : 435)
(144 : 165)
(48 : 32)
(240 : 260)
(260 : 261)
(131 : 152)
(152 : 151)
(488 : 489)
(489 : 478)
(334 : 335)
(120 : 98)
(98 : 97)
(153 : 174)
(70 : 54)
(54 : 53)
(115 : 116)
(116 : 94)
(116 : 117)
(160 : 159)
(426 : 445)
(483 : 482)
(482 : 491)
(426 : 427)
(287 : 263)
(120 : 121)
(27 : 28)
(194 : 193)
(193 : 212)
(178 : 157)
(14 : 15)
(15 : 28)
(498 : 497)
(497 : 490)
(212 : 211)
(211 : 210)
(211 : 229)
(408 : 430)
(430 : 450)
(115 : 93)
(461 : 479)
(479 : 478)
(497 : 496)
(15 : 6)
(121 : 122)
(449 : 448)
(59 : 77)
(77 : 78)
(292 : 291)
(200 : 201)
(222 : 221)
(15 : 16)
(433 : 454)
(331 : 330)
(240 : 239)
(329 : 328)
(501 : 502)
(502 : 508)
(152 : 173)
(173 : 174)
(188 : 206)
(247 : 246)
(201 : 182)
(182 : 162)
(93 : 92)
(159 : 158)
(367 : 366)
(40 : 57)
(266 : 267)
(95 : 75)
(307 : 308)
(317 : 318)
(318 : 291)
(318 : 319)
(423 : 442)
(32 : 17)
(197 : 179)
(296 : 295)
(295 : 322)
(167 : 186)
(94 : 74)
(157 : 156)
(366 : 391)
(289 : 264)
(22 : 21)
(32 : 31)
(239 : 259)
(194 : 176)
(176 : 177)
(193 : 175)
(175 : 154)
(448 : 428)
(428 : 406)
(428 : 429)
(475 : 474)
(200 : 181)
(181 : 182)
(490 : 481)
(328 : 301)
(301 : 276)
(305 : 306)
(246 : 245)
(245 : 227)
(245 : 244)
(388 : 389)
(154 : 133)
(133 : 132)
(324 : 297)
(297 : 272)
(297 : 296)
(337 : 309)
(309 : 310)
(159 : 137)
(137 : 138)
(329 : 356)
(306 : 281)
(281 : 280)
(78 : 79)
(6 : 5)
(61 : 62)
(186 : 185)
(352 : 353)
(299 : 326)
(52 : 36)
(227 : 209)
(209 : 190)
(193 : 192)
(391 : 390)
(388 : 411)
(411 : 410)
(210 : 191)
(191 : 173)
(191 : 192)
(471 : 472)
(77 : 76)
(475 : 487)
(115 : 114)
(114 : 137)
(154 : 155)
(133 : 112)
(112 : 111)
(434 : 455)
(221 : 203)
(55 : 39)
(486 : 495)
(495 : 494)
(495 : 502)
(98 : 99)
(99 : 78)
(330 : 357)
(357 : 358)
(445 : 446)
(391 : 392)
(206 : 207)
(481 : 480)
(502 : 503)
(28 : 29)
(245 : 268)
(268 : 269)
(391 : 412)
(295 : 294)
(294 : 269)
(266 : 243)
(243 : 244)
(452 : 432)
(432 : 410)
(432 : 431)
(441 : 462)
(289 : 290)
(93 : 73)
(328 : 355)
(454 : 473)
(266 : 265)
(92 : 91)
(57 : 56)
(383 : 382)
(51 : 35)
(268 : 293)
(293 : 320)
(244 : 226)
(226 : 227)
(8 : 9)
(320 : 321)
(321 : 349)
(442 : 463)
(155 : 134)
(452 : 453)
(35 : 18)
(446 : 465)
(201 : 202)
(45 : 46)
(99 : 100)
(100 : 122)
(157 : 135)
(226 : 208)
(208 : 209)
(37 : 20)
(165 : 184)
(308 : 282)
(392 : 413)
(413 : 412)
(135 : 113)
(355 : 380)
(389 : 364)
(353 : 354)
(354 : 326)
(6 : 7)
(364 : 365)
(365 : 338)
(226 : 225)
(36 : 19)
(19 : 20)
(498 : 504)
(59 : 58)
(58 : 41)
(58 : 57)
(448 : 447)
(447 : 466)
(257 : 258)
(158 : 136)
(100 : 101)
(380 : 381)
(381 : 356)
(381 : 382)
(508 : 509)
(29 : 30)
(445 : 464)
(37 : 38)
(309 : 283)
(300 : 327)
(327 : 328)
(2 : 10)
(3 : 11)
(7 : 15)
(21 : 9)
(12 : 24)
(12 : 26)
(14 : 26)
(15 : 27)
(19 : 37)
(25 : 41)
(32 : 47)
(42 : 58)
(43 : 59)
(44 : 60)
(63 : 48)
(67 : 52)
(54 : 69)
(55 : 70)
(83 : 67)
(72 : 88)
(75 : 94)
(79 : 99)
(81 : 102)
(103 : 82)
(82 : 105)
(86 : 107)
(87 : 108)
(89 : 112)
(94 : 115)
(99 : 120)
(100 : 121)
(127 : 107)
(114 : 138)
(117 : 139)
(142 : 120)
(124 : 144)
(146 : 126)
(130 : 150)
(132 : 152)
(134 : 154)
(137 : 158)
(138 : 159)
(140 : 161)
(141 : 162)
(148 : 168)
(149 : 169)
(152 : 172)
(154 : 174)
(157 : 177)
(162 : 181)
(167 : 185)
(168 : 188)
(174 : 191)
(176 : 193)
(181 : 199)
(192 : 210)
(196 : 214)
(197 : 215)
(199 : 217)
(199 : 219)
(201 : 219)
(205 : 223)
(210 : 227)
(228 : 211)
(212 : 229)
(217 : 234)
(218 : 235)
(224 : 241)
(227 : 246)
(231 : 248)
(233 : 250)
(251 : 234)
(236 : 253)
(240 : 259)
(261 : 242)
(246 : 268)
(249 : 271)
(250 : 272)
(262 : 285)
(266 : 292)
(269 : 293)
(271 : 297)
(273 : 297)
(273 : 299)
(277 : 301)
(278 : 302)
(281 : 305)
(284 : 309)
(288 : 313)
(289 : 314)
(290 : 315)
(291 : 319)
(326 : 300)
(302 : 328)
(331 : 305)
(332 : 306)
(308 : 334)
(316 : 343)
(316 : 345)
(318 : 345)
(346 : 319)
(321 : 348)
(357 : 331)
(332 : 358)
(338 : 364)
(342 : 368)
(342 : 370)
(348 : 374)
(351 : 377)
(362 : 386)
(387 : 363)
(367 : 391)
(372 : 396)
(373 : 397)
(375 : 399)
(376 : 402)
(393 : 415)
(395 : 415)
(396 : 418)
(402 : 422)
(405 : 425)
(428 : 407)
(436 : 418)
(444 : 426)
(429 : 448)
(431 : 450)
(434 : 454)
(437 : 457)
(458 : 438)
(441 : 461)
(446 : 464)
(451 : 469)
(470 : 452)
(453 : 471)
(457 : 474)
(475 : 458)
(468 : 482)
(468 : 484)
(477 : 489)
(482 : 490)
(484 : 494)
(492 : 500)
(494 : 500)
(500 : 505)
