8482.0
9
10
291 505 28 407 129 280 425 413 146 135 
51.0 48.0 64.0 28.0 21.0 90.0 34.0 10.0 69.0 21.0 18.0 67.0 60.0 23.0 9.0 89.0 84.0 36.0 74.0 58.0 0.0 21.0 61.0 15.0 25.0 87.0 9.0 79.0 5.0 82.0 0.0 67.0 78.0 37.0 42.0 48.0 8.0 28.0 46.0 44.0 53.0 84.0 25.0 52.0 41.0 92.0 85.0 34.0 57.0 41.0 51.0 41.0 71.0 8.0 25.0 20.0 79.0 6.0 35.0 37.0 42.0 12.0 63.0 11.0 25.0 17.0 43.0 30.0 9.0 27.0 23.0 57.0 97.0 16.0 64.0 82.0 24.0 28.0 5.0 17.0 88.0 78.0 60.0 47.0 2.0 69.0 47.0 59.0 30.0 65.0 53.0 92.0 83.0 46.0 17.0 30.0 33.0 25.0 1.0 65.0 67.0 27.0 68.0 11.0 87.0 28.0 94.0 40.0 81.0 50.0 20.0 55.0 19.0 28.0 78.0 65.0 15.0 98.0 65.0 79.0 39.0 87.0 65.0 53.0 26.0 85.0 5.0 36.0 5.0 88.0 5.0 18.0 11.0 15.0 60.0 7.0 84.0 38.0 29.0 45.0 84.0 5.0 16.0 81.0 6.0 34.0 73.0 31.0 13.0 75.0 3.0 21.0 33.0 40.0 52.0 46.0 1.0 49.0 4.0 25.0 84.0 99.0 58.0 6.0 23.0 22.0 58.0 27.0 85.0 82.0 71.0 51.0 49.0 84.0 99.0 10.0 55.0 37.0 27.0 65.0 7.0 13.0 35.0 22.0 24.0 7.0 82.0 83.0 79.0 67.0 70.0 6.0 52.0 15.0 61.0 89.0 30.0 40.0 23.0 94.0 3.0 41.0 81.0 75.0 8.0 78.0 93.0 35.0 83.0 42.0 84.0 25.0 67.0 41.0 70.0 38.0 52.0 84.0 29.0 53.0 5.0 80.0 5.0 56.0 58.0 86.0 18.0 97.0 19.0 60.0 67.0 58.0 72.0 5.0 63.0 52.0 12.0 41.0 74.0 41.0 8.0 9.0 21.0 95.0 7.0 5.0 68.0 92.0 54.0 0.0 32.0 31.0 63.0 84.0 49.0 7.0 67.0 6.0 73.0 70.0 78.0 43.0 27.0 12.0 82.0 52.0 84.0 12.0 45.0 0.0 27.0 53.0 59.0 60.0 38.0 93.0 83.0 2.0 68.0 54.0 62.0 58.0 70.0 25.0 53.0 89.0 0.0 45.0 35.0 89.0 67.0 34.0 64.0 9.0 64.0 24.0 34.0 55.0 8.0 81.0 81.0 68.0 22.0 3.0 19.0 25.0 86.0 3.0 23.0 30.0 57.0 34.0 16.0 9.0 60.0 39.0 11.0 0.0 52.0 44.0 9.0 71.0 21.0 0.0 91.0 54.0 86.0 5.0 21.0 15.0 65.0 11.0 47.0 97.0 20.0 21.0 83.0 1.0 9.0 38.0 81.0 71.0 54.0 12.0 14.0 47.0 91.0 61.0 34.0 36.0 67.0 21.0 56.0 33.0 45.0 77.0 48.0 96.0 99.0 91.0 37.0 22.0 39.0 33.0 26.0 52.0 8.0 58.0 49.0 43.0 15.0 20.0 18.0 92.0 18.0 84.0 78.0 24.0 70.0 83.0 45.0 55.0 67.0 20.0 9.0 57.0 69.0 28.0 41.0 36.0 79.0 57.0 6.0 31.0 81.0 34.0 79.0 7.0 46.0 25.0 31.0 78.0 73.0 93.0 2.0 78.0 92.0 41.0 49.0 3.0 3.0 37.0 78.0 27.0 50.0 15.0 45.0 99.0 5.0 35.0 57.0 54.0 72.0 58.0 41.0 76.0 51.0 58.0 89.0 67.0 55.0 65.0 95.0 43.0 32.0 53.0 36.0 84.0 57.0 64.0 7.0 21.0 95.0 63.0 86.0 7.0 33.0 39.0 85.0 92.0 27.0 99.0 57.0 25.0 17.0 84.0 25.0 98.0 82.0 38.0 39.0 20.0 17.0 45.0 22.0 47.0 70.0 10.0 17.0 13.0 21.0 52.0 15.0 87.0 78.0 99.0 78.0 57.0 22.0 46.0 19.0 70.0 83.0 60.0 91.0 58.0 95.0 53.0 17.0 5.0 67.0 45.0 3.0 7.0 7.0 73.0 0.0 63.0 59.0 72.0 
(280 : 281)
(425 : 426)
(413 : 414)
(129 : 105)
(407 : 406)
(407 : 408)
(413 : 391)
(280 : 279)
(407 : 385)
(414 : 392)
(28 : 29)
(505 : 499)
(29 : 17)
(505 : 506)
(425 : 424)
(135 : 134)
(135 : 161)
(134 : 133)
(408 : 386)
(386 : 385)
(146 : 121)
(279 : 278)
(105 : 83)
(146 : 145)
(280 : 301)
(407 : 431)
(160 : 134)
(392 : 368)
(392 : 393)
(291 : 270)
(29 : 42)
(17 : 18)
(270 : 251)
(301 : 302)
(408 : 432)
(432 : 431)
(386 : 362)
(280 : 261)
(431 : 430)
(430 : 406)
(261 : 260)
(431 : 451)
(292 : 271)
(17 : 16)
(278 : 259)
(259 : 260)
(430 : 450)
(271 : 252)
(135 : 136)
(408 : 409)
(403 : 378)
(432 : 433)
(368 : 344)
(83 : 82)
(301 : 326)
(161 : 189)
(452 : 432)
(18 : 6)
(82 : 81)
(81 : 63)
(81 : 103)
(103 : 104)
(378 : 377)
(145 : 144)
(251 : 229)
(506 : 500)
(6 : 7)
(5 : 17)
(136 : 112)
(413 : 412)
(302 : 303)
(134 : 110)
(451 : 469)
(303 : 328)
(270 : 269)
(146 : 147)
(261 : 242)
(242 : 241)
(279 : 300)
(240 : 241)
(499 : 498)
(121 : 120)
(500 : 490)
(452 : 470)
(470 : 469)
(43 : 61)
(391 : 367)
(367 : 368)
(112 : 111)
(160 : 159)
(159 : 133)
(104 : 128)
(368 : 369)
(414 : 415)
(160 : 188)
(188 : 189)
(110 : 88)
(128 : 154)
(302 : 327)
(425 : 446)
(251 : 250)
(393 : 394)
(111 : 89)
(89 : 88)
(369 : 345)
(424 : 423)
(172 : 171)
(171 : 144)
(7 : 19)
(44 : 31)
(121 : 100)
(326 : 325)
(362 : 361)
(258 : 257)
(7 : 8)
(240 : 217)
(147 : 174)
(28 : 27)
(325 : 324)
(433 : 434)
(291 : 313)
(154 : 153)
(325 : 348)
(129 : 130)
(5 : 4)
(324 : 323)
(16 : 15)
(15 : 27)
(154 : 155)
(155 : 129)
(414 : 438)
(261 : 262)
(262 : 281)
(446 : 445)
(324 : 347)
(240 : 239)
(239 : 258)
(469 : 468)
(490 : 477)
(103 : 127)
(127 : 153)
(127 : 128)
(345 : 346)
(346 : 323)
(206 : 179)
(505 : 504)
(110 : 109)
(20 : 8)
(291 : 290)
(63 : 47)
(500 : 501)
(324 : 299)
(299 : 278)
(469 : 482)
(498 : 488)
(488 : 489)
(153 : 181)
(409 : 387)
(387 : 386)
(171 : 170)
(147 : 122)
(256 : 237)
(347 : 371)
(147 : 148)
(8 : 9)
(144 : 143)
(143 : 170)
(409 : 410)
(312 : 313)
(303 : 304)
(258 : 277)
(277 : 278)
(413 : 437)
(64 : 63)
(313 : 334)
(179 : 180)
(250 : 228)
(228 : 229)
(450 : 449)
(61 : 60)
(60 : 42)
(281 : 282)
(282 : 303)
(367 : 343)
(64 : 48)
(327 : 350)
(385 : 384)
(387 : 363)
(156 : 130)
(299 : 298)
(412 : 390)
(206 : 205)
(205 : 228)
(490 : 491)
(482 : 481)
(481 : 468)
(206 : 207)
(269 : 268)
(406 : 405)
(42 : 41)
(109 : 108)
(282 : 263)
(445 : 444)
(361 : 360)
(424 : 402)
(402 : 377)
(402 : 403)
(217 : 193)
(505 : 508)
(27 : 26)
(9 : 10)
(229 : 230)
(230 : 207)
(437 : 436)
(256 : 255)
(468 : 467)
(108 : 86)
(137 : 163)
(112 : 90)
(193 : 165)
(343 : 342)
(508 : 507)
(370 : 346)
(370 : 394)
(438 : 439)
(403 : 404)
(180 : 152)
(159 : 158)
(9 : 21)
(26 : 14)
(218 : 241)
(29 : 30)
(30 : 18)
(30 : 31)
(449 : 429)
(429 : 405)
(143 : 142)
(437 : 457)
(142 : 141)
(436 : 435)
(122 : 123)
(371 : 372)
(256 : 275)
(130 : 106)
(152 : 151)
(86 : 68)
(367 : 366)
(109 : 87)
(423 : 422)
(313 : 314)
(314 : 292)
(255 : 254)
(112 : 113)
(113 : 137)
(238 : 237)
(238 : 239)
(350 : 351)
(405 : 383)
(142 : 117)
(456 : 436)
(498 : 497)
(497 : 487)
(170 : 169)
(371 : 395)
(312 : 311)
(311 : 289)
(289 : 290)
(144 : 119)
(60 : 59)
(141 : 116)
(116 : 117)
(304 : 305)
(262 : 243)
(445 : 463)
(64 : 65)
(65 : 83)
(314 : 335)
(383 : 359)
(311 : 332)
(289 : 288)
(174 : 173)
(173 : 146)
(100 : 77)
(123 : 102)
(172 : 200)
(348 : 349)
(349 : 350)
(152 : 126)
(77 : 76)
(311 : 310)
(137 : 138)
(243 : 244)
(244 : 263)
(255 : 236)
(200 : 199)
(236 : 235)
(76 : 75)
(388 : 389)
(389 : 390)
(193 : 192)
(192 : 216)
(345 : 322)
(126 : 125)
(487 : 486)
(130 : 131)
(328 : 329)
(329 : 304)
(349 : 373)
(373 : 372)
(457 : 472)
(497 : 496)
(282 : 283)
(283 : 304)
(100 : 99)
(4 : 3)
(3 : 15)
(165 : 166)
(87 : 69)
(69 : 68)
(344 : 321)
(321 : 320)
(179 : 178)
(178 : 205)
(335 : 358)
(320 : 295)
(216 : 215)
(215 : 238)
(161 : 162)
(174 : 202)
(412 : 411)
(411 : 389)
(411 : 410)
(295 : 274)
(274 : 275)
(237 : 214)
(214 : 215)
(310 : 309)
(65 : 49)
(254 : 273)
(119 : 118)
(118 : 143)
(446 : 464)
(86 : 85)
(68 : 67)
(263 : 264)
(69 : 52)
(52 : 51)
(20 : 32)
(264 : 245)
(329 : 352)
(352 : 351)
(85 : 84)
(47 : 36)
(69 : 70)
(70 : 88)
(426 : 447)
(447 : 446)
(212 : 211)
(116 : 95)
(119 : 98)
(98 : 75)
(447 : 448)
(36 : 24)
(181 : 182)
(90 : 91)
(91 : 113)
(84 : 66)
(131 : 157)
(312 : 333)
(218 : 194)
(373 : 397)
(497 : 503)
(503 : 504)
(194 : 195)
(333 : 356)
(141 : 168)
(168 : 169)
(36 : 37)
(366 : 365)
(397 : 398)
(398 : 374)
(351 : 375)
(375 : 374)
(277 : 276)
(157 : 185)
(131 : 107)
(107 : 85)
(14 : 13)
(356 : 357)
(156 : 184)
(174 : 175)
(175 : 148)
(163 : 191)
(148 : 149)
(359 : 336)
(254 : 253)
(159 : 187)
(360 : 337)
(337 : 336)
(438 : 458)
(244 : 221)
(187 : 186)
(221 : 197)
(197 : 169)
(250 : 249)
(249 : 268)
(182 : 183)
(183 : 155)
(211 : 234)
(234 : 235)
(89 : 71)
(123 : 124)
(124 : 149)
(309 : 308)
(264 : 265)
(95 : 94)
(108 : 132)
(132 : 131)
(478 : 491)
(212 : 213)
(213 : 189)
(41 : 40)
(372 : 396)
(170 : 198)
(71 : 54)
(90 : 72)
(91 : 73)
(73 : 72)
(503 : 502)
(502 : 496)
(173 : 201)
(201 : 200)
(288 : 287)
(32 : 33)
(33 : 21)
(396 : 418)
(221 : 220)
(288 : 267)
(459 : 458)
(491 : 492)
(24 : 12)
(308 : 307)
(116 : 115)
(77 : 78)
(21 : 22)
(477 : 465)
(465 : 447)
(363 : 340)
(340 : 339)
(70 : 53)
(53 : 52)
(53 : 54)
(214 : 190)
(190 : 162)
(24 : 25)
(25 : 37)
(418 : 419)
(419 : 397)
(439 : 440)
(320 : 319)
(357 : 381)
(283 : 284)
(275 : 296)
(296 : 295)
(249 : 248)
(248 : 267)
(67 : 50)
(50 : 51)
(61 : 79)
(175 : 176)
(176 : 149)
(423 : 401)
(401 : 400)
(401 : 402)
(365 : 341)
(211 : 210)
(210 : 186)
(117 : 96)
(79 : 80)
(76 : 58)
(58 : 40)
(394 : 416)
(416 : 440)
(395 : 417)
(417 : 416)
(417 : 418)
(197 : 196)
(388 : 364)
(100 : 101)
(165 : 164)
(482 : 483)
(459 : 473)
(44 : 45)
(310 : 331)
(141 : 140)
(140 : 115)
(361 : 338)
(338 : 339)
(185 : 209)
(3 : 2)
(381 : 380)
(58 : 57)
(178 : 177)
(177 : 176)
(337 : 316)
(316 : 315)
(210 : 233)
(233 : 234)
(487 : 475)
(91 : 92)
(463 : 462)
(462 : 475)
(94 : 93)
(422 : 443)
(443 : 444)
(248 : 226)
(226 : 227)
(209 : 208)
(208 : 184)
(454 : 455)
(455 : 435)
(455 : 456)
(377 : 354)
(245 : 246)
(296 : 297)
(297 : 276)
(297 : 322)
(198 : 222)
(45 : 46)
(46 : 33)
(178 : 150)
(307 : 306)
(306 : 305)
(168 : 167)
(167 : 195)
(98 : 97)
(200 : 223)
(115 : 114)
(97 : 74)
(398 : 399)
(399 : 375)
(358 : 382)
(382 : 381)
(456 : 471)
(471 : 472)
(426 : 427)
(338 : 317)
(317 : 316)
(399 : 421)
(421 : 422)
(380 : 379)
(339 : 318)
(318 : 317)
(466 : 465)
(317 : 293)
(12 : 0)
(478 : 479)
(295 : 294)
(294 : 319)
(22 : 23)
(440 : 460)
(460 : 459)
(329 : 330)
(44 : 62)
(62 : 61)
(62 : 80)
(472 : 484)
(508 : 509)
(462 : 461)
(489 : 476)
(476 : 477)
(73 : 56)
(165 : 139)
(139 : 138)
(266 : 247)
(247 : 248)
(460 : 474)
(33 : 34)
(308 : 286)
(226 : 225)
(225 : 247)
(233 : 232)
(226 : 204)
(496 : 495)
(400 : 376)
(376 : 375)
(332 : 355)
(355 : 356)
(201 : 224)
(433 : 453)
(453 : 454)
(467 : 480)
(480 : 481)
(34 : 35)
(35 : 23)
(418 : 441)
(273 : 272)
(202 : 203)
(10 : 11)
(11 : 23)
(56 : 55)
(55 : 54)
(427 : 428)
(56 : 39)
(419 : 420)
(420 : 421)
(483 : 493)
(284 : 285)
(285 : 306)
(49 : 38)
(38 : 37)
(208 : 231)
(231 : 232)
(330 : 353)
(353 : 354)
(493 : 494)
(13 : 1)
(442 : 421)
(218 : 219)
(219 : 195)
(219 : 242)
(495 : 485)
(485 : 486)
(5 : 18)
(19 : 8)
(15 : 26)
(17 : 28)
(21 : 32)
(23 : 34)
(31 : 43)
(33 : 45)
(42 : 59)
(60 : 43)
(61 : 44)
(48 : 65)
(50 : 68)
(52 : 68)
(54 : 70)
(63 : 82)
(65 : 82)
(69 : 86)
(70 : 87)
(75 : 97)
(78 : 100)
(82 : 103)
(86 : 107)
(88 : 109)
(96 : 116)
(100 : 120)
(107 : 130)
(108 : 131)
(111 : 134)
(111 : 136)
(136 : 113)
(122 : 146)
(129 : 154)
(155 : 130)
(131 : 156)
(134 : 161)
(136 : 161)
(139 : 164)
(141 : 167)
(171 : 145)
(152 : 179)
(154 : 181)
(155 : 182)
(160 : 187)
(162 : 189)
(170 : 197)
(172 : 199)
(173 : 200)
(174 : 201)
(175 : 202)
(180 : 206)
(188 : 213)
(197 : 220)
(201 : 223)
(229 : 207)
(208 : 232)
(215 : 239)
(217 : 241)
(221 : 243)
(248 : 227)
(236 : 254)
(237 : 255)
(237 : 257)
(238 : 258)
(240 : 260)
(241 : 261)
(243 : 261)
(247 : 267)
(248 : 268)
(250 : 268)
(258 : 276)
(258 : 278)
(259 : 279)
(261 : 279)
(264 : 282)
(269 : 291)
(277 : 297)
(298 : 278)
(280 : 300)
(284 : 304)
(289 : 312)
(291 : 312)
(291 : 314)
(299 : 323)
(302 : 326)
(303 : 327)
(305 : 329)
(311 : 331)
(312 : 332)
(314 : 334)
(324 : 346)
(347 : 325)
(326 : 348)
(330 : 352)
(338 : 360)
(362 : 340)
(345 : 368)
(345 : 370)
(349 : 372)
(350 : 375)
(352 : 375)
(358 : 381)
(362 : 387)
(368 : 391)
(372 : 395)
(388 : 411)
(393 : 414)
(397 : 418)
(397 : 420)
(399 : 420)
(400 : 421)
(400 : 423)
(402 : 425)
(406 : 429)
(413 : 436)
(414 : 437)
(415 : 438)
(442 : 422)
(422 : 444)
(427 : 447)
(451 : 432)
(433 : 452)
(453 : 434)
(438 : 459)
(440 : 459)
(447 : 464)
(465 : 448)
(456 : 472)
(465 : 478)
(470 : 482)
(477 : 489)
(490 : 478)
(479 : 491)
(486 : 495)
(487 : 496)
(487 : 498)
(498 : 489)
(500 : 491)
(498 : 503)
