9105.0
9
10
299 501 29 400 131 291 414 405 148 137 
29.0 44.0 87.0 27.0 87.0 33.0 0.0 16.0 64.0 46.0 88.0 2.0 48.0 48.0 63.0 46.0 1.0 83.0 95.0 51.0 10.0 34.0 72.0 73.0 66.0 17.0 49.0 99.0 17.0 1.0 95.0 16.0 67.0 84.0 84.0 5.0 54.0 25.0 47.0 69.0 68.0 47.0 94.0 86.0 86.0 4.0 80.0 47.0 57.0 86.0 49.0 84.0 7.0 68.0 69.0 48.0 32.0 21.0 46.0 41.0 13.0 87.0 52.0 21.0 4.0 10.0 90.0 24.0 57.0 1.0 75.0 71.0 4.0 56.0 64.0 93.0 22.0 51.0 56.0 45.0 33.0 31.0 19.0 23.0 23.0 96.0 85.0 79.0 92.0 92.0 83.0 22.0 48.0 40.0 94.0 93.0 91.0 55.0 96.0 95.0 73.0 3.0 84.0 71.0 8.0 32.0 96.0 45.0 13.0 12.0 90.0 72.0 61.0 73.0 25.0 33.0 10.0 7.0 20.0 34.0 14.0 58.0 30.0 11.0 61.0 59.0 99.0 86.0 13.0 18.0 71.0 13.0 35.0 77.0 94.0 85.0 42.0 99.0 67.0 71.0 29.0 32.0 25.0 20.0 38.0 92.0 44.0 86.0 75.0 31.0 68.0 72.0 8.0 83.0 56.0 69.0 86.0 18.0 0.0 12.0 25.0 10.0 2.0 31.0 4.0 83.0 68.0 78.0 8.0 27.0 63.0 2.0 98.0 16.0 58.0 61.0 17.0 1.0 18.0 87.0 11.0 17.0 4.0 92.0 5.0 16.0 22.0 3.0 67.0 70.0 70.0 14.0 10.0 30.0 65.0 47.0 72.0 34.0 77.0 76.0 91.0 29.0 22.0 95.0 91.0 0.0 82.0 85.0 30.0 79.0 76.0 33.0 65.0 32.0 12.0 2.0 56.0 46.0 87.0 60.0 3.0 84.0 13.0 66.0 60.0 53.0 10.0 25.0 86.0 57.0 76.0 91.0 17.0 96.0 5.0 85.0 29.0 46.0 47.0 60.0 34.0 32.0 93.0 88.0 18.0 85.0 21.0 11.0 62.0 0.0 41.0 29.0 18.0 93.0 94.0 3.0 87.0 59.0 79.0 33.0 92.0 79.0 12.0 85.0 50.0 45.0 98.0 53.0 7.0 56.0 46.0 23.0 78.0 74.0 68.0 90.0 2.0 75.0 80.0 55.0 26.0 55.0 69.0 82.0 46.0 81.0 91.0 71.0 54.0 77.0 51.0 11.0 15.0 43.0 59.0 52.0 0.0 97.0 32.0 26.0 56.0 22.0 32.0 97.0 4.0 41.0 22.0 81.0 32.0 72.0 49.0 35.0 28.0 79.0 35.0 33.0 56.0 87.0 66.0 1.0 38.0 56.0 2.0 65.0 52.0 41.0 68.0 21.0 66.0 84.0 29.0 3.0 18.0 87.0 55.0 24.0 67.0 21.0 36.0 59.0 72.0 8.0 20.0 91.0 27.0 97.0 88.0 26.0 92.0 34.0 70.0 14.0 6.0 63.0 2.0 81.0 2.0 79.0 57.0 92.0 1.0 71.0 75.0 96.0 56.0 44.0 22.0 32.0 76.0 14.0 95.0 59.0 16.0 7.0 60.0 0.0 91.0 81.0 1.0 40.0 40.0 89.0 64.0 42.0 28.0 4.0 24.0 69.0 11.0 63.0 11.0 94.0 0.0 14.0 21.0 13.0 78.0 53.0 87.0 24.0 70.0 18.0 75.0 58.0 5.0 36.0 82.0 87.0 45.0 62.0 31.0 30.0 23.0 41.0 75.0 85.0 12.0 69.0 94.0 28.0 45.0 11.0 17.0 65.0 15.0 35.0 0.0 47.0 97.0 84.0 66.0 91.0 13.0 34.0 40.0 1.0 57.0 75.0 35.0 80.0 53.0 77.0 1.0 85.0 13.0 6.0 66.0 86.0 56.0 5.0 49.0 41.0 94.0 93.0 20.0 61.0 94.0 23.0 77.0 5.0 12.0 83.0 71.0 49.0 11.0 5.0 74.0 61.0 36.0 21.0 31.0 73.0 15.0 30.0 10.0 17.0 83.0 62.0 40.0 28.0 37.0 15.0 34.0 87.0 89.0 87.0 5.0 90.0 47.0 67.0 22.0 53.0 7.0 72.0 77.0 7.0 64.0 72.0 36.0 12.0 
(299 : 277)
(148 : 149)
(148 : 147)
(414 : 391)
(29 : 30)
(137 : 136)
(148 : 122)
(149 : 177)
(30 : 19)
(291 : 267)
(131 : 132)
(122 : 97)
(131 : 158)
(97 : 98)
(159 : 158)
(400 : 375)
(400 : 401)
(177 : 178)
(291 : 290)
(177 : 176)
(136 : 135)
(98 : 76)
(19 : 6)
(19 : 20)
(375 : 356)
(6 : 5)
(131 : 130)
(375 : 376)
(266 : 290)
(177 : 202)
(29 : 28)
(266 : 242)
(122 : 123)
(123 : 149)
(242 : 218)
(266 : 265)
(135 : 134)
(123 : 124)
(405 : 380)
(267 : 243)
(501 : 493)
(6 : 7)
(414 : 413)
(136 : 163)
(243 : 219)
(135 : 108)
(243 : 244)
(130 : 129)
(218 : 194)
(178 : 179)
(413 : 438)
(20 : 21)
(401 : 402)
(19 : 18)
(18 : 29)
(493 : 485)
(218 : 217)
(122 : 121)
(370 : 350)
(290 : 289)
(137 : 110)
(158 : 184)
(18 : 17)
(17 : 28)
(132 : 105)
(268 : 267)
(390 : 389)
(289 : 288)
(98 : 99)
(99 : 124)
(149 : 150)
(220 : 219)
(389 : 368)
(391 : 392)
(158 : 157)
(108 : 107)
(107 : 134)
(415 : 414)
(5 : 4)
(99 : 100)
(380 : 379)
(203 : 178)
(203 : 202)
(97 : 75)
(219 : 195)
(159 : 160)
(29 : 43)
(163 : 164)
(220 : 196)
(438 : 437)
(437 : 412)
(30 : 31)
(164 : 190)
(7 : 8)
(361 : 362)
(389 : 388)
(130 : 104)
(43 : 42)
(370 : 371)
(75 : 74)
(21 : 22)
(268 : 269)
(107 : 106)
(106 : 105)
(221 : 197)
(129 : 156)
(156 : 157)
(265 : 264)
(264 : 288)
(147 : 146)
(392 : 393)
(137 : 138)
(74 : 73)
(129 : 103)
(376 : 357)
(288 : 287)
(244 : 245)
(245 : 221)
(217 : 241)
(241 : 265)
(241 : 242)
(132 : 133)
(133 : 106)
(133 : 160)
(133 : 134)
(196 : 171)
(135 : 162)
(163 : 189)
(189 : 190)
(104 : 80)
(162 : 161)
(369 : 348)
(124 : 125)
(203 : 227)
(197 : 172)
(172 : 171)
(76 : 57)
(241 : 240)
(371 : 351)
(125 : 151)
(151 : 150)
(151 : 179)
(179 : 180)
(400 : 399)
(17 : 16)
(184 : 185)
(185 : 159)
(80 : 63)
(4 : 3)
(3 : 16)
(268 : 292)
(107 : 84)
(379 : 360)
(360 : 361)
(289 : 309)
(227 : 226)
(226 : 202)
(380 : 381)
(309 : 308)
(202 : 201)
(80 : 79)
(221 : 222)
(42 : 41)
(73 : 54)
(54 : 41)
(485 : 486)
(494 : 493)
(356 : 338)
(399 : 398)
(168 : 169)
(438 : 460)
(460 : 461)
(460 : 459)
(21 : 32)
(398 : 421)
(57 : 56)
(56 : 43)
(360 : 342)
(57 : 44)
(28 : 27)
(342 : 343)
(412 : 411)
(81 : 64)
(8 : 9)
(381 : 406)
(151 : 152)
(152 : 180)
(400 : 423)
(227 : 250)
(356 : 355)
(439 : 440)
(245 : 246)
(246 : 247)
(108 : 85)
(85 : 84)
(16 : 15)
(189 : 188)
(486 : 475)
(460 : 473)
(217 : 216)
(216 : 193)
(485 : 474)
(474 : 461)
(393 : 416)
(416 : 415)
(152 : 126)
(3 : 2)
(381 : 382)
(168 : 141)
(56 : 55)
(55 : 42)
(55 : 74)
(439 : 462)
(462 : 461)
(462 : 475)
(486 : 487)
(371 : 372)
(358 : 359)
(487 : 495)
(195 : 170)
(170 : 171)
(198 : 199)
(277 : 276)
(349 : 348)
(349 : 350)
(126 : 101)
(156 : 182)
(343 : 326)
(54 : 53)
(406 : 430)
(168 : 167)
(440 : 441)
(188 : 187)
(152 : 153)
(169 : 142)
(338 : 337)
(337 : 355)
(377 : 378)
(378 : 379)
(411 : 410)
(190 : 213)
(2 : 1)
(193 : 192)
(187 : 210)
(199 : 223)
(485 : 484)
(484 : 473)
(73 : 72)
(430 : 429)
(429 : 405)
(475 : 476)
(58 : 57)
(287 : 263)
(263 : 264)
(416 : 417)
(110 : 87)
(476 : 477)
(81 : 82)
(31 : 45)
(393 : 394)
(172 : 173)
(173 : 198)
(493 : 492)
(216 : 215)
(477 : 464)
(357 : 339)
(142 : 115)
(171 : 144)
(337 : 319)
(251 : 250)
(157 : 183)
(189 : 212)
(339 : 321)
(211 : 212)
(437 : 436)
(436 : 411)
(173 : 145)
(145 : 146)
(153 : 127)
(247 : 271)
(41 : 40)
(459 : 458)
(458 : 436)
(210 : 209)
(417 : 418)
(269 : 270)
(430 : 452)
(291 : 310)
(199 : 174)
(452 : 453)
(501 : 500)
(192 : 166)
(166 : 167)
(462 : 463)
(463 : 476)
(463 : 464)
(167 : 140)
(441 : 442)
(63 : 47)
(185 : 186)
(186 : 187)
(501 : 506)
(429 : 428)
(170 : 143)
(143 : 142)
(153 : 154)
(310 : 311)
(399 : 374)
(374 : 355)
(147 : 175)
(175 : 176)
(487 : 488)
(488 : 477)
(496 : 488)
(377 : 403)
(403 : 402)
(223 : 224)
(394 : 395)
(372 : 352)
(183 : 207)
(507 : 508)
(72 : 71)
(1 : 0)
(212 : 236)
(436 : 435)
(100 : 77)
(175 : 200)
(200 : 199)
(224 : 248)
(248 : 247)
(311 : 332)
(271 : 294)
(378 : 404)
(63 : 62)
(144 : 117)
(108 : 109)
(109 : 110)
(84 : 83)
(228 : 204)
(224 : 225)
(225 : 249)
(249 : 248)
(407 : 382)
(213 : 237)
(321 : 320)
(320 : 338)
(143 : 116)
(271 : 272)
(484 : 483)
(483 : 472)
(472 : 459)
(343 : 344)
(496 : 502)
(110 : 111)
(388 : 367)
(453 : 431)
(431 : 407)
(362 : 363)
(363 : 382)
(101 : 102)
(9 : 10)
(83 : 66)
(410 : 409)
(140 : 113)
(111 : 88)
(88 : 87)
(410 : 387)
(184 : 208)
(435 : 434)
(502 : 503)
(1 : 14)
(71 : 70)
(101 : 78)
(250 : 275)
(342 : 325)
(327 : 306)
(497 : 503)
(299 : 317)
(72 : 95)
(317 : 316)
(96 : 95)
(355 : 354)
(382 : 383)
(215 : 239)
(477 : 478)
(354 : 373)
(453 : 454)
(166 : 139)
(139 : 140)
(236 : 235)
(488 : 489)
(190 : 191)
(191 : 192)
(327 : 328)
(431 : 432)
(432 : 408)
(166 : 165)
(165 : 138)
(165 : 191)
(204 : 205)
(429 : 451)
(442 : 443)
(209 : 233)
(305 : 306)
(116 : 93)
(82 : 65)
(500 : 499)
(422 : 421)
(287 : 307)
(237 : 261)
(228 : 229)
(502 : 509)
(321 : 302)
(113 : 114)
(114 : 141)
(235 : 234)
(272 : 273)
(273 : 249)
(320 : 301)
(301 : 302)
(146 : 120)
(153 : 181)
(181 : 205)
(47 : 46)
(46 : 62)
(66 : 67)
(182 : 206)
(206 : 207)
(497 : 498)
(299 : 298)
(402 : 425)
(66 : 50)
(154 : 128)
(276 : 253)
(67 : 51)
(214 : 238)
(238 : 239)
(277 : 278)
(442 : 465)
(465 : 478)
(286 : 262)
(262 : 238)
(262 : 263)
(341 : 342)
(321 : 322)
(115 : 92)
(92 : 93)
(53 : 52)
(234 : 258)
(65 : 49)
(145 : 119)
(119 : 120)
(434 : 433)
(261 : 260)
(260 : 236)
(111 : 112)
(112 : 113)
(337 : 336)
(253 : 254)
(425 : 426)
(422 : 447)
(409 : 386)
(386 : 387)
(443 : 419)
(419 : 396)
(396 : 395)
(419 : 420)
(258 : 259)
(259 : 260)
(336 : 318)
(95 : 94)
(94 : 118)
(109 : 86)
(401 : 424)
(328 : 345)
(425 : 449)
(305 : 285)
(285 : 261)
(92 : 91)
(352 : 353)
(232 : 256)
(421 : 446)
(259 : 283)
(311 : 312)
(256 : 257)
(257 : 233)
(310 : 331)
(273 : 274)
(47 : 35)
(229 : 230)
(319 : 300)
(300 : 301)
(446 : 469)
(325 : 304)
(64 : 48)
(48 : 49)
(469 : 470)
(26 : 14)
(253 : 252)
(434 : 456)
(46 : 34)
(92 : 69)
(322 : 323)
(363 : 364)
(483 : 491)
(491 : 492)
(112 : 89)
(89 : 88)
(283 : 282)
(282 : 258)
(316 : 315)
(315 : 314)
(154 : 155)
(35 : 23)
(302 : 280)
(325 : 324)
(324 : 323)
(78 : 60)
(49 : 37)
(23 : 24)
(32 : 33)
(33 : 22)
(383 : 384)
(14 : 13)
(334 : 353)
(294 : 295)
(69 : 68)
(68 : 91)
(505 : 499)
(23 : 11)
(51 : 39)
(60 : 61)
(454 : 455)
(465 : 466)
(293 : 270)
(50 : 38)
(466 : 467)
(48 : 36)
(36 : 24)
(36 : 37)
(404 : 427)
(427 : 426)
(427 : 428)
(293 : 313)
(313 : 312)
(275 : 296)
(467 : 444)
(444 : 420)
(26 : 25)
(478 : 479)
(505 : 504)
(254 : 255)
(255 : 278)
(359 : 340)
(340 : 323)
(280 : 281)
(281 : 303)
(303 : 302)
(483 : 482)
(368 : 347)
(347 : 348)
(420 : 397)
(397 : 396)
(232 : 231)
(231 : 208)
(489 : 490)
(490 : 479)
(490 : 498)
(467 : 480)
(480 : 479)
(327 : 344)
(411 : 388)
(316 : 335)
(335 : 334)
(218 : 219)
(183 : 184)
(204 : 180)
(386 : 385)
(464 : 441)
(280 : 279)
(279 : 301)
(447 : 448)
(448 : 423)
(304 : 284)
(284 : 260)
(284 : 285)
(319 : 320)
(196 : 197)
(120 : 96)
(407 : 408)
(91 : 90)
(90 : 113)
(58 : 59)
(59 : 77)
(59 : 60)
(160 : 186)
(160 : 161)
(242 : 243)
(82 : 105)
(82 : 83)
(385 : 365)
(350 : 333)
(426 : 450)
(450 : 449)
(330 : 329)
(330 : 331)
(42 : 28)
(277 : 254)
(386 : 366)
(366 : 365)
(452 : 471)
(466 : 443)
(508 : 509)
(258 : 257)
(315 : 297)
(297 : 298)
(440 : 416)
(444 : 445)
(445 : 468)
(344 : 362)
(413 : 390)
(244 : 220)
(244 : 268)
(480 : 481)
(481 : 468)
(486 : 494)
(435 : 457)
(457 : 456)
(457 : 458)
(13 : 12)
(332 : 346)
(346 : 366)
(0 : 14)
(3 : 15)
(4 : 16)
(7 : 19)
(17 : 27)
(24 : 35)
(27 : 42)
(35 : 46)
(42 : 54)
(44 : 56)
(54 : 72)
(55 : 73)
(56 : 74)
(60 : 77)
(72 : 94)
(72 : 96)
(76 : 97)
(80 : 103)
(83 : 107)
(86 : 108)
(87 : 109)
(89 : 113)
(98 : 122)
(99 : 123)
(100 : 124)
(129 : 104)
(125 : 150)
(126 : 151)
(129 : 157)
(159 : 133)
(137 : 163)
(139 : 165)
(141 : 167)
(142 : 168)
(144 : 170)
(147 : 176)
(157 : 182)
(183 : 158)
(185 : 160)
(165 : 190)
(171 : 195)
(197 : 173)
(174 : 198)
(177 : 201)
(181 : 204)
(184 : 207)
(187 : 209)
(188 : 212)
(190 : 212)
(192 : 216)
(195 : 218)
(196 : 219)
(212 : 235)
(238 : 215)
(243 : 220)
(244 : 221)
(224 : 247)
(233 : 256)
(234 : 257)
(234 : 259)
(260 : 237)
(241 : 264)
(266 : 243)
(267 : 244)
(249 : 272)
(259 : 284)
(286 : 263)
(265 : 288)
(267 : 290)
(268 : 291)
(277 : 298)
(285 : 304)
(298 : 315)
(299 : 316)
(302 : 322)
(326 : 306)
(334 : 316)
(321 : 338)
(326 : 342)
(343 : 327)
(328 : 344)
(354 : 337)
(343 : 360)
(351 : 370)
(352 : 371)
(379 : 361)
(364 : 382)
(368 : 388)
(378 : 403)
(380 : 406)
(381 : 407)
(388 : 410)
(389 : 411)
(390 : 412)
(390 : 414)
(415 : 393)
(421 : 399)
(402 : 424)
(406 : 429)
(431 : 408)
(437 : 413)
(416 : 439)
(420 : 443)
(422 : 448)
(438 : 459)
(441 : 463)
(444 : 468)
(460 : 472)
(462 : 474)
(479 : 467)
(473 : 485)
(475 : 485)
(476 : 486)
(477 : 487)
(479 : 489)
(484 : 491)
(485 : 492)
(493 : 486)
(487 : 496)
(490 : 497)
(493 : 500)
(496 : 503)
