1811.0
5
20
121 161 69 139 90 117 145 141 95 91 125 112 211 18 165 74 38 181 217 23 
64.0 59.0 59.0 52.0 63.0 68.0 79.0 95.0 94.0 72.0 66.0 98.0 51.0 9.0 1.0 44.0 57.0 51.0 30.0 45.0 37.0 77.0 62.0 10.0 38.0 71.0 6.0 34.0 70.0 32.0 29.0 74.0 94.0 81.0 12.0 17.0 80.0 95.0 22.0 56.0 11.0 37.0 70.0 42.0 54.0 32.0 43.0 53.0 74.0 98.0 48.0 72.0 90.0 73.0 99.0 76.0 99.0 38.0 3.0 50.0 15.0 20.0 81.0 36.0 65.0 68.0 68.0 7.0 83.0 58.0 96.0 65.0 42.0 70.0 41.0 69.0 7.0 63.0 85.0 67.0 13.0 70.0 65.0 8.0 73.0 89.0 68.0 29.0 14.0 25.0 8.0 48.0 50.0 68.0 96.0 38.0 56.0 85.0 83.0 20.0 97.0 48.0 99.0 92.0 12.0 65.0 64.0 21.0 23.0 63.0 70.0 97.0 60.0 29.0 87.0 36.0 50.0 17.0 13.0 81.0 22.0 74.0 51.0 5.0 96.0 0.0 47.0 77.0 57.0 77.0 45.0 66.0 67.0 94.0 59.0 50.0 83.0 20.0 78.0 97.0 30.0 31.0 23.0 75.0 23.0 31.0 82.0 28.0 7.0 2.0 43.0 88.0 32.0 88.0 11.0 21.0 7.0 30.0 90.0 58.0 31.0 81.0 62.0 10.0 92.0 69.0 32.0 71.0 50.0 30.0 97.0 72.0 38.0 81.0 78.0 13.0 65.0 4.0 27.0 59.0 44.0 1.0 96.0 89.0 83.0 83.0 96.0 10.0 95.0 3.0 56.0 23.0 4.0 63.0 73.0 41.0 79.0 14.0 32.0 21.0 
(38 : 37)
(125 : 124)
(95 : 94)
(74 : 63)
(217 : 202)
(211 : 210)
(211 : 196)
(145 : 144)
(141 : 142)
(211 : 212)
(141 : 140)
(142 : 129)
(210 : 195)
(217 : 216)
(105 : 115)
(145 : 132)
(212 : 213)
(106 : 91)
(106 : 105)
(139 : 149)
(121 : 110)
(63 : 51)
(213 : 198)
(194 : 208)
(77 : 76)
(129 : 116)
(105 : 104)
(104 : 90)
(140 : 150)
(198 : 199)
(142 : 143)
(74 : 73)
(201 : 202)
(144 : 131)
(213 : 214)
(208 : 207)
(201 : 189)
(161 : 160)
(90 : 89)
(76 : 64)
(38 : 26)
(195 : 185)
(26 : 27)
(131 : 130)
(130 : 143)
(131 : 118)
(118 : 117)
(201 : 200)
(207 : 206)
(217 : 218)
(27 : 39)
(198 : 197)
(64 : 54)
(38 : 52)
(160 : 159)
(93 : 79)
(63 : 62)
(62 : 73)
(91 : 78)
(185 : 170)
(110 : 97)
(209 : 208)
(209 : 210)
(199 : 188)
(200 : 215)
(215 : 216)
(23 : 9)
(62 : 50)
(18 : 19)
(79 : 67)
(97 : 83)
(39 : 53)
(53 : 54)
(67 : 58)
(104 : 103)
(110 : 111)
(121 : 120)
(184 : 169)
(169 : 170)
(120 : 119)
(19 : 5)
(95 : 81)
(81 : 69)
(189 : 176)
(181 : 182)
(74 : 87)
(150 : 151)
(188 : 174)
(176 : 177)
(111 : 122)
(79 : 80)
(177 : 178)
(9 : 10)
(76 : 75)
(75 : 89)
(68 : 80)
(5 : 4)
(4 : 18)
(93 : 92)
(50 : 49)
(160 : 172)
(67 : 66)
(95 : 96)
(96 : 82)
(73 : 72)
(161 : 173)
(51 : 35)
(19 : 20)
(37 : 36)
(36 : 25)
(121 : 134)
(173 : 187)
(134 : 133)
(133 : 132)
(18 : 17)
(62 : 61)
(61 : 49)
(77 : 65)
(107 : 108)
(108 : 118)
(152 : 144)
(202 : 203)
(193 : 206)
(172 : 171)
(122 : 123)
(9 : 8)
(174 : 175)
(104 : 114)
(109 : 95)
(109 : 119)
(203 : 204)
(203 : 190)
(66 : 57)
(103 : 102)
(72 : 85)
(17 : 3)
(3 : 4)
(175 : 163)
(17 : 16)
(40 : 55)
(55 : 56)
(204 : 219)
(58 : 43)
(181 : 166)
(89 : 88)
(88 : 102)
(176 : 164)
(187 : 186)
(186 : 172)
(134 : 146)
(174 : 162)
(162 : 161)
(136 : 123)
(35 : 34)
(193 : 192)
(192 : 181)
(43 : 44)
(136 : 137)
(166 : 156)
(82 : 70)
(70 : 69)
(8 : 7)
(3 : 2)
(60 : 47)
(47 : 48)
(31 : 32)
(32 : 44)
(178 : 179)
(179 : 165)
(175 : 176)
(85 : 86)
(86 : 73)
(86 : 87)
(69 : 68)
(157 : 149)
(20 : 33)
(33 : 32)
(136 : 147)
(64 : 65)
(218 : 219)
(129 : 128)
(116 : 117)
(55 : 54)
(168 : 169)
(6 : 7)
(16 : 29)
(29 : 41)
(122 : 121)
(70 : 59)
(59 : 60)
(154 : 164)
(67 : 68)
(133 : 120)
(181 : 180)
(169 : 158)
(158 : 151)
(157 : 167)
(167 : 183)
(167 : 168)
(171 : 159)
(171 : 170)
(199 : 200)
(192 : 191)
(191 : 180)
(134 : 135)
(187 : 188)
(29 : 30)
(30 : 17)
(30 : 31)
(57 : 42)
(42 : 30)
(42 : 43)
(20 : 21)
(21 : 6)
(91 : 92)
(83 : 71)
(71 : 60)
(71 : 70)
(84 : 83)
(84 : 85)
(76 : 90)
(147 : 148)
(148 : 137)
(148 : 155)
(86 : 99)
(99 : 98)
(26 : 14)
(14 : 13)
(160 : 152)
(136 : 135)
(113 : 127)
(113 : 114)
(186 : 197)
(15 : 14)
(94 : 93)
(94 : 108)
(199 : 214)
(103 : 113)
(151 : 141)
(50 : 34)
(127 : 126)
(163 : 162)
(43 : 31)
(8 : 22)
(22 : 23)
(137 : 138)
(138 : 125)
(153 : 162)
(25 : 12)
(12 : 13)
(12 : 11)
(12 : 0)
(44 : 45)
(45 : 33)
(191 : 205)
(218 : 203)
(29 : 28)
(28 : 40)
(25 : 24)
(24 : 11)
(2 : 1)
(135 : 122)
(59 : 46)
(46 : 45)
(46 : 47)
(102 : 101)
(112 : 100)
(100 : 101)
(26 : 15)
(16 : 30)
(18 : 30)
(40 : 29)
(41 : 30)
(30 : 43)
(43 : 57)
(58 : 66)
(73 : 63)
(76 : 65)
(67 : 80)
(82 : 71)
(89 : 76)
(93 : 80)
(82 : 95)
(89 : 102)
(107 : 94)
(95 : 108)
(113 : 104)
(105 : 114)
(107 : 118)
(121 : 111)
(118 : 130)
(120 : 132)
(133 : 121)
(134 : 122)
(122 : 136)
(125 : 137)
(141 : 129)
(131 : 143)
(132 : 144)
(161 : 172)
(164 : 175)
(170 : 184)
(174 : 187)
(182 : 192)
(186 : 198)
(188 : 198)
(196 : 210)
(213 : 199)
(200 : 214)
(215 : 201)
