784.0
3
20
63 86 38 71 47 61 74 72 50 48 65 57 106 14 89 41 22 93 109 17 
87.0 36.0 31.0 42.0 80.0 80.0 92.0 80.0 71.0 22.0 80.0 48.0 31.0 16.0 73.0 31.0 29.0 4.0 35.0 69.0 57.0 90.0 36.0 63.0 52.0 8.0 3.0 16.0 58.0 19.0 72.0 60.0 7.0 39.0 52.0 58.0 59.0 30.0 60.0 13.0 94.0 53.0 8.0 53.0 76.0 36.0 34.0 51.0 41.0 50.0 5.0 8.0 85.0 4.0 94.0 35.0 11.0 6.0 26.0 92.0 38.0 62.0 97.0 72.0 8.0 31.0 10.0 44.0 66.0 40.0 42.0 89.0 5.0 33.0 37.0 62.0 67.0 40.0 21.0 92.0 32.0 40.0 98.0 72.0 59.0 81.0 22.0 72.0 93.0 76.0 4.0 4.0 61.0 67.0 95.0 65.0 8.0 16.0 13.0 29.0 
(109 : 99)
(57 : 45)
(64 : 63)
(72 : 84)
(57 : 56)
(61 : 49)
(49 : 50)
(64 : 52)
(109 : 108)
(84 : 85)
(85 : 86)
(45 : 44)
(44 : 56)
(38 : 39)
(74 : 75)
(73 : 61)
(73 : 85)
(48 : 60)
(60 : 61)
(86 : 87)
(60 : 59)
(44 : 32)
(16 : 15)
(15 : 14)
(57 : 69)
(72 : 60)
(72 : 71)
(72 : 73)
(47 : 35)
(39 : 27)
(27 : 16)
(52 : 40)
(40 : 39)
(93 : 92)
(99 : 98)
(98 : 87)
(56 : 55)
(56 : 68)
(50 : 62)
(62 : 74)
(86 : 97)
(97 : 98)
(86 : 74)
(59 : 58)
(14 : 5)
(89 : 77)
(77 : 65)
(93 : 82)
(93 : 103)
(99 : 88)
(48 : 36)
(36 : 35)
(52 : 53)
(53 : 41)
(99 : 100)
(93 : 94)
(45 : 33)
(65 : 66)
(36 : 24)
(45 : 46)
(14 : 13)
(92 : 81)
(81 : 82)
(54 : 66)
(108 : 116)
(17 : 18)
(82 : 70)
(70 : 69)
(70 : 71)
(82 : 83)
(83 : 94)
(33 : 21)
(21 : 22)
(75 : 76)
(76 : 64)
(76 : 88)
(94 : 95)
(36 : 37)
(46 : 34)
(35 : 23)
(87 : 88)
(38 : 26)
(26 : 15)
(22 : 11)
(39 : 51)
(63 : 62)
(116 : 115)
(85 : 96)
(47 : 46)
(47 : 59)
(109 : 110)
(110 : 100)
(115 : 107)
(107 : 108)
(32 : 20)
(20 : 21)
(23 : 12)
(12 : 13)
(81 : 69)
(75 : 63)
(49 : 37)
(95 : 105)
(25 : 14)
(105 : 104)
(104 : 103)
(53 : 65)
(53 : 54)
(100 : 101)
(49 : 48)
(37 : 25)
(37 : 38)
(107 : 97)
(27 : 28)
(28 : 40)
(80 : 79)
(83 : 71)
(83 : 84)
(108 : 98)
(32 : 31)
(31 : 43)
(68 : 67)
(67 : 79)
(22 : 34)
(117 : 118)
(118 : 110)
(97 : 96)
(15 : 6)
(25 : 26)
(18 : 19)
(77 : 78)
(105 : 113)
(113 : 112)
(96 : 106)
(28 : 29)
(117 : 109)
(106 : 114)
(12 : 3)
(33 : 32)
(27 : 26)
(81 : 80)
(113 : 114)
(33 : 34)
(5 : 4)
(3 : 2)
(28 : 17)
(21 : 10)
(18 : 8)
(40 : 41)
(103 : 102)
(4 : 0)
(23 : 22)
(76 : 77)
(87 : 75)
(54 : 42)
(29 : 30)
(30 : 19)
(30 : 42)
(18 : 29)
(11 : 2)
(79 : 90)
(110 : 111)
(13 : 24)
(6 : 1)
(8 : 9)
(111 : 119)
(16 : 7)
(80 : 91)
(91 : 92)
(9 : 18)
(12 : 22)
(12 : 24)
(13 : 25)
(26 : 16)
(16 : 28)
(28 : 18)
(33 : 22)
(34 : 23)
(35 : 24)
(25 : 36)
(40 : 29)
(43 : 32)
(44 : 33)
(35 : 46)
(35 : 48)
(40 : 51)
(40 : 53)
(53 : 42)
(47 : 58)
(59 : 48)
(60 : 49)
(50 : 61)
(52 : 65)
(65 : 54)
(56 : 67)
(63 : 76)
(65 : 76)
(66 : 77)
(81 : 70)
(71 : 84)
(85 : 74)
(77 : 88)
(90 : 80)
(80 : 92)
(84 : 94)
(86 : 98)
(87 : 99)
(103 : 94)
(97 : 106)
(112 : 105)
(106 : 113)
(107 : 116)
(116 : 109)
(117 : 110)
