4422.0
8
20
283 407 144 333 202 277 342 336 210 205 289 270 510 27 413 153 75 455 512 34 
94.0 60.0 67.0 26.0 34.0 62.0 93.0 40.0 35.0 21.0 52.0 41.0 66.0 91.0 46.0 14.0 93.0 50.0 27.0 57.0 42.0 47.0 23.0 54.0 28.0 38.0 33.0 55.0 61.0 59.0 89.0 92.0 25.0 34.0 61.0 18.0 58.0 30.0 39.0 81.0 98.0 76.0 0.0 71.0 35.0 74.0 91.0 51.0 35.0 0.0 64.0 39.0 57.0 5.0 28.0 40.0 8.0 74.0 39.0 55.0 84.0 75.0 14.0 17.0 89.0 76.0 20.0 24.0 69.0 67.0 10.0 27.0 58.0 36.0 54.0 28.0 37.0 96.0 72.0 42.0 70.0 73.0 4.0 14.0 14.0 39.0 0.0 98.0 36.0 33.0 0.0 10.0 80.0 39.0 69.0 43.0 33.0 0.0 28.0 63.0 64.0 33.0 74.0 30.0 39.0 10.0 96.0 91.0 8.0 99.0 54.0 39.0 66.0 27.0 65.0 82.0 60.0 21.0 84.0 98.0 32.0 46.0 31.0 3.0 80.0 28.0 53.0 45.0 1.0 16.0 11.0 92.0 62.0 43.0 65.0 46.0 79.0 30.0 45.0 30.0 15.0 58.0 24.0 66.0 37.0 95.0 41.0 48.0 52.0 13.0 0.0 65.0 13.0 94.0 13.0 97.0 77.0 49.0 84.0 41.0 11.0 9.0 90.0 74.0 68.0 68.0 77.0 68.0 81.0 49.0 95.0 13.0 6.0 6.0 66.0 91.0 80.0 14.0 28.0 60.0 91.0 20.0 99.0 75.0 18.0 87.0 95.0 94.0 40.0 23.0 43.0 21.0 55.0 40.0 69.0 78.0 66.0 45.0 91.0 90.0 3.0 82.0 81.0 30.0 81.0 83.0 75.0 17.0 39.0 98.0 66.0 63.0 74.0 73.0 56.0 87.0 47.0 56.0 20.0 36.0 50.0 98.0 39.0 5.0 26.0 70.0 42.0 0.0 36.0 22.0 26.0 94.0 56.0 55.0 68.0 48.0 90.0 4.0 76.0 1.0 94.0 22.0 10.0 88.0 73.0 30.0 74.0 85.0 32.0 73.0 78.0 9.0 57.0 84.0 8.0 23.0 66.0 14.0 26.0 8.0 92.0 27.0 7.0 62.0 42.0 95.0 64.0 88.0 55.0 62.0 89.0 97.0 69.0 34.0 29.0 59.0 37.0 9.0 26.0 57.0 32.0 94.0 82.0 93.0 65.0 13.0 23.0 21.0 45.0 17.0 18.0 13.0 52.0 55.0 69.0 13.0 8.0 34.0 65.0 27.0 15.0 49.0 6.0 26.0 77.0 0.0 20.0 27.0 23.0 38.0 15.0 93.0 54.0 34.0 73.0 22.0 44.0 23.0 43.0 93.0 58.0 55.0 82.0 71.0 25.0 88.0 80.0 65.0 29.0 41.0 10.0 27.0 4.0 5.0 91.0 69.0 78.0 62.0 62.0 27.0 47.0 39.0 60.0 12.0 92.0 57.0 42.0 74.0 63.0 74.0 74.0 36.0 52.0 58.0 51.0 96.0 29.0 37.0 86.0 23.0 12.0 80.0 82.0 89.0 42.0 91.0 19.0 83.0 68.0 28.0 80.0 69.0 67.0 28.0 7.0 8.0 1.0 98.0 87.0 90.0 51.0 78.0 71.0 29.0 76.0 67.0 67.0 15.0 35.0 7.0 91.0 91.0 33.0 95.0 13.0 28.0 63.0 86.0 25.0 47.0 93.0 89.0 46.0 37.0 80.0 48.0 65.0 29.0 89.0 10.0 85.0 11.0 82.0 63.0 45.0 43.0 57.0 7.0 37.0 33.0 27.0 91.0 53.0 9.0 86.0 13.0 28.0 76.0 56.0 11.0 87.0 32.0 88.0 54.0 97.0 32.0 58.0 20.0 69.0 73.0 35.0 30.0 1.0 44.0 82.0 55.0 14.0 70.0 2.0 86.0 13.0 35.0 0.0 86.0 5.0 16.0 74.0 82.0 9.0 15.0 46.0 80.0 28.0 89.0 36.0 15.0 79.0 27.0 95.0 27.0 67.0 15.0 39.0 77.0 9.0 55.0 68.0 95.0 68.0 78.0 19.0 28.0 6.0 2.0 70.0 35.0 10.0 34.0 9.0 21.0 86.0 22.0 82.0 66.0 50.0 73.0 59.0 37.0 24.0 50.0 
(336 : 335)
(277 : 276)
(413 : 391)
(205 : 206)
(202 : 201)
(342 : 343)
(289 : 266)
(335 : 334)
(334 : 333)
(342 : 341)
(205 : 204)
(206 : 185)
(206 : 229)
(283 : 260)
(75 : 74)
(201 : 200)
(34 : 35)
(270 : 269)
(334 : 354)
(510 : 494)
(27 : 26)
(269 : 268)
(283 : 284)
(455 : 454)
(144 : 145)
(510 : 511)
(276 : 253)
(354 : 353)
(354 : 355)
(145 : 124)
(124 : 123)
(229 : 230)
(153 : 130)
(124 : 103)
(277 : 297)
(289 : 290)
(277 : 254)
(269 : 244)
(266 : 265)
(391 : 390)
(342 : 320)
(200 : 199)
(253 : 252)
(413 : 414)
(202 : 181)
(254 : 231)
(231 : 230)
(341 : 340)
(342 : 362)
(362 : 363)
(363 : 343)
(297 : 317)
(181 : 180)
(180 : 201)
(27 : 12)
(35 : 20)
(75 : 76)
(204 : 203)
(144 : 169)
(440 : 441)
(210 : 190)
(190 : 169)
(34 : 33)
(454 : 453)
(76 : 92)
(454 : 439)
(439 : 440)
(205 : 184)
(184 : 185)
(266 : 242)
(92 : 91)
(153 : 152)
(33 : 32)
(413 : 412)
(412 : 433)
(190 : 189)
(440 : 420)
(265 : 264)
(283 : 302)
(453 : 452)
(254 : 255)
(145 : 146)
(230 : 207)
(439 : 419)
(202 : 225)
(180 : 159)
(32 : 17)
(34 : 19)
(353 : 376)
(185 : 164)
(144 : 143)
(27 : 44)
(143 : 122)
(242 : 243)
(341 : 361)
(260 : 261)
(261 : 284)
(407 : 384)
(384 : 362)
(420 : 397)
(92 : 112)
(276 : 275)
(510 : 517)
(146 : 125)
(125 : 124)
(340 : 318)
(297 : 296)
(420 : 421)
(190 : 191)
(316 : 296)
(454 : 471)
(316 : 338)
(19 : 18)
(18 : 17)
(275 : 274)
(355 : 356)
(356 : 336)
(452 : 451)
(170 : 191)
(375 : 352)
(352 : 353)
(18 : 6)
(203 : 226)
(226 : 225)
(397 : 373)
(231 : 232)
(452 : 469)
(17 : 5)
(451 : 450)
(164 : 163)
(163 : 138)
(138 : 117)
(390 : 367)
(433 : 432)
(439 : 438)
(17 : 16)
(375 : 374)
(203 : 182)
(182 : 181)
(510 : 509)
(181 : 160)
(243 : 267)
(159 : 158)
(146 : 171)
(171 : 170)
(226 : 227)
(152 : 151)
(361 : 360)
(75 : 57)
(6 : 7)
(7 : 19)
(159 : 134)
(191 : 192)
(130 : 108)
(92 : 93)
(274 : 251)
(251 : 252)
(26 : 25)
(192 : 212)
(352 : 332)
(332 : 333)
(432 : 411)
(411 : 412)
(191 : 211)
(158 : 133)
(133 : 112)
(133 : 134)
(397 : 396)
(396 : 419)
(231 : 208)
(34 : 52)
(130 : 129)
(129 : 152)
(509 : 508)
(165 : 140)
(140 : 139)
(333 : 312)
(35 : 36)
(316 : 315)
(264 : 263)
(265 : 241)
(27 : 28)
(374 : 398)
(398 : 397)
(411 : 389)
(494 : 478)
(494 : 493)
(451 : 436)
(5 : 4)
(318 : 319)
(319 : 341)
(319 : 320)
(438 : 418)
(143 : 142)
(277 : 278)
(226 : 249)
(351 : 374)
(351 : 350)
(122 : 121)
(356 : 357)
(146 : 147)
(471 : 472)
(134 : 113)
(113 : 93)
(76 : 77)
(77 : 93)
(367 : 346)
(200 : 179)
(398 : 399)
(189 : 168)
(168 : 143)
(290 : 309)
(103 : 104)
(289 : 288)
(242 : 218)
(111 : 91)
(139 : 118)
(118 : 117)
(153 : 175)
(133 : 132)
(132 : 111)
(282 : 259)
(259 : 260)
(211 : 234)
(117 : 96)
(340 : 339)
(335 : 313)
(233 : 256)
(244 : 245)
(354 : 377)
(57 : 40)
(134 : 135)
(135 : 160)
(312 : 311)
(311 : 332)
(74 : 56)
(411 : 410)
(168 : 167)
(167 : 142)
(275 : 295)
(493 : 492)
(492 : 508)
(251 : 250)
(250 : 227)
(250 : 249)
(122 : 101)
(274 : 294)
(294 : 295)
(315 : 314)
(314 : 294)
(377 : 401)
(259 : 258)
(227 : 228)
(228 : 205)
(228 : 229)
(469 : 468)
(434 : 435)
(147 : 126)
(468 : 467)
(356 : 379)
(376 : 400)
(400 : 399)
(407 : 406)
(204 : 183)
(357 : 358)
(200 : 223)
(509 : 516)
(167 : 188)
(192 : 193)
(432 : 431)
(360 : 359)
(359 : 339)
(359 : 358)
(91 : 90)
(212 : 235)
(235 : 234)
(472 : 488)
(472 : 473)
(256 : 279)
(279 : 278)
(117 : 116)
(410 : 409)
(256 : 257)
(257 : 258)
(294 : 293)
(111 : 110)
(358 : 380)
(135 : 114)
(114 : 113)
(142 : 141)
(380 : 381)
(193 : 172)
(172 : 171)
(151 : 150)
(282 : 281)
(261 : 262)
(288 : 287)
(389 : 388)
(388 : 410)
(284 : 285)
(478 : 479)
(303 : 284)
(208 : 187)
(516 : 515)
(52 : 68)
(431 : 430)
(492 : 491)
(160 : 161)
(161 : 136)
(161 : 182)
(240 : 241)
(409 : 387)
(77 : 59)
(308 : 309)
(311 : 310)
(126 : 105)
(105 : 104)
(350 : 349)
(319 : 298)
(114 : 94)
(367 : 368)
(368 : 391)
(232 : 209)
(489 : 488)
(363 : 385)
(384 : 383)
(383 : 361)
(383 : 406)
(298 : 299)
(235 : 236)
(236 : 260)
(138 : 137)
(137 : 136)
(236 : 213)
(511 : 495)
(79 : 101)
(349 : 348)
(414 : 392)
(392 : 391)
(121 : 100)
(25 : 10)
(236 : 237)
(237 : 261)
(225 : 224)
(224 : 223)
(69 : 70)
(10 : 11)
(11 : 12)
(150 : 149)
(163 : 162)
(248 : 247)
(16 : 15)
(15 : 31)
(165 : 166)
(166 : 167)
(363 : 364)
(153 : 154)
(311 : 292)
(126 : 127)
(79 : 78)
(31 : 30)
(237 : 214)
(518 : 519)
(152 : 174)
(14 : 30)
(471 : 470)
(70 : 71)
(70 : 86)
(421 : 422)
(422 : 399)
(400 : 423)
(423 : 422)
(90 : 89)
(175 : 194)
(418 : 417)
(68 : 84)
(150 : 173)
(381 : 404)
(187 : 186)
(186 : 185)
(4 : 3)
(467 : 483)
(479 : 462)
(262 : 238)
(473 : 456)
(195 : 194)
(282 : 301)
(301 : 302)
(350 : 330)
(357 : 337)
(337 : 315)
(337 : 338)
(360 : 382)
(285 : 286)
(286 : 263)
(286 : 287)
(56 : 39)
(199 : 198)
(59 : 58)
(58 : 57)
(44 : 43)
(149 : 148)
(100 : 99)
(508 : 507)
(433 : 448)
(110 : 109)
(109 : 89)
(67 : 66)
(179 : 178)
(495 : 496)
(379 : 378)
(418 : 395)
(395 : 396)
(346 : 326)
(462 : 461)
(461 : 478)
(404 : 426)
(263 : 239)
(349 : 329)
(329 : 330)
(351 : 331)
(378 : 402)
(402 : 401)
(70 : 53)
(178 : 177)
(32 : 51)
(51 : 66)
(247 : 271)
(271 : 292)
(79 : 63)
(431 : 446)
(446 : 447)
(395 : 394)
(394 : 417)
(435 : 449)
(84 : 85)
(85 : 86)
(63 : 46)
(299 : 300)
(300 : 281)
(44 : 45)
(10 : 9)
(136 : 115)
(115 : 114)
(389 : 366)
(366 : 367)
(491 : 490)
(346 : 345)
(489 : 505)
(118 : 97)
(97 : 96)
(476 : 477)
(496 : 497)
(53 : 54)
(438 : 437)
(59 : 60)
(462 : 444)
(507 : 506)
(512 : 500)
(245 : 221)
(221 : 220)
(320 : 321)
(3 : 2)
(239 : 216)
(346 : 347)
(497 : 480)
(285 : 304)
(151 : 128)
(128 : 129)
(20 : 8)
(349 : 372)
(372 : 373)
(270 : 291)
(220 : 219)
(480 : 464)
(417 : 416)
(36 : 21)
(10 : 0)
(471 : 487)
(286 : 305)
(491 : 475)
(475 : 476)
(500 : 482)
(223 : 222)
(105 : 82)
(487 : 503)
(94 : 95)
(480 : 481)
(198 : 197)
(14 : 13)
(309 : 328)
(25 : 24)
(24 : 9)
(507 : 514)
(514 : 515)
(131 : 156)
(464 : 463)
(287 : 306)
(306 : 305)
(81 : 104)
(483 : 484)
(484 : 468)
(40 : 23)
(31 : 49)
(49 : 50)
(395 : 371)
(371 : 348)
(371 : 372)
(403 : 424)
(328 : 327)
(441 : 442)
(416 : 393)
(470 : 486)
(486 : 487)
(2 : 1)
(1 : 13)
(490 : 474)
(39 : 38)
(38 : 55)
(416 : 415)
(85 : 106)
(106 : 128)
(279 : 280)
(280 : 281)
(500 : 499)
(497 : 498)
(404 : 405)
(405 : 406)
(483 : 501)
(84 : 83)
(83 : 67)
(74 : 73)
(73 : 55)
(73 : 89)
(469 : 485)
(485 : 486)
(60 : 61)
(464 : 465)
(371 : 370)
(46 : 29)
(29 : 28)
(444 : 445)
(445 : 463)
(46 : 47)
(475 : 458)
(424 : 425)
(425 : 426)
(156 : 155)
(445 : 428)
(428 : 406)
(43 : 42)
(42 : 25)
(141 : 120)
(120 : 121)
(476 : 459)
(61 : 41)
(118 : 119)
(364 : 386)
(458 : 457)
(119 : 98)
(501 : 502)
(502 : 484)
(241 : 217)
(217 : 218)
(279 : 298)
(30 : 48)
(48 : 47)
(48 : 49)
(238 : 215)
(215 : 214)
(215 : 216)
(433 : 434)
(409 : 408)
(106 : 107)
(107 : 86)
(107 : 129)
(107 : 108)
(295 : 296)
(258 : 281)
(156 : 176)
(176 : 197)
(176 : 177)
(61 : 62)
(302 : 323)
(323 : 322)
(323 : 344)
(450 : 467)
(211 : 212)
(38 : 37)
(178 : 157)
(157 : 132)
(157 : 158)
(368 : 369)
(369 : 392)
(273 : 249)
(273 : 272)
(461 : 460)
(460 : 459)
(460 : 477)
(460 : 443)
(443 : 425)
(337 : 336)
(505 : 504)
(504 : 503)
(71 : 72)
(72 : 87)
(504 : 513)
(306 : 325)
(325 : 326)
(325 : 324)
(324 : 305)
(188 : 209)
(188 : 189)
(307 : 288)
(307 : 326)
(307 : 308)
(407 : 429)
(429 : 428)
(427 : 405)
(427 : 426)
(427 : 444)
(245 : 246)
(248 : 249)
(147 : 172)
(102 : 80)
(102 : 103)
(388 : 365)
(365 : 366)
(50 : 51)
(89 : 88)
(518 : 517)
(410 : 431)
(221 : 196)
(196 : 197)
(325 : 345)
(38 : 22)
(186 : 165)
(47 : 64)
(64 : 63)
(64 : 80)
(64 : 65)
(482 : 466)
(466 : 446)
(5 : 16)
(25 : 11)
(14 : 31)
(18 : 32)
(19 : 33)
(20 : 34)
(21 : 35)
(26 : 42)
(28 : 44)
(64 : 48)
(54 : 70)
(73 : 56)
(59 : 76)
(79 : 64)
(74 : 89)
(76 : 91)
(82 : 104)
(90 : 109)
(91 : 110)
(91 : 112)
(94 : 113)
(123 : 103)
(104 : 124)
(112 : 132)
(113 : 133)
(117 : 137)
(118 : 138)
(119 : 139)
(122 : 142)
(123 : 143)
(144 : 124)
(160 : 136)
(139 : 163)
(139 : 165)
(142 : 166)
(145 : 169)
(171 : 147)
(158 : 178)
(185 : 165)
(188 : 168)
(169 : 189)
(169 : 191)
(171 : 191)
(172 : 192)
(179 : 199)
(200 : 180)
(182 : 202)
(183 : 203)
(184 : 204)
(191 : 210)
(200 : 224)
(202 : 224)
(203 : 225)
(204 : 226)
(205 : 227)
(213 : 235)
(214 : 236)
(216 : 238)
(244 : 221)
(225 : 247)
(248 : 226)
(228 : 250)
(238 : 261)
(240 : 265)
(242 : 265)
(245 : 269)
(248 : 273)
(252 : 274)
(253 : 275)
(255 : 277)
(258 : 280)
(281 : 259)
(282 : 260)
(262 : 284)
(266 : 288)
(282 : 300)
(283 : 303)
(286 : 304)
(306 : 288)
(289 : 309)
(295 : 314)
(296 : 315)
(316 : 297)
(324 : 306)
(307 : 325)
(314 : 335)
(314 : 337)
(345 : 326)
(332 : 351)
(333 : 352)
(338 : 357)
(340 : 359)
(341 : 360)
(346 : 366)
(367 : 347)
(372 : 350)
(374 : 352)
(352 : 376)
(361 : 382)
(362 : 383)
(363 : 384)
(364 : 385)
(368 : 392)
(371 : 394)
(373 : 396)
(375 : 398)
(378 : 401)
(388 : 409)
(388 : 411)
(391 : 412)
(396 : 418)
(398 : 420)
(412 : 434)
(419 : 438)
(427 : 445)
(446 : 432)
(439 : 453)
(454 : 440)
(445 : 462)
(465 : 480)
(469 : 486)
(488 : 473)
(475 : 492)
(481 : 497)
(488 : 503)
(488 : 505)
(492 : 507)
(493 : 508)
(494 : 509)
(508 : 514)
(509 : 515)
(510 : 516)
(510 : 518)
