1804.0
6
20
133 180 74 155 101 129 161 157 107 103 137 124 214 19 185 80 44 193 219 25 
93.0 52.0 30.0 93.0 76.0 99.0 59.0 65.0 80.0 8.0 93.0 5.0 96.0 32.0 25.0 62.0 17.0 19.0 83.0 11.0 41.0 67.0 93.0 91.0 57.0 27.0 47.0 1.0 62.0 4.0 26.0 60.0 27.0 63.0 71.0 62.0 16.0 80.0 30.0 2.0 43.0 13.0 0.0 20.0 96.0 76.0 62.0 60.0 56.0 44.0 83.0 93.0 99.0 60.0 11.0 86.0 35.0 85.0 98.0 9.0 98.0 36.0 28.0 16.0 6.0 96.0 8.0 19.0 14.0 99.0 46.0 81.0 5.0 79.0 26.0 41.0 97.0 0.0 24.0 65.0 20.0 18.0 2.0 82.0 52.0 80.0 88.0 23.0 26.0 39.0 72.0 43.0 89.0 22.0 67.0 21.0 37.0 35.0 10.0 7.0 65.0 32.0 43.0 54.0 24.0 3.0 85.0 45.0 50.0 53.0 61.0 60.0 88.0 71.0 16.0 8.0 55.0 60.0 67.0 36.0 76.0 30.0 72.0 94.0 68.0 3.0 74.0 26.0 74.0 87.0 60.0 83.0 18.0 95.0 77.0 25.0 30.0 11.0 95.0 1.0 52.0 52.0 59.0 34.0 81.0 32.0 64.0 57.0 83.0 34.0 58.0 53.0 84.0 23.0 99.0 45.0 66.0 64.0 97.0 95.0 86.0 64.0 38.0 24.0 97.0 93.0 91.0 67.0 74.0 75.0 42.0 8.0 35.0 57.0 82.0 33.0 92.0 76.0 90.0 32.0 13.0 47.0 66.0 78.0 23.0 86.0 67.0 75.0 72.0 70.0 15.0 25.0 57.0 96.0 20.0 60.0 29.0 93.0 16.0 68.0 
(19 : 3)
(103 : 104)
(185 : 184)
(214 : 204)
(101 : 100)
(184 : 183)
(129 : 128)
(100 : 99)
(214 : 213)
(185 : 176)
(103 : 86)
(86 : 87)
(124 : 125)
(128 : 127)
(100 : 83)
(103 : 102)
(213 : 212)
(214 : 215)
(86 : 71)
(19 : 20)
(137 : 136)
(137 : 122)
(176 : 166)
(185 : 191)
(212 : 203)
(19 : 36)
(74 : 75)
(3 : 4)
(193 : 192)
(3 : 2)
(74 : 73)
(204 : 205)
(19 : 18)
(184 : 175)
(175 : 176)
(104 : 105)
(102 : 116)
(166 : 165)
(175 : 174)
(44 : 30)
(72 : 62)
(75 : 76)
(62 : 47)
(47 : 36)
(122 : 112)
(136 : 135)
(101 : 84)
(75 : 91)
(157 : 156)
(156 : 155)
(116 : 115)
(87 : 88)
(17 : 18)
(86 : 85)
(85 : 84)
(63 : 62)
(63 : 73)
(112 : 96)
(74 : 90)
(90 : 107)
(85 : 70)
(70 : 71)
(76 : 77)
(157 : 144)
(144 : 127)
(112 : 111)
(127 : 126)
(30 : 29)
(20 : 37)
(37 : 48)
(48 : 47)
(48 : 63)
(135 : 134)
(134 : 133)
(212 : 211)
(161 : 160)
(30 : 13)
(132 : 131)
(62 : 61)
(111 : 110)
(54 : 53)
(50 : 39)
(205 : 198)
(134 : 121)
(70 : 69)
(69 : 84)
(90 : 89)
(89 : 88)
(219 : 207)
(39 : 22)
(76 : 92)
(64 : 65)
(65 : 76)
(203 : 195)
(132 : 148)
(17 : 16)
(16 : 1)
(184 : 190)
(190 : 191)
(77 : 78)
(180 : 173)
(173 : 161)
(143 : 144)
(129 : 130)
(20 : 21)
(44 : 43)
(108 : 120)
(120 : 133)
(120 : 121)
(161 : 162)
(4 : 5)
(5 : 21)
(69 : 58)
(166 : 152)
(152 : 137)
(80 : 79)
(79 : 78)
(37 : 38)
(38 : 21)
(38 : 49)
(38 : 39)
(109 : 121)
(109 : 110)
(109 : 93)
(93 : 77)
(165 : 151)
(133 : 149)
(149 : 148)
(54 : 42)
(215 : 216)
(148 : 147)
(147 : 161)
(195 : 196)
(57 : 58)
(105 : 106)
(106 : 89)
(106 : 107)
(25 : 26)
(29 : 28)
(117 : 118)
(118 : 130)
(130 : 146)
(155 : 154)
(25 : 24)
(44 : 56)
(180 : 181)
(70 : 59)
(59 : 60)
(60 : 46)
(16 : 33)
(183 : 182)
(25 : 41)
(183 : 189)
(203 : 202)
(124 : 123)
(66 : 78)
(98 : 81)
(81 : 82)
(190 : 200)
(5 : 6)
(6 : 22)
(29 : 12)
(98 : 97)
(158 : 159)
(159 : 160)
(191 : 201)
(216 : 217)
(50 : 51)
(51 : 65)
(149 : 163)
(163 : 162)
(163 : 164)
(123 : 138)
(195 : 194)
(9 : 8)
(8 : 24)
(39 : 40)
(13 : 0)
(196 : 197)
(197 : 204)
(79 : 95)
(200 : 208)
(208 : 207)
(131 : 119)
(119 : 107)
(33 : 34)
(34 : 35)
(200 : 199)
(199 : 207)
(46 : 45)
(125 : 140)
(95 : 94)
(6 : 7)
(7 : 8)
(56 : 55)
(138 : 139)
(139 : 124)
(211 : 210)
(36 : 35)
(24 : 23)
(23 : 7)
(23 : 40)
(170 : 178)
(150 : 135)
(150 : 151)
(195 : 187)
(68 : 67)
(67 : 55)
(67 : 82)
(136 : 151)
(61 : 60)
(208 : 209)
(209 : 201)
(52 : 51)
(13 : 14)
(14 : 31)
(197 : 188)
(35 : 18)
(123 : 113)
(113 : 97)
(113 : 114)
(111 : 95)
(40 : 51)
(30 : 31)
(64 : 50)
(142 : 154)
(156 : 170)
(172 : 173)
(219 : 218)
(145 : 146)
(155 : 169)
(169 : 170)
(172 : 171)
(171 : 159)
(42 : 27)
(27 : 26)
(12 : 11)
(11 : 28)
(33 : 32)
(32 : 31)
(141 : 140)
(141 : 142)
(102 : 85)
(93 : 92)
(193 : 186)
(217 : 206)
(14 : 15)
(15 : 16)
(200 : 201)
(140 : 153)
(178 : 179)
(179 : 187)
(143 : 156)
(11 : 10)
(169 : 168)
(102 : 101)
(186 : 177)
(92 : 108)
(168 : 167)
(167 : 177)
(6 : 21)
(6 : 23)
(24 : 9)
(29 : 13)
(13 : 31)
(14 : 32)
(16 : 32)
(18 : 34)
(20 : 36)
(23 : 39)
(37 : 47)
(39 : 49)
(50 : 40)
(43 : 56)
(64 : 51)
(56 : 67)
(59 : 69)
(70 : 60)
(62 : 73)
(65 : 75)
(74 : 89)
(75 : 90)
(79 : 94)
(84 : 100)
(86 : 104)
(89 : 105)
(92 : 109)
(95 : 110)
(97 : 114)
(123 : 114)
(139 : 125)
(143 : 127)
(132 : 149)
(156 : 144)
(152 : 165)
(154 : 169)
(171 : 160)
(161 : 172)
(184 : 189)
(198 : 204)
(199 : 208)
(205 : 214)
