3591.0
6
10
143 208 25 175 76 138 183 179 88 80 
63.0 80.0 2.0 33.0 96.0 11.0 62.0 54.0 43.0 74.0 43.0 3.0 7.0 96.0 52.0 69.0 10.0 86.0 72.0 42.0 15.0 81.0 85.0 28.0 51.0 36.0 4.0 87.0 69.0 29.0 12.0 29.0 10.0 67.0 72.0 63.0 91.0 89.0 61.0 87.0 13.0 17.0 51.0 19.0 16.0 66.0 36.0 29.0 15.0 83.0 45.0 9.0 6.0 87.0 38.0 57.0 42.0 76.0 10.0 50.0 31.0 6.0 67.0 42.0 70.0 48.0 28.0 61.0 85.0 21.0 67.0 60.0 84.0 35.0 41.0 68.0 56.0 75.0 5.0 76.0 88.0 55.0 34.0 34.0 73.0 74.0 7.0 35.0 70.0 51.0 6.0 50.0 20.0 48.0 85.0 18.0 41.0 63.0 73.0 85.0 65.0 29.0 33.0 71.0 98.0 81.0 3.0 89.0 55.0 26.0 75.0 15.0 95.0 99.0 59.0 9.0 74.0 17.0 90.0 95.0 97.0 82.0 14.0 30.0 61.0 3.0 54.0 31.0 71.0 17.0 59.0 86.0 53.0 75.0 58.0 64.0 33.0 95.0 17.0 80.0 65.0 92.0 18.0 34.0 51.0 70.0 33.0 14.0 55.0 90.0 60.0 10.0 85.0 66.0 12.0 28.0 26.0 43.0 61.0 67.0 95.0 44.0 11.0 84.0 50.0 63.0 79.0 94.0 66.0 53.0 15.0 46.0 37.0 9.0 86.0 47.0 21.0 4.0 58.0 54.0 69.0 39.0 20.0 13.0 22.0 73.0 59.0 89.0 72.0 17.0 86.0 38.0 87.0 98.0 84.0 60.0 15.0 74.0 84.0 14.0 
(25 : 26)
(76 : 77)
(77 : 94)
(138 : 139)
(143 : 134)
(88 : 89)
(80 : 65)
(80 : 79)
(89 : 72)
(26 : 41)
(72 : 71)
(80 : 81)
(79 : 78)
(138 : 137)
(72 : 57)
(57 : 41)
(137 : 136)
(65 : 64)
(64 : 79)
(80 : 97)
(62 : 46)
(46 : 47)
(183 : 174)
(208 : 207)
(179 : 178)
(147 : 148)
(179 : 168)
(94 : 95)
(95 : 78)
(77 : 63)
(63 : 47)
(63 : 62)
(137 : 128)
(79 : 96)
(96 : 97)
(89 : 104)
(208 : 203)
(168 : 169)
(81 : 82)
(78 : 77)
(46 : 45)
(46 : 31)
(76 : 75)
(81 : 98)
(98 : 97)
(89 : 90)
(163 : 164)
(65 : 50)
(31 : 30)
(178 : 177)
(25 : 24)
(82 : 66)
(76 : 93)
(75 : 92)
(164 : 152)
(48 : 47)
(57 : 58)
(164 : 165)
(45 : 61)
(41 : 40)
(40 : 25)
(207 : 202)
(50 : 34)
(90 : 91)
(24 : 39)
(169 : 170)
(39 : 38)
(207 : 206)
(206 : 205)
(61 : 75)
(167 : 168)
(90 : 105)
(105 : 104)
(166 : 153)
(25 : 11)
(91 : 106)
(134 : 122)
(105 : 121)
(16 : 15)
(15 : 31)
(64 : 49)
(49 : 48)
(48 : 32)
(166 : 165)
(166 : 167)
(179 : 187)
(11 : 10)
(88 : 103)
(103 : 104)
(38 : 37)
(45 : 30)
(177 : 176)
(176 : 175)
(49 : 33)
(62 : 61)
(62 : 76)
(206 : 201)
(185 : 192)
(24 : 23)
(147 : 146)
(88 : 87)
(40 : 39)
(202 : 197)
(34 : 18)
(41 : 42)
(82 : 83)
(139 : 149)
(95 : 110)
(39 : 56)
(23 : 9)
(9 : 10)
(58 : 59)
(71 : 70)
(70 : 56)
(70 : 87)
(102 : 87)
(154 : 153)
(151 : 163)
(92 : 108)
(185 : 186)
(186 : 175)
(121 : 120)
(10 : 24)
(102 : 118)
(155 : 154)
(33 : 17)
(83 : 84)
(93 : 92)
(34 : 35)
(155 : 145)
(51 : 35)
(49 : 50)
(35 : 19)
(73 : 91)
(88 : 71)
(30 : 14)
(203 : 198)
(59 : 43)
(187 : 188)
(114 : 113)
(37 : 36)
(73 : 74)
(165 : 176)
(51 : 52)
(9 : 8)
(23 : 22)
(22 : 37)
(155 : 156)
(156 : 169)
(15 : 1)
(16 : 2)
(2 : 1)
(2 : 3)
(134 : 133)
(133 : 142)
(38 : 55)
(113 : 112)
(112 : 97)
(108 : 123)
(192 : 199)
(154 : 144)
(139 : 129)
(208 : 209)
(73 : 59)
(104 : 120)
(190 : 183)
(87 : 86)
(84 : 100)
(156 : 157)
(157 : 146)
(157 : 170)
(23 : 38)
(139 : 140)
(133 : 132)
(43 : 28)
(27 : 26)
(27 : 28)
(124 : 123)
(173 : 160)
(22 : 21)
(149 : 159)
(37 : 54)
(1 : 0)
(43 : 44)
(96 : 111)
(111 : 110)
(160 : 150)
(150 : 149)
(147 : 158)
(109 : 125)
(160 : 161)
(183 : 184)
(160 : 159)
(112 : 127)
(27 : 12)
(8 : 7)
(100 : 99)
(105 : 106)
(74 : 60)
(60 : 44)
(3 : 4)
(94 : 109)
(32 : 33)
(84 : 68)
(55 : 69)
(69 : 86)
(69 : 70)
(21 : 20)
(94 : 93)
(193 : 192)
(159 : 172)
(172 : 173)
(173 : 181)
(111 : 126)
(51 : 50)
(137 : 147)
(4 : 5)
(5 : 18)
(140 : 130)
(174 : 162)
(162 : 161)
(44 : 29)
(29 : 28)
(124 : 135)
(120 : 119)
(119 : 118)
(83 : 67)
(67 : 66)
(67 : 68)
(99 : 115)
(115 : 114)
(115 : 128)
(140 : 141)
(197 : 189)
(189 : 182)
(189 : 190)
(205 : 204)
(19 : 6)
(6 : 5)
(200 : 195)
(86 : 85)
(85 : 84)
(59 : 60)
(116 : 100)
(197 : 196)
(196 : 195)
(196 : 201)
(201 : 200)
(36 : 53)
(53 : 68)
(53 : 54)
(170 : 171)
(171 : 158)
(171 : 180)
(14 : 0)
(119 : 131)
(146 : 136)
(130 : 117)
(117 : 101)
(117 : 118)
(29 : 13)
(43 : 42)
(198 : 197)
(102 : 101)
(190 : 191)
(191 : 184)
(195 : 194)
(106 : 107)
(107 : 122)
(15 : 2)
(6 : 18)
(8 : 21)
(22 : 9)
(23 : 10)
(30 : 15)
(19 : 34)
(22 : 36)
(38 : 24)
(26 : 42)
(48 : 33)
(33 : 50)
(38 : 54)
(39 : 55)
(61 : 46)
(56 : 69)
(75 : 62)
(87 : 71)
(77 : 95)
(79 : 95)
(87 : 101)
(87 : 103)
(105 : 91)
(97 : 111)
(98 : 112)
(99 : 116)
(117 : 102)
(103 : 120)
(133 : 143)
(146 : 137)
(138 : 147)
(140 : 149)
(144 : 155)
(151 : 164)
(153 : 167)
(155 : 169)
(158 : 170)
(164 : 176)
(165 : 177)
(167 : 179)
(183 : 191)
(185 : 193)
(197 : 190)
(200 : 206)
(202 : 206)
(203 : 207)
