8959.0
9
10
301 494 27 398 140 290 413 404 157 146 
68.0 20.0 0.0 82.0 57.0 55.0 46.0 99.0 13.0 56.0 52.0 14.0 93.0 77.0 75.0 51.0 49.0 41.0 45.0 42.0 2.0 64.0 96.0 67.0 81.0 93.0 80.0 66.0 39.0 30.0 41.0 70.0 95.0 4.0 83.0 40.0 23.0 26.0 85.0 57.0 76.0 48.0 26.0 13.0 9.0 78.0 41.0 80.0 23.0 88.0 44.0 58.0 89.0 63.0 61.0 53.0 35.0 89.0 63.0 2.0 69.0 94.0 12.0 54.0 23.0 72.0 38.0 66.0 40.0 14.0 88.0 83.0 91.0 80.0 47.0 47.0 37.0 21.0 75.0 2.0 90.0 27.0 2.0 35.0 57.0 75.0 84.0 62.0 20.0 55.0 70.0 31.0 90.0 63.0 12.0 94.0 56.0 29.0 18.0 98.0 69.0 15.0 0.0 38.0 10.0 30.0 12.0 89.0 50.0 97.0 2.0 3.0 59.0 41.0 57.0 9.0 80.0 34.0 79.0 10.0 97.0 21.0 36.0 15.0 3.0 31.0 77.0 51.0 3.0 23.0 96.0 62.0 37.0 94.0 64.0 60.0 17.0 99.0 89.0 47.0 89.0 76.0 30.0 90.0 69.0 99.0 59.0 8.0 16.0 92.0 75.0 40.0 25.0 46.0 47.0 81.0 37.0 79.0 37.0 68.0 9.0 60.0 33.0 23.0 57.0 10.0 37.0 88.0 39.0 55.0 62.0 55.0 65.0 59.0 44.0 45.0 88.0 27.0 5.0 78.0 1.0 3.0 87.0 99.0 40.0 23.0 56.0 70.0 19.0 0.0 62.0 86.0 17.0 38.0 74.0 66.0 86.0 67.0 18.0 10.0 96.0 97.0 11.0 81.0 91.0 62.0 21.0 4.0 30.0 8.0 89.0 24.0 53.0 40.0 13.0 55.0 56.0 6.0 16.0 14.0 64.0 37.0 42.0 85.0 51.0 7.0 59.0 7.0 94.0 91.0 9.0 30.0 56.0 49.0 5.0 68.0 41.0 25.0 64.0 57.0 5.0 6.0 85.0 76.0 18.0 35.0 54.0 24.0 98.0 69.0 45.0 33.0 0.0 59.0 88.0 49.0 25.0 54.0 71.0 18.0 67.0 33.0 96.0 66.0 38.0 79.0 28.0 95.0 31.0 44.0 75.0 81.0 94.0 11.0 53.0 87.0 31.0 36.0 59.0 33.0 52.0 82.0 7.0 61.0 8.0 52.0 61.0 56.0 84.0 16.0 3.0 85.0 32.0 92.0 59.0 75.0 16.0 35.0 31.0 64.0 27.0 26.0 35.0 84.0 41.0 14.0 65.0 49.0 99.0 5.0 98.0 4.0 47.0 14.0 30.0 94.0 93.0 42.0 21.0 95.0 56.0 14.0 49.0 90.0 9.0 66.0 5.0 96.0 72.0 17.0 1.0 10.0 71.0 76.0 28.0 94.0 81.0 7.0 66.0 36.0 22.0 24.0 54.0 60.0 55.0 68.0 37.0 69.0 78.0 37.0 7.0 4.0 41.0 13.0 22.0 19.0 85.0 34.0 26.0 21.0 52.0 67.0 63.0 43.0 47.0 99.0 73.0 51.0 83.0 0.0 49.0 74.0 25.0 40.0 49.0 63.0 21.0 30.0 10.0 57.0 25.0 0.0 36.0 35.0 21.0 11.0 98.0 86.0 14.0 48.0 83.0 95.0 63.0 85.0 2.0 6.0 53.0 40.0 93.0 43.0 24.0 78.0 64.0 34.0 23.0 22.0 84.0 72.0 18.0 51.0 77.0 95.0 74.0 44.0 34.0 49.0 94.0 44.0 82.0 96.0 44.0 70.0 13.0 37.0 89.0 73.0 15.0 65.0 16.0 32.0 3.0 56.0 88.0 66.0 46.0 48.0 9.0 57.0 17.0 24.0 25.0 50.0 19.0 32.0 18.0 47.0 82.0 25.0 33.0 28.0 3.0 21.0 66.0 13.0 63.0 81.0 29.0 2.0 82.0 18.0 19.0 87.0 23.0 48.0 84.0 33.0 70.0 57.0 66.0 58.0 49.0 48.0 28.0 45.0 15.0 0.0 94.0 4.0 1.0 5.0 72.0 13.0 28.0 12.0 92.0 26.0 51.0 57.0 64.0 0.0 65.0 37.0 58.0 0.0 22.0 60.0 98.0 11.0 32.0 75.0 
(301 : 281)
(27 : 14)
(494 : 495)
(495 : 504)
(146 : 147)
(14 : 4)
(413 : 392)
(157 : 158)
(503 : 494)
(4 : 5)
(398 : 397)
(146 : 120)
(269 : 247)
(4 : 3)
(3 : 2)
(504 : 505)
(247 : 248)
(413 : 414)
(505 : 506)
(404 : 405)
(146 : 145)
(301 : 300)
(413 : 432)
(147 : 148)
(156 : 129)
(300 : 280)
(280 : 281)
(14 : 13)
(281 : 259)
(281 : 282)
(158 : 132)
(157 : 184)
(404 : 403)
(505 : 496)
(496 : 495)
(301 : 302)
(147 : 173)
(157 : 131)
(140 : 139)
(183 : 182)
(182 : 156)
(301 : 318)
(269 : 268)
(268 : 246)
(184 : 210)
(14 : 15)
(259 : 258)
(397 : 396)
(129 : 130)
(2 : 1)
(132 : 106)
(290 : 310)
(268 : 267)
(132 : 133)
(139 : 113)
(404 : 424)
(495 : 489)
(2 : 12)
(12 : 13)
(490 : 496)
(280 : 279)
(183 : 209)
(140 : 141)
(148 : 122)
(279 : 257)
(257 : 258)
(424 : 423)
(182 : 208)
(210 : 211)
(257 : 236)
(258 : 237)
(247 : 226)
(425 : 424)
(145 : 119)
(122 : 123)
(182 : 181)
(122 : 96)
(131 : 105)
(105 : 106)
(173 : 174)
(211 : 212)
(413 : 412)
(396 : 416)
(309 : 310)
(412 : 391)
(211 : 185)
(185 : 184)
(405 : 406)
(423 : 422)
(269 : 270)
(246 : 225)
(225 : 226)
(96 : 97)
(267 : 245)
(245 : 246)
(96 : 74)
(414 : 433)
(121 : 122)
(129 : 128)
(123 : 124)
(149 : 123)
(318 : 317)
(209 : 231)
(231 : 232)
(270 : 271)
(248 : 227)
(422 : 421)
(212 : 186)
(494 : 488)
(15 : 28)
(423 : 442)
(406 : 426)
(310 : 311)
(488 : 480)
(387 : 388)
(105 : 104)
(311 : 312)
(120 : 94)
(149 : 175)
(106 : 107)
(140 : 114)
(114 : 113)
(256 : 235)
(1 : 0)
(396 : 380)
(425 : 444)
(97 : 98)
(98 : 124)
(309 : 308)
(308 : 289)
(133 : 134)
(5 : 6)
(490 : 482)
(271 : 249)
(249 : 248)
(300 : 299)
(414 : 393)
(290 : 291)
(181 : 180)
(506 : 507)
(0 : 10)
(15 : 16)
(107 : 83)
(412 : 411)
(444 : 443)
(443 : 442)
(267 : 266)
(149 : 150)
(134 : 160)
(211 : 233)
(233 : 232)
(237 : 238)
(238 : 259)
(309 : 327)
(397 : 381)
(381 : 380)
(416 : 435)
(104 : 103)
(397 : 417)
(442 : 441)
(114 : 90)
(174 : 201)
(412 : 431)
(386 : 385)
(385 : 403)
(233 : 254)
(236 : 213)
(146 : 172)
(114 : 115)
(173 : 200)
(200 : 201)
(318 : 319)
(308 : 307)
(105 : 81)
(266 : 265)
(74 : 54)
(54 : 55)
(380 : 359)
(94 : 72)
(381 : 360)
(489 : 481)
(481 : 480)
(360 : 361)
(393 : 375)
(442 : 461)
(225 : 204)
(204 : 205)
(115 : 91)
(289 : 288)
(386 : 365)
(365 : 366)
(233 : 234)
(175 : 202)
(83 : 84)
(388 : 389)
(282 : 260)
(27 : 26)
(311 : 329)
(237 : 214)
(214 : 213)
(266 : 244)
(256 : 278)
(278 : 279)
(317 : 316)
(26 : 43)
(299 : 298)
(298 : 278)
(507 : 498)
(175 : 176)
(359 : 339)
(202 : 223)
(200 : 199)
(158 : 159)
(392 : 374)
(374 : 375)
(119 : 93)
(385 : 384)
(406 : 407)
(441 : 440)
(180 : 154)
(107 : 108)
(298 : 297)
(496 : 497)
(497 : 506)
(497 : 498)
(213 : 188)
(205 : 178)
(243 : 244)
(178 : 152)
(480 : 467)
(160 : 187)
(187 : 186)
(187 : 188)
(317 : 338)
(375 : 354)
(482 : 469)
(432 : 449)
(297 : 296)
(204 : 203)
(203 : 202)
(308 : 326)
(480 : 479)
(6 : 7)
(433 : 450)
(417 : 436)
(436 : 435)
(436 : 456)
(231 : 230)
(230 : 208)
(161 : 135)
(135 : 134)
(94 : 95)
(95 : 96)
(150 : 151)
(201 : 222)
(488 : 487)
(231 : 252)
(113 : 89)
(227 : 206)
(433 : 434)
(81 : 82)
(82 : 106)
(43 : 44)
(291 : 292)
(43 : 63)
(431 : 430)
(430 : 411)
(260 : 239)
(239 : 238)
(75 : 56)
(239 : 216)
(139 : 138)
(207 : 180)
(310 : 328)
(265 : 264)
(374 : 353)
(440 : 439)
(487 : 486)
(43 : 42)
(417 : 418)
(103 : 79)
(199 : 220)
(1 : 11)
(180 : 179)
(145 : 144)
(374 : 373)
(422 : 402)
(467 : 466)
(44 : 45)
(45 : 28)
(316 : 337)
(154 : 127)
(288 : 287)
(287 : 265)
(63 : 62)
(62 : 42)
(75 : 76)
(256 : 255)
(172 : 171)
(307 : 325)
(337 : 336)
(327 : 348)
(469 : 451)
(451 : 450)
(387 : 367)
(223 : 224)
(224 : 225)
(204 : 177)
(28 : 29)
(135 : 109)
(109 : 108)
(375 : 376)
(384 : 363)
(42 : 41)
(181 : 155)
(155 : 128)
(155 : 154)
(90 : 69)
(135 : 136)
(10 : 9)
(363 : 364)
(364 : 385)
(388 : 368)
(138 : 165)
(328 : 349)
(349 : 348)
(339 : 320)
(189 : 188)
(312 : 313)
(497 : 491)
(72 : 52)
(52 : 51)
(434 : 415)
(415 : 414)
(103 : 102)
(102 : 128)
(287 : 286)
(52 : 32)
(440 : 460)
(41 : 24)
(24 : 11)
(482 : 483)
(483 : 491)
(391 : 390)
(207 : 228)
(228 : 227)
(228 : 249)
(444 : 463)
(467 : 468)
(468 : 481)
(144 : 143)
(338 : 358)
(179 : 153)
(153 : 154)
(10 : 23)
(23 : 24)
(79 : 78)
(78 : 102)
(363 : 342)
(249 : 250)
(63 : 64)
(64 : 81)
(220 : 219)
(389 : 408)
(82 : 65)
(65 : 64)
(109 : 85)
(85 : 84)
(451 : 452)
(354 : 334)
(337 : 357)
(415 : 394)
(394 : 376)
(228 : 229)
(152 : 125)
(99 : 76)
(127 : 126)
(329 : 350)
(339 : 340)
(320 : 321)
(321 : 340)
(456 : 473)
(85 : 67)
(69 : 49)
(336 : 335)
(315 : 297)
(32 : 19)
(95 : 73)
(320 : 303)
(325 : 346)
(272 : 250)
(113 : 112)
(486 : 478)
(143 : 117)
(254 : 253)
(292 : 293)
(73 : 53)
(53 : 54)
(303 : 283)
(324 : 323)
(323 : 306)
(89 : 68)
(68 : 69)
(478 : 465)
(214 : 215)
(215 : 216)
(312 : 330)
(444 : 445)
(445 : 426)
(439 : 420)
(51 : 50)
(373 : 352)
(219 : 198)
(469 : 470)
(470 : 452)
(507 : 508)
(398 : 382)
(79 : 80)
(80 : 63)
(119 : 118)
(118 : 144)
(431 : 448)
(448 : 449)
(456 : 457)
(508 : 499)
(45 : 46)
(127 : 101)
(198 : 197)
(478 : 477)
(216 : 191)
(321 : 304)
(304 : 303)
(346 : 345)
(345 : 324)
(345 : 367)
(336 : 356)
(189 : 162)
(62 : 61)
(50 : 31)
(141 : 142)
(389 : 369)
(369 : 368)
(452 : 453)
(19 : 18)
(366 : 344)
(344 : 323)
(126 : 100)
(100 : 101)
(171 : 170)
(109 : 110)
(296 : 276)
(335 : 355)
(355 : 356)
(348 : 347)
(347 : 346)
(347 : 369)
(215 : 190)
(190 : 189)
(190 : 191)
(56 : 36)
(23 : 22)
(306 : 305)
(136 : 137)
(420 : 419)
(419 : 418)
(222 : 221)
(165 : 166)
(443 : 462)
(462 : 461)
(462 : 463)
(483 : 484)
(453 : 454)
(491 : 492)
(492 : 484)
(439 : 438)
(313 : 331)
(46 : 66)
(23 : 40)
(165 : 192)
(278 : 277)
(277 : 255)
(421 : 401)
(401 : 402)
(448 : 447)
(447 : 465)
(137 : 111)
(221 : 242)
(242 : 264)
(191 : 164)
(76 : 57)
(477 : 476)
(407 : 427)
(508 : 509)
(330 : 351)
(376 : 377)
(437 : 418)
(117 : 116)
(484 : 471)
(471 : 453)
(12 : 25)
(502 : 501)
(230 : 251)
(61 : 60)
(60 : 40)
(36 : 37)
(60 : 59)
(143 : 169)
(169 : 170)
(36 : 21)
(141 : 168)
(168 : 167)
(445 : 446)
(446 : 427)
(93 : 92)
(486 : 485)
(35 : 34)
(34 : 54)
(351 : 372)
(252 : 274)
(166 : 193)
(59 : 58)
(372 : 371)
(371 : 350)
(112 : 88)
(88 : 89)
(398 : 399)
(399 : 419)
(364 : 343)
(304 : 284)
(284 : 283)
(438 : 458)
(251 : 273)
(253 : 275)
(463 : 464)
(51 : 71)
(71 : 93)
(71 : 72)
(353 : 333)
(333 : 334)
(370 : 369)
(111 : 87)
(78 : 77)
(32 : 33)
(33 : 53)
(361 : 341)
(242 : 241)
(241 : 220)
(275 : 295)
(295 : 296)
(394 : 395)
(411 : 410)
(410 : 429)
(39 : 22)
(408 : 428)
(197 : 196)
(190 : 163)
(163 : 162)
(241 : 240)
(58 : 38)
(196 : 195)
(358 : 379)
(283 : 261)
(377 : 378)
(193 : 217)
(241 : 263)
(19 : 20)
(20 : 33)
(334 : 314)
(314 : 296)
(458 : 459)
(85 : 86)
(86 : 87)
(219 : 218)
(462 : 475)
(408 : 409)
(28 : 27)
(433 : 432)
(420 : 400)
(400 : 401)
(377 : 356)
(323 : 322)
(322 : 305)
(467 : 449)
(363 : 362)
(235 : 234)
(184 : 183)
(224 : 245)
(49 : 48)
(48 : 68)
(458 : 474)
(473 : 472)
(472 : 455)
(509 : 500)
(500 : 499)
(29 : 30)
(91 : 70)
(70 : 69)
(501 : 493)
(493 : 486)
(178 : 177)
(285 : 262)
(262 : 240)
(262 : 263)
(295 : 294)
(294 : 274)
(30 : 17)
(17 : 7)
(17 : 16)
(356 : 357)
(382 : 383)
(383 : 399)
(16 : 29)
(270 : 291)
(333 : 332)
(332 : 352)
(98 : 75)
(311 : 291)
(8 : 18)
(489 : 490)
(101 : 77)
(101 : 102)
(349 : 350)
(46 : 47)
(47 : 30)
(168 : 194)
(194 : 195)
(1 : 10)
(2 : 11)
(7 : 16)
(14 : 26)
(22 : 40)
(27 : 43)
(30 : 46)
(53 : 34)
(34 : 55)
(42 : 61)
(44 : 63)
(57 : 75)
(63 : 79)
(64 : 80)
(69 : 89)
(72 : 93)
(73 : 94)
(74 : 95)
(76 : 98)
(83 : 106)
(86 : 109)
(91 : 114)
(118 : 93)
(96 : 121)
(97 : 122)
(98 : 123)
(110 : 135)
(113 : 138)
(115 : 140)
(118 : 143)
(120 : 145)
(121 : 148)
(122 : 149)
(124 : 149)
(129 : 155)
(134 : 161)
(139 : 165)
(167 : 141)
(144 : 169)
(147 : 172)
(156 : 181)
(164 : 190)
(184 : 209)
(214 : 190)
(218 : 198)
(199 : 219)
(200 : 222)
(223 : 203)
(204 : 226)
(207 : 227)
(210 : 231)
(210 : 233)
(212 : 233)
(236 : 214)
(215 : 237)
(216 : 238)
(221 : 241)
(231 : 251)
(237 : 257)
(242 : 263)
(242 : 265)
(243 : 266)
(247 : 268)
(248 : 269)
(249 : 270)
(249 : 272)
(278 : 257)
(258 : 279)
(259 : 280)
(260 : 281)
(266 : 287)
(290 : 270)
(271 : 291)
(275 : 294)
(282 : 301)
(290 : 311)
(292 : 311)
(297 : 314)
(301 : 319)
(309 : 326)
(310 : 327)
(311 : 328)
(317 : 337)
(324 : 344)
(324 : 346)
(333 : 352)
(334 : 353)
(343 : 363)
(347 : 368)
(369 : 348)
(354 : 374)
(356 : 376)
(357 : 377)
(377 : 394)
(386 : 403)
(412 : 392)
(392 : 414)
(414 : 394)
(398 : 417)
(399 : 420)
(401 : 420)
(424 : 405)
(429 : 411)
(413 : 431)
(436 : 418)
(423 : 441)
(442 : 424)
(425 : 443)
(431 : 447)
(433 : 449)
(434 : 450)
(455 : 436)
(445 : 463)
(453 : 470)
(455 : 473)
(467 : 479)
(485 : 478)
(480 : 487)
(482 : 489)
(489 : 496)
(491 : 496)
(494 : 504)
(499 : 507)
