3502.0
6
10
143 207 15 181 64 135 190 185 75 68 
17.0 1.0 55.0 98.0 14.0 97.0 48.0 26.0 68.0 44.0 11.0 6.0 32.0 94.0 28.0 57.0 97.0 2.0 86.0 7.0 86.0 91.0 88.0 60.0 79.0 82.0 92.0 53.0 28.0 85.0 19.0 49.0 51.0 78.0 26.0 84.0 62.0 69.0 11.0 15.0 32.0 0.0 16.0 41.0 84.0 60.0 76.0 9.0 9.0 52.0 95.0 10.0 13.0 11.0 66.0 0.0 25.0 63.0 90.0 35.0 48.0 47.0 27.0 47.0 94.0 52.0 79.0 4.0 20.0 2.0 16.0 23.0 65.0 76.0 63.0 9.0 27.0 40.0 79.0 74.0 83.0 7.0 39.0 23.0 71.0 83.0 43.0 0.0 29.0 18.0 84.0 48.0 24.0 79.0 96.0 96.0 36.0 88.0 77.0 33.0 1.0 0.0 50.0 90.0 14.0 50.0 26.0 51.0 26.0 34.0 99.0 60.0 32.0 38.0 78.0 2.0 94.0 8.0 30.0 23.0 29.0 25.0 21.0 73.0 90.0 84.0 51.0 20.0 71.0 36.0 10.0 63.0 8.0 76.0 30.0 55.0 63.0 80.0 76.0 72.0 74.0 15.0 73.0 47.0 83.0 59.0 6.0 96.0 81.0 41.0 77.0 9.0 0.0 23.0 92.0 91.0 75.0 97.0 37.0 61.0 97.0 79.0 93.0 83.0 58.0 70.0 0.0 48.0 8.0 97.0 61.0 47.0 4.0 86.0 87.0 10.0 29.0 45.0 14.0 83.0 86.0 68.0 21.0 31.0 80.0 56.0 74.0 54.0 72.0 4.0 49.0 64.0 23.0 15.0 89.0 74.0 43.0 91.0 36.0 3.0 
(135 : 134)
(64 : 65)
(135 : 136)
(75 : 76)
(75 : 74)
(74 : 73)
(75 : 91)
(91 : 92)
(181 : 170)
(135 : 119)
(76 : 59)
(92 : 108)
(181 : 180)
(170 : 169)
(169 : 180)
(76 : 77)
(64 : 49)
(92 : 93)
(93 : 77)
(58 : 59)
(77 : 60)
(60 : 59)
(135 : 152)
(93 : 94)
(108 : 107)
(169 : 159)
(170 : 160)
(190 : 179)
(60 : 45)
(68 : 67)
(152 : 151)
(151 : 134)
(49 : 35)
(136 : 137)
(82 : 81)
(81 : 64)
(35 : 21)
(151 : 150)
(15 : 5)
(143 : 142)
(15 : 14)
(137 : 121)
(93 : 109)
(181 : 182)
(137 : 138)
(78 : 77)
(65 : 50)
(50 : 49)
(68 : 69)
(14 : 4)
(60 : 61)
(182 : 183)
(61 : 46)
(133 : 134)
(150 : 165)
(64 : 63)
(73 : 56)
(142 : 141)
(108 : 124)
(110 : 94)
(81 : 97)
(152 : 153)
(141 : 125)
(125 : 109)
(125 : 124)
(4 : 3)
(165 : 166)
(165 : 164)
(14 : 13)
(13 : 3)
(179 : 178)
(5 : 6)
(65 : 66)
(152 : 167)
(34 : 48)
(48 : 63)
(48 : 49)
(159 : 144)
(94 : 95)
(180 : 191)
(143 : 127)
(207 : 205)
(45 : 44)
(182 : 193)
(143 : 158)
(46 : 32)
(119 : 118)
(207 : 208)
(121 : 105)
(119 : 120)
(120 : 136)
(120 : 121)
(164 : 149)
(149 : 150)
(3 : 2)
(61 : 62)
(205 : 201)
(35 : 36)
(183 : 172)
(69 : 54)
(97 : 98)
(133 : 117)
(117 : 118)
(201 : 197)
(197 : 190)
(127 : 111)
(111 : 95)
(105 : 89)
(89 : 73)
(73 : 72)
(50 : 51)
(190 : 189)
(34 : 20)
(20 : 21)
(78 : 79)
(79 : 62)
(170 : 171)
(171 : 182)
(89 : 88)
(88 : 72)
(197 : 196)
(110 : 126)
(126 : 127)
(67 : 84)
(208 : 206)
(2 : 1)
(66 : 83)
(69 : 86)
(149 : 148)
(183 : 194)
(36 : 37)
(196 : 200)
(200 : 201)
(81 : 80)
(117 : 101)
(74 : 90)
(171 : 161)
(161 : 160)
(84 : 85)
(97 : 96)
(164 : 163)
(205 : 204)
(13 : 27)
(189 : 188)
(6 : 16)
(16 : 15)
(201 : 202)
(47 : 62)
(2 : 12)
(148 : 131)
(54 : 40)
(20 : 9)
(83 : 99)
(181 : 192)
(56 : 55)
(121 : 122)
(153 : 168)
(141 : 140)
(140 : 124)
(168 : 176)
(120 : 104)
(96 : 112)
(153 : 154)
(58 : 43)
(6 : 7)
(15 : 29)
(29 : 43)
(40 : 24)
(117 : 116)
(167 : 175)
(148 : 147)
(208 : 209)
(7 : 17)
(99 : 100)
(176 : 177)
(177 : 178)
(142 : 157)
(43 : 42)
(175 : 186)
(17 : 31)
(24 : 25)
(154 : 155)
(155 : 138)
(140 : 139)
(72 : 71)
(12 : 11)
(11 : 26)
(172 : 162)
(162 : 161)
(68 : 53)
(53 : 54)
(32 : 33)
(33 : 47)
(44 : 30)
(147 : 130)
(56 : 41)
(166 : 174)
(124 : 123)
(1 : 0)
(21 : 22)
(40 : 39)
(160 : 145)
(29 : 28)
(58 : 57)
(57 : 42)
(197 : 198)
(198 : 202)
(69 : 70)
(88 : 87)
(87 : 71)
(131 : 132)
(145 : 129)
(33 : 19)
(194 : 195)
(105 : 106)
(106 : 107)
(131 : 115)
(17 : 18)
(18 : 19)
(22 : 10)
(147 : 146)
(39 : 38)
(38 : 37)
(53 : 52)
(52 : 38)
(52 : 51)
(52 : 67)
(23 : 39)
(185 : 184)
(172 : 173)
(173 : 184)
(102 : 103)
(103 : 119)
(202 : 203)
(139 : 156)
(130 : 114)
(188 : 187)
(187 : 176)
(191 : 199)
(19 : 8)
(126 : 125)
(42 : 41)
(144 : 128)
(128 : 112)
(128 : 129)
(50 : 36)
(114 : 113)
(113 : 99)
(2 : 11)
(3 : 12)
(7 : 16)
(14 : 27)
(28 : 15)
(34 : 21)
(22 : 35)
(23 : 40)
(29 : 42)
(46 : 33)
(35 : 48)
(37 : 50)
(39 : 52)
(42 : 56)
(46 : 60)
(47 : 61)
(50 : 66)
(67 : 53)
(56 : 72)
(75 : 59)
(62 : 78)
(64 : 80)
(64 : 82)
(68 : 84)
(75 : 90)
(76 : 91)
(77 : 92)
(93 : 78)
(81 : 96)
(82 : 97)
(93 : 108)
(93 : 110)
(102 : 117)
(118 : 103)
(104 : 119)
(106 : 121)
(108 : 123)
(109 : 124)
(110 : 125)
(110 : 127)
(124 : 139)
(126 : 141)
(129 : 144)
(150 : 134)
(136 : 152)
(154 : 138)
(149 : 163)
(151 : 165)
(160 : 169)
(182 : 172)
(173 : 183)
(182 : 192)
(201 : 204)
(206 : 207)
