1626.0
4
10
60 101 12 76 28 56 82 78 34 30 
17.0 81.0 64.0 2.0 0.0 54.0 69.0 73.0 10.0 28.0 10.0 37.0 23.0 80.0 54.0 11.0 67.0 72.0 22.0 20.0 21.0 21.0 22.0 38.0 7.0 66.0 21.0 20.0 86.0 56.0 36.0 98.0 52.0 64.0 52.0 74.0 5.0 50.0 56.0 88.0 1.0 77.0 37.0 34.0 92.0 83.0 35.0 38.0 36.0 66.0 79.0 18.0 81.0 23.0 36.0 25.0 19.0 27.0 9.0 73.0 11.0 70.0 79.0 30.0 39.0 49.0 72.0 25.0 25.0 94.0 22.0 59.0 31.0 36.0 89.0 4.0 58.0 61.0 48.0 67.0 84.0 48.0 55.0 50.0 2.0 22.0 96.0 77.0 88.0 95.0 57.0 30.0 57.0 79.0 66.0 76.0 98.0 68.0 19.0 49.0 
(76 : 64)
(82 : 70)
(60 : 59)
(82 : 81)
(70 : 69)
(69 : 81)
(64 : 52)
(70 : 58)
(71 : 59)
(76 : 75)
(82 : 83)
(83 : 71)
(52 : 40)
(40 : 28)
(70 : 71)
(82 : 92)
(71 : 72)
(72 : 60)
(60 : 61)
(81 : 80)
(12 : 11)
(83 : 84)
(12 : 22)
(76 : 77)
(52 : 53)
(56 : 44)
(40 : 41)
(41 : 29)
(29 : 28)
(81 : 91)
(76 : 87)
(12 : 5)
(52 : 51)
(30 : 18)
(11 : 4)
(5 : 1)
(22 : 23)
(23 : 13)
(101 : 102)
(92 : 93)
(93 : 83)
(69 : 68)
(72 : 73)
(73 : 61)
(40 : 39)
(39 : 51)
(60 : 48)
(48 : 36)
(73 : 85)
(77 : 88)
(88 : 87)
(13 : 6)
(6 : 5)
(89 : 78)
(30 : 42)
(42 : 41)
(65 : 66)
(85 : 95)
(102 : 108)
(64 : 63)
(66 : 54)
(54 : 42)
(42 : 43)
(44 : 32)
(61 : 49)
(49 : 48)
(108 : 107)
(48 : 47)
(69 : 57)
(57 : 56)
(29 : 17)
(17 : 18)
(13 : 14)
(65 : 77)
(53 : 65)
(53 : 54)
(45 : 57)
(51 : 50)
(59 : 47)
(59 : 58)
(45 : 33)
(75 : 74)
(101 : 100)
(37 : 36)
(57 : 58)
(36 : 24)
(24 : 14)
(24 : 23)
(66 : 67)
(67 : 68)
(93 : 94)
(94 : 95)
(18 : 19)
(77 : 78)
(80 : 79)
(79 : 67)
(17 : 16)
(19 : 20)
(45 : 46)
(46 : 34)
(46 : 47)
(43 : 55)
(55 : 56)
(88 : 97)
(23 : 35)
(35 : 36)
(20 : 10)
(4 : 3)
(3 : 10)
(50 : 62)
(62 : 74)
(62 : 63)
(87 : 96)
(96 : 97)
(97 : 98)
(28 : 27)
(20 : 21)
(21 : 33)
(19 : 9)
(16 : 7)
(37 : 25)
(50 : 38)
(84 : 72)
(107 : 106)
(93 : 102)
(41 : 53)
(98 : 105)
(24 : 25)
(9 : 8)
(9 : 2)
(98 : 99)
(10 : 11)
(32 : 31)
(31 : 19)
(43 : 44)
(43 : 31)
(21 : 22)
(74 : 86)
(94 : 103)
(97 : 104)
(27 : 26)
(26 : 38)
(1 : 0)
(0 : 4)
(16 : 15)
(80 : 90)
(103 : 109)
(109 : 108)
(1 : 4)
(9 : 18)
(10 : 19)
(11 : 20)
(22 : 13)
(23 : 14)
(17 : 28)
(23 : 36)
(27 : 38)
(28 : 39)
(30 : 41)
(31 : 42)
(33 : 44)
(34 : 45)
(36 : 49)
(50 : 39)
(52 : 41)
(44 : 57)
(59 : 48)
(62 : 51)
(53 : 66)
(57 : 68)
(74 : 63)
(65 : 76)
(65 : 78)
(68 : 79)
(70 : 83)
(73 : 84)
(88 : 78)
(90 : 81)
(81 : 92)
(92 : 83)
(93 : 84)
(93 : 101)
(94 : 102)
(102 : 107)
(103 : 108)
