4276.0
9
20
278 409 132 338 193 272 345 340 202 196 282 260 501 31 413 140 82 453 506 35 
3.0 19.0 37.0 7.0 79.0 67.0 10.0 85.0 38.0 6.0 50.0 15.0 29.0 23.0 58.0 74.0 97.0 75.0 55.0 83.0 69.0 53.0 33.0 74.0 23.0 62.0 10.0 75.0 19.0 59.0 82.0 42.0 11.0 65.0 43.0 42.0 78.0 78.0 3.0 29.0 68.0 7.0 24.0 29.0 66.0 19.0 8.0 46.0 54.0 54.0 83.0 77.0 10.0 41.0 68.0 88.0 21.0 83.0 53.0 71.0 85.0 20.0 94.0 39.0 29.0 26.0 14.0 50.0 19.0 92.0 77.0 26.0 1.0 0.0 56.0 69.0 7.0 47.0 87.0 90.0 43.0 10.0 13.0 78.0 16.0 24.0 22.0 85.0 55.0 90.0 9.0 75.0 65.0 39.0 36.0 32.0 84.0 7.0 26.0 30.0 4.0 23.0 95.0 87.0 18.0 66.0 3.0 90.0 42.0 69.0 49.0 5.0 15.0 57.0 95.0 20.0 91.0 23.0 4.0 89.0 10.0 63.0 70.0 32.0 17.0 44.0 37.0 82.0 45.0 6.0 33.0 14.0 33.0 30.0 1.0 27.0 27.0 96.0 73.0 54.0 65.0 97.0 90.0 0.0 0.0 20.0 4.0 20.0 64.0 38.0 76.0 3.0 76.0 84.0 28.0 60.0 73.0 8.0 40.0 58.0 81.0 89.0 45.0 2.0 46.0 16.0 50.0 53.0 99.0 5.0 95.0 85.0 95.0 12.0 63.0 24.0 24.0 83.0 91.0 69.0 4.0 2.0 47.0 66.0 45.0 9.0 97.0 63.0 28.0 36.0 65.0 20.0 38.0 97.0 46.0 0.0 92.0 46.0 58.0 81.0 28.0 65.0 9.0 54.0 30.0 23.0 7.0 5.0 53.0 51.0 56.0 37.0 40.0 71.0 84.0 30.0 34.0 66.0 74.0 74.0 52.0 82.0 11.0 32.0 42.0 76.0 28.0 6.0 25.0 90.0 78.0 73.0 15.0 67.0 88.0 77.0 21.0 35.0 8.0 23.0 56.0 49.0 48.0 20.0 29.0 27.0 54.0 62.0 30.0 80.0 16.0 30.0 28.0 82.0 72.0 93.0 29.0 28.0 51.0 1.0 21.0 98.0 6.0 8.0 77.0 5.0 75.0 54.0 73.0 59.0 82.0 9.0 99.0 30.0 86.0 92.0 28.0 8.0 88.0 73.0 66.0 18.0 47.0 57.0 13.0 24.0 86.0 95.0 97.0 97.0 32.0 78.0 25.0 90.0 5.0 67.0 85.0 89.0 57.0 21.0 69.0 32.0 82.0 65.0 57.0 23.0 12.0 0.0 10.0 71.0 67.0 69.0 13.0 65.0 87.0 95.0 31.0 33.0 5.0 12.0 86.0 65.0 56.0 89.0 16.0 79.0 56.0 50.0 19.0 78.0 52.0 32.0 24.0 69.0 32.0 12.0 60.0 0.0 62.0 75.0 89.0 72.0 44.0 30.0 9.0 20.0 8.0 38.0 78.0 86.0 90.0 2.0 81.0 87.0 9.0 25.0 7.0 16.0 39.0 20.0 60.0 42.0 30.0 64.0 55.0 42.0 86.0 58.0 56.0 64.0 65.0 63.0 76.0 74.0 76.0 14.0 2.0 22.0 14.0 5.0 71.0 48.0 32.0 49.0 40.0 46.0 45.0 8.0 58.0 57.0 31.0 62.0 91.0 50.0 55.0 49.0 88.0 81.0 8.0 99.0 2.0 69.0 70.0 96.0 70.0 76.0 92.0 84.0 22.0 94.0 46.0 29.0 0.0 43.0 0.0 16.0 50.0 27.0 69.0 23.0 26.0 61.0 37.0 77.0 39.0 75.0 53.0 28.0 78.0 96.0 87.0 36.0 82.0 60.0 90.0 73.0 52.0 78.0 84.0 57.0 82.0 21.0 11.0 81.0 22.0 33.0 7.0 31.0 1.0 28.0 47.0 63.0 30.0 12.0 38.0 97.0 33.0 35.0 2.0 35.0 63.0 32.0 63.0 28.0 46.0 42.0 80.0 75.0 26.0 56.0 17.0 91.0 97.0 43.0 41.0 9.0 74.0 41.0 11.0 98.0 95.0 83.0 48.0 6.0 47.0 57.0 71.0 25.0 86.0 51.0 53.0 2.0 37.0 47.0 90.0 57.0 79.0 70.0 35.0 1.0 
(132 : 133)
(260 : 235)
(278 : 279)
(132 : 114)
(279 : 252)
(140 : 141)
(251 : 252)
(133 : 115)
(193 : 194)
(453 : 437)
(35 : 34)
(141 : 162)
(282 : 256)
(260 : 261)
(194 : 216)
(35 : 22)
(256 : 257)
(114 : 113)
(82 : 81)
(31 : 32)
(115 : 116)
(141 : 123)
(437 : 438)
(506 : 505)
(279 : 302)
(81 : 60)
(82 : 61)
(61 : 60)
(506 : 507)
(260 : 259)
(438 : 419)
(60 : 40)
(123 : 107)
(202 : 201)
(338 : 314)
(413 : 392)
(116 : 117)
(117 : 100)
(196 : 195)
(195 : 194)
(216 : 217)
(217 : 195)
(117 : 118)
(107 : 92)
(61 : 41)
(256 : 232)
(114 : 97)
(345 : 322)
(506 : 516)
(340 : 317)
(338 : 337)
(506 : 495)
(516 : 517)
(340 : 341)
(516 : 515)
(115 : 98)
(341 : 361)
(322 : 298)
(438 : 439)
(252 : 253)
(454 : 455)
(455 : 439)
(60 : 59)
(298 : 275)
(97 : 96)
(261 : 262)
(195 : 173)
(173 : 174)
(107 : 106)
(251 : 226)
(132 : 131)
(132 : 155)
(262 : 263)
(340 : 360)
(360 : 361)
(40 : 39)
(455 : 456)
(345 : 346)
(261 : 236)
(517 : 518)
(193 : 192)
(495 : 478)
(106 : 91)
(91 : 92)
(478 : 463)
(515 : 514)
(317 : 293)
(252 : 227)
(392 : 371)
(236 : 212)
(345 : 344)
(39 : 25)
(361 : 380)
(261 : 286)
(437 : 436)
(322 : 321)
(35 : 54)
(155 : 154)
(251 : 250)
(81 : 80)
(346 : 323)
(323 : 322)
(226 : 205)
(216 : 215)
(293 : 269)
(302 : 301)
(212 : 190)
(236 : 237)
(436 : 417)
(340 : 339)
(133 : 156)
(173 : 148)
(314 : 290)
(263 : 264)
(217 : 243)
(123 : 122)
(122 : 106)
(437 : 418)
(259 : 234)
(122 : 121)
(154 : 153)
(293 : 294)
(54 : 53)
(293 : 292)
(121 : 120)
(360 : 359)
(31 : 30)
(217 : 218)
(121 : 105)
(514 : 504)
(504 : 505)
(478 : 477)
(518 : 508)
(508 : 507)
(202 : 179)
(179 : 155)
(121 : 139)
(409 : 408)
(259 : 258)
(204 : 205)
(278 : 277)
(277 : 250)
(408 : 407)
(81 : 94)
(302 : 303)
(507 : 496)
(264 : 239)
(189 : 190)
(194 : 172)
(172 : 173)
(380 : 379)
(19 : 3)
(504 : 503)
(292 : 268)
(118 : 135)
(62 : 42)
(113 : 112)
(418 : 397)
(80 : 79)
(337 : 313)
(409 : 385)
(303 : 304)
(120 : 104)
(215 : 214)
(227 : 206)
(308 : 331)
(385 : 366)
(156 : 157)
(35 : 36)
(281 : 280)
(366 : 365)
(215 : 241)
(32 : 33)
(153 : 152)
(174 : 175)
(380 : 381)
(201 : 200)
(338 : 357)
(339 : 316)
(316 : 292)
(316 : 317)
(365 : 364)
(116 : 99)
(315 : 316)
(503 : 492)
(190 : 166)
(19 : 20)
(196 : 197)
(204 : 203)
(203 : 180)
(492 : 491)
(243 : 242)
(242 : 241)
(409 : 410)
(514 : 513)
(513 : 503)
(118 : 101)
(175 : 150)
(30 : 47)
(290 : 266)
(154 : 178)
(178 : 201)
(54 : 74)
(492 : 475)
(172 : 171)
(82 : 83)
(83 : 62)
(116 : 134)
(134 : 157)
(274 : 275)
(166 : 167)
(313 : 289)
(200 : 177)
(202 : 224)
(397 : 396)
(80 : 93)
(346 : 367)
(384 : 408)
(303 : 327)
(407 : 406)
(453 : 452)
(264 : 288)
(180 : 181)
(181 : 157)
(505 : 494)
(289 : 265)
(265 : 266)
(206 : 183)
(266 : 267)
(267 : 242)
(267 : 268)
(263 : 287)
(491 : 474)
(90 : 74)
(463 : 464)
(494 : 493)
(493 : 492)
(419 : 398)
(398 : 397)
(232 : 209)
(31 : 48)
(97 : 85)
(41 : 27)
(417 : 416)
(501 : 486)
(324 : 300)
(308 : 307)
(19 : 18)
(18 : 31)
(384 : 383)
(383 : 364)
(203 : 225)
(477 : 462)
(259 : 285)
(453 : 468)
(419 : 420)
(381 : 405)
(405 : 404)
(486 : 485)
(228 : 253)
(48 : 66)
(66 : 65)
(475 : 460)
(486 : 487)
(161 : 185)
(201 : 223)
(223 : 224)
(416 : 415)
(274 : 273)
(273 : 272)
(491 : 490)
(280 : 255)
(91 : 76)
(415 : 394)
(357 : 356)
(346 : 347)
(290 : 291)
(291 : 315)
(291 : 292)
(285 : 309)
(171 : 146)
(359 : 358)
(4 : 20)
(243 : 244)
(244 : 218)
(100 : 87)
(367 : 368)
(368 : 347)
(85 : 69)
(66 : 67)
(436 : 435)
(435 : 416)
(455 : 470)
(40 : 26)
(460 : 444)
(383 : 382)
(382 : 381)
(382 : 406)
(3 : 2)
(22 : 23)
(476 : 475)
(189 : 188)
(460 : 459)
(272 : 247)
(485 : 484)
(487 : 488)
(456 : 457)
(367 : 386)
(386 : 410)
(263 : 238)
(238 : 239)
(275 : 276)
(218 : 219)
(152 : 151)
(151 : 150)
(397 : 374)
(174 : 149)
(149 : 150)
(83 : 95)
(188 : 164)
(404 : 425)
(55 : 75)
(186 : 162)
(341 : 318)
(286 : 310)
(374 : 354)
(18 : 17)
(396 : 395)
(395 : 394)
(394 : 393)
(48 : 49)
(49 : 32)
(171 : 170)
(170 : 192)
(237 : 213)
(373 : 395)
(313 : 312)
(312 : 288)
(188 : 187)
(265 : 240)
(240 : 239)
(496 : 497)
(497 : 508)
(463 : 446)
(29 : 16)
(16 : 17)
(161 : 160)
(170 : 145)
(17 : 1)
(253 : 254)
(254 : 255)
(223 : 222)
(69 : 68)
(68 : 67)
(452 : 451)
(187 : 163)
(163 : 164)
(374 : 375)
(518 : 519)
(323 : 299)
(299 : 276)
(299 : 300)
(135 : 136)
(435 : 434)
(244 : 245)
(39 : 38)
(150 : 129)
(359 : 378)
(406 : 427)
(183 : 159)
(159 : 135)
(149 : 128)
(76 : 56)
(357 : 376)
(234 : 233)
(379 : 403)
(158 : 159)
(25 : 12)
(391 : 390)
(337 : 336)
(362 : 342)
(342 : 341)
(468 : 467)
(446 : 430)
(403 : 402)
(177 : 176)
(55 : 37)
(219 : 220)
(27 : 28)
(38 : 24)
(245 : 246)
(246 : 220)
(246 : 247)
(487 : 502)
(304 : 305)
(305 : 280)
(90 : 89)
(490 : 489)
(489 : 488)
(420 : 399)
(232 : 231)
(222 : 248)
(248 : 273)
(258 : 284)
(33 : 50)
(464 : 447)
(146 : 147)
(228 : 207)
(4 : 5)
(371 : 372)
(467 : 466)
(466 : 451)
(104 : 103)
(167 : 168)
(386 : 387)
(101 : 88)
(88 : 89)
(249 : 248)
(166 : 165)
(165 : 164)
(307 : 306)
(301 : 325)
(454 : 469)
(74 : 73)
(387 : 388)
(362 : 363)
(363 : 343)
(363 : 364)
(425 : 424)
(424 : 403)
(247 : 221)
(221 : 220)
(375 : 355)
(355 : 354)
(377 : 358)
(377 : 376)
(78 : 57)
(487 : 473)
(66 : 84)
(164 : 142)
(87 : 71)
(229 : 228)
(368 : 369)
(327 : 326)
(50 : 51)
(497 : 479)
(399 : 400)
(400 : 376)
(139 : 138)
(457 : 471)
(405 : 426)
(468 : 481)
(73 : 72)
(336 : 335)
(335 : 334)
(213 : 191)
(197 : 198)
(246 : 271)
(271 : 272)
(501 : 500)
(200 : 199)
(353 : 352)
(352 : 373)
(47 : 46)
(46 : 29)
(142 : 124)
(402 : 423)
(476 : 461)
(93 : 109)
(467 : 480)
(211 : 210)
(166 : 143)
(331 : 330)
(330 : 307)
(119 : 120)
(329 : 330)
(391 : 412)
(412 : 413)
(500 : 499)
(347 : 348)
(408 : 429)
(427 : 442)
(400 : 401)
(413 : 414)
(148 : 127)
(434 : 433)
(22 : 6)
(20 : 21)
(102 : 89)
(423 : 422)
(422 : 421)
(422 : 440)
(343 : 319)
(484 : 483)
(442 : 443)
(497 : 498)
(499 : 511)
(6 : 7)
(352 : 333)
(207 : 184)
(184 : 183)
(65 : 64)
(64 : 46)
(255 : 230)
(230 : 229)
(269 : 270)
(270 : 271)
(305 : 328)
(328 : 329)
(508 : 509)
(321 : 320)
(320 : 297)
(209 : 208)
(450 : 434)
(450 : 449)
(407 : 428)
(312 : 311)
(78 : 77)
(24 : 11)
(11 : 12)
(426 : 441)
(441 : 442)
(510 : 509)
(414 : 432)
(2 : 18)
(450 : 465)
(465 : 466)
(42 : 43)
(43 : 63)
(59 : 58)
(58 : 38)
(58 : 57)
(58 : 79)
(410 : 411)
(411 : 387)
(224 : 225)
(401 : 422)
(71 : 70)
(158 : 182)
(182 : 181)
(182 : 205)
(182 : 183)
(36 : 23)
(36 : 37)
(391 : 370)
(370 : 371)
(25 : 24)
(43 : 44)
(328 : 350)
(272 : 296)
(296 : 319)
(296 : 297)
(7 : 8)
(413 : 431)
(431 : 432)
(187 : 210)
(345 : 366)
(363 : 382)
(70 : 52)
(501 : 512)
(28 : 15)
(15 : 14)
(495 : 496)
(335 : 311)
(335 : 354)
(375 : 398)
(333 : 332)
(333 : 310)
(333 : 334)
(145 : 126)
(126 : 125)
(144 : 168)
(119 : 137)
(137 : 136)
(137 : 138)
(442 : 458)
(11 : 10)
(109 : 108)
(110 : 111)
(111 : 95)
(111 : 125)
(130 : 152)
(326 : 349)
(349 : 348)
(271 : 295)
(295 : 294)
(295 : 296)
(307 : 282)
(209 : 185)
(70 : 86)
(86 : 99)
(86 : 87)
(168 : 169)
(169 : 170)
(177 : 153)
(281 : 306)
(462 : 445)
(445 : 446)
(75 : 76)
(472 : 458)
(472 : 473)
(388 : 389)
(282 : 283)
(348 : 325)
(348 : 369)
(50 : 68)
(162 : 161)
(470 : 482)
(46 : 45)
(449 : 448)
(102 : 103)
(10 : 9)
(12 : 0)
(12 : 13)
(13 : 26)
(13 : 14)
(80 : 59)
(351 : 330)
(351 : 371)
(2 : 17)
(19 : 4)
(7 : 22)
(13 : 25)
(14 : 28)
(17 : 29)
(18 : 32)
(26 : 39)
(29 : 47)
(33 : 49)
(35 : 53)
(39 : 58)
(62 : 43)
(46 : 65)
(54 : 73)
(56 : 75)
(78 : 58)
(80 : 60)
(61 : 83)
(87 : 99)
(89 : 101)
(99 : 115)
(100 : 116)
(104 : 119)
(106 : 121)
(115 : 132)
(116 : 133)
(120 : 137)
(121 : 138)
(132 : 154)
(133 : 155)
(134 : 156)
(161 : 141)
(173 : 149)
(155 : 178)
(158 : 183)
(185 : 162)
(172 : 193)
(195 : 174)
(177 : 201)
(179 : 201)
(181 : 203)
(182 : 204)
(182 : 206)
(188 : 210)
(194 : 215)
(195 : 218)
(207 : 227)
(213 : 236)
(215 : 240)
(216 : 243)
(219 : 244)
(227 : 251)
(227 : 253)
(253 : 229)
(230 : 254)
(234 : 258)
(235 : 259)
(236 : 260)
(240 : 266)
(266 : 242)
(243 : 267)
(277 : 251)
(256 : 283)
(258 : 285)
(265 : 290)
(267 : 290)
(279 : 301)
(281 : 305)
(281 : 307)
(282 : 308)
(289 : 312)
(291 : 314)
(299 : 322)
(323 : 300)
(303 : 326)
(306 : 328)
(329 : 307)
(312 : 335)
(313 : 336)
(314 : 337)
(339 : 317)
(318 : 340)
(322 : 344)
(352 : 334)
(338 : 356)
(342 : 361)
(343 : 362)
(345 : 365)
(377 : 359)
(362 : 380)
(381 : 363)
(383 : 365)
(368 : 386)
(370 : 392)
(380 : 403)
(404 : 381)
(384 : 407)
(410 : 387)
(395 : 415)
(398 : 418)
(400 : 422)
(402 : 422)
(403 : 423)
(404 : 424)
(405 : 425)
(407 : 427)
(416 : 434)
(418 : 436)
(427 : 441)
(434 : 449)
(435 : 450)
(437 : 452)
(438 : 453)
(438 : 455)
(446 : 464)
(465 : 451)
(452 : 466)
(453 : 467)
(461 : 475)
(486 : 473)
(475 : 491)
(492 : 476)
(486 : 500)
(494 : 504)
(495 : 505)
(498 : 508)
(505 : 516)
(508 : 517)
