3653.0
5
10
121 209 9 162 48 113 172 166 60 52 
53.0 53.0 40.0 25.0 28.0 10.0 6.0 42.0 54.0 72.0 72.0 2.0 51.0 55.0 56.0 26.0 60.0 97.0 61.0 82.0 73.0 67.0 86.0 77.0 81.0 71.0 84.0 59.0 27.0 48.0 73.0 12.0 41.0 35.0 61.0 82.0 21.0 5.0 79.0 46.0 85.0 23.0 82.0 75.0 4.0 29.0 88.0 73.0 34.0 41.0 80.0 36.0 75.0 94.0 48.0 49.0 36.0 61.0 52.0 91.0 16.0 53.0 52.0 9.0 78.0 18.0 94.0 94.0 5.0 12.0 27.0 1.0 60.0 86.0 13.0 29.0 63.0 98.0 16.0 7.0 55.0 93.0 41.0 46.0 9.0 46.0 78.0 92.0 89.0 77.0 39.0 26.0 33.0 81.0 25.0 11.0 24.0 11.0 99.0 71.0 36.0 71.0 84.0 39.0 32.0 39.0 59.0 52.0 71.0 63.0 57.0 28.0 83.0 98.0 87.0 73.0 89.0 49.0 3.0 97.0 92.0 33.0 11.0 27.0 83.0 2.0 71.0 4.0 3.0 19.0 11.0 51.0 74.0 97.0 60.0 69.0 89.0 40.0 64.0 11.0 94.0 0.0 91.0 31.0 6.0 8.0 39.0 68.0 43.0 79.0 99.0 71.0 39.0 6.0 84.0 9.0 38.0 96.0 99.0 29.0 9.0 95.0 24.0 51.0 79.0 61.0 71.0 95.0 40.0 21.0 93.0 35.0 99.0 59.0 74.0 56.0 8.0 1.0 47.0 85.0 71.0 97.0 85.0 26.0 11.0 86.0 50.0 94.0 85.0 18.0 23.0 94.0 38.0 29.0 13.0 47.0 34.0 79.0 94.0 62.0 
(166 : 152)
(60 : 42)
(121 : 120)
(152 : 137)
(120 : 105)
(60 : 75)
(42 : 43)
(75 : 74)
(74 : 59)
(137 : 136)
(121 : 134)
(113 : 99)
(113 : 114)
(152 : 151)
(151 : 136)
(52 : 34)
(134 : 147)
(166 : 167)
(42 : 41)
(166 : 165)
(165 : 151)
(167 : 153)
(153 : 152)
(34 : 35)
(166 : 179)
(165 : 164)
(43 : 26)
(165 : 178)
(178 : 179)
(52 : 51)
(134 : 133)
(133 : 132)
(179 : 188)
(136 : 123)
(147 : 160)
(9 : 10)
(43 : 44)
(60 : 61)
(137 : 124)
(92 : 78)
(60 : 59)
(132 : 131)
(92 : 93)
(153 : 138)
(177 : 164)
(123 : 108)
(164 : 163)
(163 : 162)
(113 : 112)
(160 : 159)
(209 : 204)
(204 : 194)
(132 : 119)
(105 : 106)
(106 : 121)
(99 : 86)
(86 : 85)
(153 : 154)
(154 : 139)
(26 : 17)
(17 : 10)
(172 : 156)
(168 : 167)
(17 : 18)
(146 : 132)
(34 : 21)
(99 : 98)
(44 : 27)
(27 : 18)
(105 : 104)
(104 : 119)
(52 : 67)
(52 : 53)
(9 : 8)
(188 : 189)
(93 : 79)
(17 : 16)
(8 : 7)
(154 : 155)
(189 : 190)
(53 : 54)
(53 : 68)
(75 : 90)
(85 : 84)
(86 : 71)
(177 : 186)
(10 : 3)
(76 : 75)
(99 : 100)
(61 : 62)
(62 : 44)
(168 : 169)
(169 : 155)
(146 : 145)
(145 : 131)
(124 : 109)
(34 : 33)
(109 : 95)
(61 : 43)
(194 : 195)
(44 : 45)
(139 : 140)
(108 : 107)
(189 : 197)
(204 : 203)
(203 : 202)
(144 : 156)
(197 : 198)
(76 : 77)
(77 : 62)
(59 : 58)
(188 : 196)
(196 : 197)
(74 : 73)
(113 : 127)
(124 : 125)
(125 : 138)
(98 : 97)
(74 : 89)
(89 : 90)
(62 : 63)
(63 : 78)
(9 : 2)
(2 : 3)
(58 : 57)
(104 : 91)
(83 : 68)
(86 : 87)
(162 : 148)
(83 : 82)
(82 : 67)
(82 : 95)
(10 : 11)
(42 : 25)
(9 : 16)
(82 : 81)
(160 : 174)
(87 : 72)
(109 : 110)
(110 : 125)
(63 : 64)
(179 : 180)
(180 : 167)
(180 : 189)
(139 : 126)
(208 : 209)
(97 : 96)
(27 : 28)
(138 : 137)
(138 : 139)
(202 : 192)
(168 : 181)
(181 : 190)
(2 : 1)
(1 : 8)
(57 : 56)
(56 : 71)
(83 : 96)
(125 : 126)
(79 : 64)
(79 : 78)
(181 : 182)
(182 : 169)
(203 : 193)
(193 : 192)
(85 : 70)
(156 : 157)
(157 : 145)
(51 : 50)
(50 : 32)
(194 : 184)
(184 : 172)
(108 : 94)
(94 : 95)
(119 : 118)
(163 : 176)
(176 : 177)
(53 : 35)
(192 : 191)
(144 : 130)
(130 : 131)
(15 : 14)
(188 : 187)
(162 : 161)
(103 : 104)
(157 : 158)
(158 : 146)
(158 : 159)
(178 : 187)
(114 : 128)
(120 : 119)
(3 : 4)
(208 : 207)
(207 : 202)
(16 : 25)
(126 : 111)
(111 : 112)
(198 : 206)
(66 : 65)
(65 : 50)
(4 : 5)
(48 : 30)
(131 : 118)
(56 : 38)
(87 : 88)
(88 : 73)
(97 : 84)
(45 : 46)
(46 : 64)
(96 : 95)
(96 : 110)
(39 : 38)
(202 : 201)
(27 : 26)
(7 : 0)
(0 : 1)
(81 : 80)
(114 : 115)
(178 : 177)
(115 : 116)
(39 : 23)
(18 : 19)
(19 : 28)
(68 : 69)
(69 : 54)
(69 : 84)
(69 : 70)
(128 : 141)
(118 : 117)
(117 : 116)
(148 : 149)
(149 : 163)
(92 : 91)
(21 : 12)
(61 : 76)
(123 : 122)
(38 : 37)
(37 : 55)
(172 : 171)
(118 : 103)
(48 : 47)
(81 : 66)
(58 : 40)
(40 : 39)
(149 : 135)
(176 : 185)
(90 : 102)
(50 : 49)
(144 : 143)
(7 : 6)
(169 : 170)
(46 : 29)
(29 : 28)
(100 : 101)
(201 : 200)
(162 : 175)
(175 : 176)
(116 : 129)
(181 : 180)
(84 : 83)
(193 : 183)
(183 : 171)
(183 : 184)
(37 : 22)
(37 : 36)
(36 : 54)
(204 : 205)
(205 : 195)
(23 : 13)
(13 : 6)
(13 : 14)
(151 : 150)
(25 : 24)
(24 : 15)
(33 : 20)
(20 : 21)
(124 : 123)
(158 : 173)
(33 : 32)
(33 : 51)
(143 : 142)
(142 : 141)
(200 : 199)
(199 : 198)
(100 : 114)
(30 : 31)
(31 : 49)
(31 : 32)
(9 : 3)
(4 : 10)
(24 : 16)
(25 : 17)
(20 : 34)
(25 : 41)
(26 : 42)
(28 : 44)
(32 : 51)
(55 : 38)
(56 : 39)
(40 : 57)
(42 : 59)
(46 : 63)
(59 : 73)
(74 : 60)
(75 : 61)
(78 : 64)
(66 : 82)
(68 : 82)
(71 : 85)
(72 : 86)
(74 : 88)
(92 : 79)
(82 : 94)
(96 : 84)
(85 : 97)
(86 : 98)
(91 : 105)
(109 : 96)
(112 : 99)
(99 : 114)
(118 : 104)
(108 : 124)
(111 : 125)
(114 : 127)
(125 : 139)
(138 : 154)
(156 : 145)
(150 : 163)
(164 : 151)
(152 : 167)
(167 : 154)
(177 : 165)
(166 : 180)
(178 : 186)
(184 : 193)
(190 : 197)
(207 : 203)
