1804.0
6
20
135 189 76 157 98 132 161 159 104 100 137 126 217 21 192 82 44 203 218 26 
79.0 22.0 23.0 13.0 23.0 28.0 79.0 10.0 14.0 99.0 61.0 42.0 39.0 78.0 4.0 48.0 15.0 79.0 68.0 81.0 31.0 83.0 37.0 78.0 53.0 85.0 57.0 65.0 75.0 9.0 20.0 58.0 67.0 78.0 31.0 27.0 63.0 61.0 37.0 5.0 83.0 76.0 1.0 57.0 41.0 23.0 45.0 89.0 24.0 10.0 43.0 12.0 86.0 27.0 83.0 95.0 98.0 92.0 71.0 96.0 37.0 85.0 45.0 18.0 77.0 78.0 98.0 16.0 78.0 33.0 16.0 72.0 4.0 30.0 25.0 69.0 56.0 65.0 23.0 16.0 82.0 46.0 82.0 20.0 73.0 55.0 11.0 43.0 46.0 91.0 5.0 84.0 81.0 0.0 84.0 74.0 11.0 32.0 24.0 11.0 74.0 32.0 57.0 53.0 54.0 99.0 98.0 39.0 62.0 80.0 2.0 48.0 61.0 95.0 24.0 76.0 61.0 74.0 89.0 86.0 65.0 32.0 98.0 0.0 33.0 33.0 62.0 82.0 47.0 78.0 11.0 21.0 70.0 77.0 94.0 55.0 62.0 30.0 15.0 23.0 4.0 42.0 9.0 28.0 47.0 48.0 72.0 74.0 73.0 6.0 71.0 42.0 84.0 28.0 92.0 96.0 95.0 44.0 70.0 57.0 45.0 83.0 14.0 12.0 18.0 75.0 69.0 15.0 53.0 64.0 75.0 21.0 47.0 68.0 79.0 68.0 9.0 58.0 0.0 71.0 76.0 8.0 75.0 9.0 84.0 8.0 76.0 16.0 65.0 64.0 80.0 75.0 79.0 83.0 12.0 92.0 47.0 93.0 78.0 80.0 
(126 : 125)
(157 : 142)
(21 : 6)
(125 : 111)
(142 : 128)
(76 : 77)
(81 : 65)
(6 : 7)
(44 : 43)
(77 : 63)
(81 : 80)
(126 : 112)
(98 : 88)
(159 : 144)
(135 : 120)
(217 : 216)
(77 : 78)
(100 : 89)
(21 : 22)
(100 : 101)
(144 : 143)
(143 : 142)
(63 : 62)
(62 : 61)
(135 : 149)
(216 : 215)
(80 : 79)
(79 : 78)
(82 : 66)
(66 : 65)
(143 : 129)
(129 : 116)
(125 : 138)
(76 : 75)
(157 : 156)
(137 : 124)
(76 : 91)
(149 : 148)
(150 : 164)
(75 : 74)
(100 : 99)
(99 : 116)
(156 : 155)
(164 : 163)
(163 : 149)
(100 : 117)
(117 : 116)
(91 : 90)
(21 : 20)
(157 : 158)
(218 : 219)
(138 : 139)
(139 : 126)
(128 : 115)
(120 : 121)
(117 : 130)
(130 : 129)
(132 : 118)
(51 : 36)
(161 : 162)
(82 : 94)
(88 : 87)
(7 : 8)
(121 : 107)
(53 : 38)
(148 : 134)
(203 : 202)
(43 : 29)
(142 : 141)
(87 : 69)
(44 : 45)
(87 : 86)
(144 : 145)
(44 : 56)
(138 : 153)
(36 : 24)
(118 : 102)
(215 : 208)
(157 : 171)
(89 : 72)
(72 : 71)
(159 : 173)
(38 : 37)
(37 : 36)
(86 : 85)
(27 : 26)
(20 : 19)
(20 : 33)
(80 : 92)
(150 : 151)
(153 : 154)
(192 : 201)
(158 : 172)
(172 : 171)
(121 : 122)
(122 : 136)
(44 : 30)
(105 : 104)
(8 : 23)
(23 : 35)
(179 : 180)
(33 : 34)
(34 : 21)
(115 : 114)
(69 : 57)
(57 : 45)
(69 : 70)
(70 : 71)
(172 : 187)
(107 : 108)
(5 : 4)
(153 : 167)
(145 : 131)
(102 : 103)
(26 : 25)
(25 : 24)
(133 : 134)
(97 : 113)
(71 : 59)
(155 : 140)
(154 : 168)
(137 : 152)
(105 : 106)
(106 : 120)
(4 : 3)
(3 : 17)
(17 : 18)
(18 : 4)
(34 : 50)
(211 : 207)
(19 : 32)
(32 : 48)
(167 : 182)
(61 : 60)
(54 : 66)
(97 : 96)
(96 : 95)
(29 : 15)
(54 : 40)
(94 : 93)
(93 : 92)
(70 : 58)
(58 : 59)
(74 : 73)
(179 : 191)
(171 : 186)
(186 : 187)
(187 : 194)
(27 : 12)
(203 : 204)
(119 : 104)
(119 : 133)
(174 : 173)
(174 : 175)
(15 : 2)
(2 : 1)
(81 : 93)
(8 : 9)
(169 : 168)
(173 : 172)
(152 : 166)
(166 : 165)
(48 : 47)
(47 : 59)
(63 : 64)
(47 : 31)
(31 : 32)
(30 : 16)
(16 : 15)
(16 : 17)
(93 : 109)
(109 : 108)
(109 : 123)
(109 : 110)
(75 : 90)
(101 : 102)
(170 : 155)
(170 : 169)
(185 : 186)
(160 : 175)
(97 : 86)
(145 : 146)
(146 : 132)
(146 : 160)
(146 : 147)
(128 : 129)
(49 : 33)
(49 : 48)
(216 : 209)
(209 : 208)
(124 : 110)
(124 : 123)
(85 : 84)
(84 : 83)
(84 : 95)
(51 : 52)
(12 : 11)
(11 : 26)
(122 : 108)
(103 : 104)
(43 : 42)
(10 : 25)
(10 : 11)
(190 : 197)
(197 : 196)
(200 : 201)
(215 : 214)
(176 : 175)
(177 : 176)
(177 : 189)
(177 : 178)
(40 : 28)
(28 : 27)
(14 : 1)
(12 : 13)
(13 : 28)
(195 : 194)
(1 : 0)
(191 : 199)
(199 : 207)
(199 : 200)
(183 : 169)
(163 : 162)
(213 : 212)
(212 : 211)
(212 : 219)
(84 : 67)
(67 : 68)
(211 : 210)
(148 : 162)
(168 : 167)
(185 : 184)
(184 : 170)
(184 : 183)
(39 : 27)
(39 : 40)
(45 : 46)
(46 : 58)
(46 : 47)
(198 : 197)
(198 : 199)
(42 : 41)
(162 : 178)
(22 : 23)
(127 : 113)
(127 : 140)
(132 : 131)
(104 : 91)
(130 : 131)
(56 : 57)
(51 : 64)
(115 : 98)
(55 : 41)
(98 : 99)
(189 : 188)
(193 : 183)
(193 : 202)
(82 : 81)
(180 : 181)
(181 : 166)
(181 : 192)
(204 : 205)
(195 : 206)
(206 : 208)
(14 : 2)
(3 : 18)
(7 : 21)
(8 : 22)
(16 : 29)
(20 : 32)
(27 : 40)
(30 : 43)
(33 : 48)
(33 : 50)
(37 : 51)
(58 : 69)
(61 : 74)
(61 : 76)
(62 : 77)
(63 : 78)
(65 : 82)
(68 : 84)
(86 : 96)
(91 : 103)
(99 : 115)
(107 : 120)
(121 : 108)
(109 : 122)
(123 : 110)
(111 : 126)
(116 : 128)
(125 : 139)
(135 : 148)
(139 : 153)
(143 : 157)
(163 : 150)
(167 : 154)
(159 : 172)
(177 : 162)
(183 : 170)
(176 : 189)
(211 : 219)
