1653.0
5
10
65 105 22 80 35 61 86 82 41 37 
37.0 93.0 3.0 15.0 29.0 13.0 53.0 23.0 50.0 1.0 52.0 1.0 65.0 58.0 42.0 2.0 96.0 17.0 39.0 92.0 81.0 32.0 63.0 67.0 23.0 71.0 65.0 77.0 10.0 25.0 14.0 3.0 69.0 76.0 14.0 64.0 26.0 11.0 41.0 43.0 54.0 8.0 74.0 16.0 20.0 9.0 95.0 87.0 16.0 77.0 28.0 51.0 72.0 32.0 32.0 76.0 20.0 77.0 38.0 44.0 31.0 81.0 94.0 76.0 49.0 2.0 83.0 58.0 55.0 30.0 61.0 98.0 62.0 85.0 47.0 74.0 75.0 25.0 46.0 62.0 56.0 7.0 63.0 5.0 72.0 99.0 95.0 59.0 90.0 55.0 43.0 11.0 88.0 54.0 95.0 10.0 43.0 47.0 70.0 54.0 
(37 : 27)
(37 : 36)
(61 : 49)
(61 : 60)
(82 : 71)
(82 : 83)
(27 : 18)
(18 : 19)
(65 : 53)
(71 : 72)
(60 : 59)
(37 : 38)
(65 : 66)
(66 : 78)
(37 : 47)
(47 : 59)
(22 : 13)
(35 : 25)
(66 : 54)
(54 : 53)
(61 : 73)
(73 : 72)
(27 : 26)
(48 : 49)
(86 : 75)
(62 : 50)
(89 : 88)
(89 : 99)
(78 : 77)
(77 : 65)
(77 : 88)
(38 : 28)
(80 : 69)
(26 : 17)
(88 : 87)
(28 : 29)
(59 : 58)
(58 : 46)
(105 : 106)
(25 : 16)
(82 : 92)
(77 : 76)
(29 : 20)
(20 : 19)
(75 : 74)
(74 : 62)
(74 : 73)
(53 : 43)
(69 : 57)
(13 : 5)
(87 : 97)
(52 : 51)
(51 : 50)
(49 : 39)
(5 : 4)
(65 : 64)
(64 : 52)
(97 : 96)
(96 : 86)
(46 : 45)
(74 : 85)
(85 : 86)
(25 : 24)
(105 : 104)
(16 : 15)
(17 : 8)
(29 : 30)
(96 : 95)
(95 : 85)
(95 : 104)
(50 : 40)
(40 : 41)
(20 : 11)
(15 : 6)
(43 : 33)
(57 : 56)
(84 : 85)
(22 : 21)
(21 : 30)
(6 : 0)
(31 : 32)
(32 : 33)
(99 : 98)
(98 : 97)
(99 : 108)
(16 : 7)
(7 : 6)
(64 : 63)
(63 : 75)
(56 : 55)
(108 : 107)
(107 : 98)
(107 : 106)
(68 : 79)
(79 : 80)
(83 : 93)
(13 : 14)
(93 : 102)
(45 : 44)
(44 : 56)
(80 : 90)
(90 : 91)
(8 : 1)
(10 : 11)
(105 : 109)
(41 : 42)
(42 : 32)
(91 : 100)
(95 : 94)
(94 : 93)
(104 : 103)
(8 : 9)
(9 : 18)
(9 : 10)
(11 : 3)
(92 : 101)
(101 : 102)
(68 : 67)
(67 : 55)
(58 : 70)
(70 : 69)
(4 : 12)
(9 : 2)
(82 : 81)
(81 : 70)
(33 : 23)
(33 : 34)
(25 : 26)
(2 : 8)
(5 : 12)
(9 : 17)
(9 : 19)
(11 : 19)
(17 : 25)
(18 : 26)
(27 : 36)
(31 : 42)
(32 : 43)
(40 : 49)
(41 : 50)
(45 : 56)
(48 : 59)
(48 : 61)
(61 : 50)
(52 : 65)
(56 : 69)
(58 : 69)
(61 : 72)
(73 : 62)
(63 : 74)
(79 : 69)
(70 : 80)
(84 : 74)
(77 : 87)
(77 : 89)
(85 : 94)
(87 : 96)
(89 : 98)
(94 : 104)
(96 : 104)
(98 : 106)
