812.0
4
20
61 84 38 69 45 59 72 70 48 46 63 55 107 15 87 40 23 92 110 18 
61.0 28.0 60.0 0.0 75.0 44.0 73.0 69.0 4.0 17.0 18.0 15.0 76.0 67.0 5.0 30.0 7.0 4.0 86.0 81.0 21.0 29.0 38.0 98.0 8.0 23.0 53.0 78.0 0.0 92.0 88.0 63.0 58.0 97.0 75.0 93.0 29.0 67.0 74.0 28.0 94.0 45.0 81.0 28.0 12.0 0.0 57.0 24.0 68.0 85.0 69.0 98.0 29.0 85.0 68.0 86.0 89.0 53.0 17.0 54.0 50.0 26.0 25.0 77.0 57.0 11.0 85.0 63.0 42.0 33.0 62.0 60.0 1.0 2.0 82.0 7.0 20.0 46.0 14.0 54.0 42.0 97.0 14.0 98.0 33.0 3.0 35.0 6.0 39.0 24.0 50.0 13.0 16.0 2.0 55.0 77.0 98.0 79.0 65.0 98.0 
(45 : 44)
(40 : 30)
(87 : 86)
(72 : 71)
(71 : 59)
(71 : 70)
(63 : 64)
(45 : 57)
(57 : 69)
(92 : 91)
(44 : 35)
(35 : 23)
(30 : 31)
(92 : 80)
(48 : 49)
(71 : 83)
(45 : 36)
(72 : 73)
(73 : 61)
(83 : 82)
(83 : 95)
(38 : 39)
(39 : 49)
(57 : 58)
(58 : 46)
(58 : 70)
(58 : 59)
(38 : 27)
(38 : 37)
(73 : 85)
(85 : 84)
(27 : 16)
(80 : 68)
(69 : 81)
(30 : 19)
(19 : 18)
(72 : 60)
(68 : 56)
(46 : 47)
(47 : 37)
(73 : 74)
(37 : 26)
(26 : 25)
(61 : 62)
(80 : 79)
(23 : 24)
(74 : 75)
(75 : 87)
(64 : 76)
(82 : 94)
(25 : 14)
(14 : 15)
(64 : 52)
(107 : 106)
(76 : 88)
(88 : 87)
(81 : 93)
(88 : 100)
(91 : 90)
(87 : 99)
(90 : 89)
(79 : 78)
(18 : 9)
(95 : 96)
(96 : 84)
(92 : 104)
(35 : 34)
(91 : 103)
(62 : 50)
(52 : 41)
(41 : 40)
(39 : 28)
(28 : 27)
(19 : 10)
(20 : 31)
(34 : 33)
(85 : 97)
(97 : 96)
(79 : 67)
(67 : 55)
(52 : 51)
(15 : 7)
(30 : 29)
(29 : 28)
(99 : 98)
(98 : 97)
(55 : 43)
(7 : 6)
(6 : 14)
(90 : 102)
(89 : 77)
(103 : 114)
(97 : 109)
(77 : 65)
(89 : 101)
(10 : 4)
(109 : 108)
(107 : 117)
(7 : 0)
(55 : 54)
(33 : 32)
(9 : 3)
(78 : 66)
(66 : 54)
(66 : 65)
(66 : 67)
(16 : 17)
(104 : 105)
(105 : 93)
(110 : 118)
(34 : 22)
(102 : 113)
(23 : 12)
(99 : 111)
(33 : 42)
(100 : 112)
(112 : 111)
(24 : 13)
(17 : 8)
(5 : 4)
(106 : 116)
(54 : 53)
(112 : 119)
(17 : 28)
(8 : 2)
(2 : 1)
(2 : 3)
(93 : 92)
(93 : 94)
(12 : 11)
(11 : 22)
(33 : 21)
(21 : 22)
(14 : 13)
(110 : 111)
(116 : 115)
(115 : 105)
(10 : 18)
(12 : 22)
(13 : 23)
(19 : 31)
(23 : 34)
(27 : 37)
(36 : 44)
(41 : 51)
(52 : 63)
(58 : 69)
(60 : 71)
(62 : 73)
(66 : 77)
(69 : 80)
(75 : 86)
(80 : 93)
(82 : 93)
(83 : 94)
(84 : 95)
(87 : 98)
(88 : 99)
(90 : 101)
(91 : 102)
(107 : 116)
