795.0
4
20
62 85 37 70 46 60 73 71 49 47 64 56 105 14 88 40 21 92 108 17 
81.0 26.0 96.0 29.0 52.0 17.0 24.0 55.0 17.0 85.0 82.0 50.0 20.0 77.0 88.0 28.0 73.0 6.0 32.0 36.0 47.0 49.0 26.0 88.0 29.0 24.0 92.0 60.0 66.0 18.0 0.0 25.0 31.0 19.0 90.0 36.0 4.0 37.0 70.0 26.0 18.0 21.0 2.0 34.0 84.0 97.0 98.0 74.0 18.0 78.0 97.0 8.0 75.0 69.0 35.0 63.0 40.0 19.0 82.0 68.0 48.0 11.0 17.0 22.0 59.0 94.0 9.0 57.0 3.0 91.0 54.0 58.0 47.0 90.0 16.0 9.0 2.0 73.0 69.0 78.0 30.0 41.0 5.0 85.0 17.0 68.0 45.0 36.0 50.0 89.0 79.0 40.0 67.0 50.0 73.0 16.0 69.0 65.0 2.0 45.0 
(56 : 44)
(85 : 84)
(73 : 61)
(61 : 62)
(62 : 50)
(105 : 95)
(56 : 57)
(108 : 107)
(95 : 96)
(60 : 59)
(85 : 86)
(86 : 97)
(97 : 107)
(56 : 55)
(59 : 58)
(58 : 46)
(58 : 57)
(57 : 69)
(69 : 81)
(107 : 106)
(106 : 116)
(17 : 18)
(50 : 38)
(38 : 37)
(56 : 68)
(49 : 48)
(48 : 47)
(84 : 83)
(83 : 71)
(68 : 67)
(68 : 80)
(80 : 81)
(48 : 36)
(97 : 98)
(98 : 108)
(35 : 36)
(107 : 117)
(71 : 72)
(72 : 60)
(67 : 66)
(55 : 54)
(92 : 91)
(91 : 80)
(35 : 23)
(86 : 74)
(17 : 8)
(65 : 77)
(117 : 118)
(118 : 108)
(95 : 94)
(94 : 83)
(62 : 63)
(63 : 64)
(64 : 76)
(76 : 77)
(64 : 52)
(52 : 40)
(74 : 75)
(92 : 102)
(88 : 89)
(89 : 77)
(67 : 79)
(98 : 87)
(87 : 86)
(54 : 42)
(81 : 82)
(82 : 70)
(82 : 83)
(88 : 99)
(94 : 93)
(93 : 92)
(40 : 39)
(23 : 22)
(108 : 109)
(109 : 99)
(14 : 5)
(101 : 102)
(89 : 100)
(100 : 110)
(39 : 51)
(102 : 113)
(17 : 16)
(7 : 8)
(34 : 22)
(42 : 30)
(21 : 11)
(105 : 104)
(36 : 24)
(24 : 14)
(24 : 23)
(8 : 1)
(7 : 0)
(0 : 1)
(102 : 103)
(103 : 104)
(91 : 90)
(66 : 78)
(39 : 27)
(27 : 17)
(43 : 44)
(52 : 53)
(53 : 65)
(34 : 33)
(18 : 9)
(1 : 2)
(110 : 119)
(16 : 26)
(26 : 38)
(40 : 28)
(28 : 27)
(53 : 41)
(28 : 29)
(29 : 41)
(32 : 20)
(20 : 21)
(33 : 45)
(45 : 44)
(29 : 19)
(2 : 3)
(14 : 15)
(11 : 12)
(12 : 22)
(116 : 115)
(115 : 105)
(9 : 10)
(15 : 25)
(25 : 37)
(113 : 112)
(113 : 114)
(14 : 13)
(13 : 12)
(30 : 31)
(31 : 43)
(31 : 32)
(112 : 111)
(13 : 4)
(4 : 5)
(7 : 6)
(6 : 5)
(6 : 15)
(7 : 17)
(9 : 17)
(13 : 22)
(14 : 23)
(15 : 24)
(18 : 27)
(34 : 23)
(26 : 37)
(31 : 42)
(31 : 44)
(47 : 36)
(40 : 51)
(43 : 54)
(43 : 56)
(45 : 56)
(64 : 53)
(68 : 79)
(69 : 80)
(75 : 86)
(77 : 88)
(80 : 92)
(89 : 99)
(101 : 92)
(95 : 104)
(99 : 108)
(103 : 113)
(107 : 116)
