1592.0
5
10
51 95 9 66 22 47 72 68 28 24 
26.0 28.0 86.0 67.0 50.0 51.0 21.0 27.0 58.0 28.0 1.0 97.0 14.0 20.0 27.0 1.0 4.0 46.0 29.0 44.0 26.0 68.0 20.0 80.0 8.0 47.0 44.0 85.0 11.0 19.0 24.0 1.0 35.0 97.0 90.0 78.0 22.0 29.0 41.0 16.0 41.0 62.0 7.0 96.0 37.0 71.0 63.0 77.0 79.0 78.0 33.0 76.0 26.0 55.0 80.0 80.0 55.0 67.0 56.0 59.0 75.0 9.0 24.0 59.0 50.0 24.0 16.0 95.0 18.0 82.0 18.0 97.0 56.0 70.0 0.0 34.0 19.0 75.0 22.0 4.0 1.0 51.0 65.0 10.0 19.0 96.0 92.0 84.0 63.0 40.0 96.0 21.0 23.0 88.0 96.0 74.0 0.0 61.0 75.0 28.0 
(72 : 71)
(68 : 69)
(95 : 84)
(84 : 72)
(47 : 36)
(66 : 54)
(66 : 65)
(69 : 70)
(71 : 83)
(53 : 65)
(71 : 59)
(69 : 81)
(54 : 43)
(81 : 80)
(70 : 82)
(82 : 81)
(9 : 10)
(95 : 94)
(94 : 83)
(81 : 92)
(43 : 32)
(32 : 22)
(95 : 107)
(82 : 93)
(93 : 94)
(84 : 85)
(66 : 78)
(60 : 59)
(47 : 48)
(94 : 106)
(106 : 107)
(59 : 58)
(32 : 33)
(95 : 96)
(96 : 108)
(72 : 73)
(24 : 14)
(33 : 23)
(92 : 104)
(67 : 68)
(91 : 92)
(23 : 13)
(13 : 14)
(48 : 37)
(28 : 27)
(27 : 37)
(93 : 105)
(78 : 77)
(77 : 76)
(108 : 109)
(47 : 46)
(67 : 79)
(78 : 89)
(67 : 55)
(55 : 54)
(91 : 103)
(9 : 2)
(91 : 90)
(90 : 89)
(90 : 102)
(43 : 42)
(42 : 53)
(53 : 52)
(28 : 29)
(60 : 49)
(68 : 56)
(60 : 61)
(61 : 73)
(52 : 64)
(89 : 88)
(88 : 87)
(42 : 31)
(31 : 32)
(88 : 100)
(37 : 38)
(38 : 28)
(87 : 99)
(56 : 45)
(10 : 11)
(22 : 12)
(12 : 13)
(29 : 19)
(33 : 34)
(109 : 97)
(9 : 8)
(100 : 101)
(2 : 0)
(73 : 74)
(28 : 18)
(38 : 39)
(39 : 29)
(27 : 17)
(17 : 8)
(17 : 18)
(36 : 26)
(58 : 57)
(57 : 56)
(61 : 50)
(14 : 7)
(55 : 44)
(19 : 20)
(20 : 11)
(39 : 40)
(74 : 62)
(62 : 51)
(22 : 21)
(17 : 16)
(16 : 26)
(42 : 41)
(14 : 15)
(2 : 1)
(74 : 75)
(85 : 86)
(86 : 74)
(2 : 3)
(12 : 5)
(13 : 6)
(6 : 7)
(97 : 98)
(26 : 25)
(25 : 24)
(25 : 35)
(75 : 63)
(40 : 30)
(5 : 4)
(2 : 8)
(3 : 9)
(6 : 12)
(9 : 17)
(19 : 11)
(13 : 22)
(14 : 23)
(19 : 28)
(22 : 31)
(25 : 36)
(33 : 43)
(42 : 52)
(42 : 54)
(54 : 44)
(64 : 53)
(54 : 65)
(66 : 55)
(59 : 72)
(63 : 74)
(72 : 83)
(77 : 89)
(91 : 81)
(85 : 95)
(89 : 100)
(90 : 103)
(92 : 103)
(95 : 108)
(97 : 108)
