1581.0
4
10
66 106 16 81 34 62 87 83 40 36 
31.0 4.0 8.0 45.0 11.0 53.0 42.0 83.0 20.0 76.0 27.0 54.0 24.0 4.0 56.0 26.0 45.0 96.0 94.0 52.0 18.0 19.0 49.0 80.0 33.0 38.0 90.0 96.0 86.0 90.0 23.0 8.0 55.0 13.0 98.0 85.0 98.0 39.0 17.0 93.0 75.0 13.0 78.0 19.0 46.0 54.0 19.0 24.0 90.0 45.0 27.0 29.0 10.0 62.0 43.0 66.0 77.0 13.0 11.0 66.0 48.0 38.0 33.0 47.0 94.0 10.0 16.0 46.0 98.0 78.0 87.0 18.0 95.0 20.0 43.0 81.0 29.0 10.0 0.0 85.0 61.0 52.0 39.0 41.0 5.0 12.0 77.0 27.0 54.0 48.0 52.0 32.0 20.0 52.0 64.0 34.0 47.0 32.0 36.0 88.0 
(34 : 35)
(35 : 47)
(35 : 23)
(62 : 50)
(62 : 63)
(23 : 12)
(50 : 38)
(66 : 54)
(106 : 96)
(54 : 42)
(34 : 33)
(83 : 84)
(62 : 74)
(42 : 30)
(50 : 49)
(34 : 46)
(40 : 28)
(106 : 105)
(66 : 67)
(16 : 7)
(54 : 53)
(83 : 72)
(72 : 71)
(53 : 52)
(7 : 6)
(105 : 104)
(50 : 51)
(96 : 95)
(54 : 55)
(47 : 48)
(63 : 64)
(49 : 37)
(37 : 36)
(55 : 43)
(51 : 39)
(39 : 38)
(39 : 40)
(28 : 29)
(42 : 41)
(41 : 53)
(43 : 31)
(31 : 30)
(63 : 75)
(75 : 76)
(105 : 109)
(41 : 29)
(30 : 18)
(12 : 11)
(60 : 72)
(46 : 45)
(45 : 33)
(12 : 4)
(40 : 41)
(106 : 107)
(4 : 5)
(42 : 43)
(104 : 103)
(60 : 59)
(59 : 47)
(63 : 51)
(66 : 78)
(40 : 52)
(55 : 67)
(103 : 102)
(95 : 86)
(86 : 75)
(86 : 87)
(74 : 73)
(73 : 61)
(73 : 84)
(72 : 73)
(59 : 58)
(58 : 46)
(36 : 24)
(96 : 97)
(97 : 107)
(12 : 13)
(81 : 70)
(70 : 58)
(70 : 71)
(97 : 98)
(48 : 49)
(76 : 64)
(76 : 77)
(29 : 17)
(49 : 61)
(86 : 85)
(85 : 84)
(64 : 65)
(65 : 53)
(65 : 77)
(16 : 15)
(67 : 79)
(16 : 17)
(58 : 57)
(79 : 90)
(77 : 88)
(52 : 64)
(83 : 82)
(82 : 81)
(33 : 21)
(57 : 56)
(21 : 10)
(10 : 9)
(36 : 48)
(28 : 27)
(27 : 15)
(107 : 108)
(93 : 103)
(24 : 25)
(34 : 22)
(22 : 11)
(45 : 44)
(11 : 3)
(4 : 0)
(27 : 26)
(26 : 38)
(88 : 89)
(89 : 78)
(70 : 69)
(88 : 87)
(88 : 97)
(17 : 8)
(10 : 2)
(13 : 14)
(82 : 91)
(93 : 92)
(92 : 102)
(38 : 37)
(69 : 68)
(68 : 56)
(62 : 61)
(105 : 95)
(84 : 93)
(102 : 101)
(90 : 99)
(69 : 80)
(11 : 10)
(93 : 94)
(94 : 85)
(94 : 104)
(101 : 100)
(9 : 20)
(92 : 83)
(31 : 19)
(20 : 32)
(32 : 44)
(0 : 1)
(1 : 5)
(3 : 10)
(4 : 11)
(5 : 12)
(7 : 15)
(16 : 27)
(17 : 28)
(19 : 30)
(22 : 33)
(23 : 34)
(28 : 39)
(30 : 41)
(30 : 43)
(33 : 44)
(40 : 51)
(52 : 41)
(41 : 54)
(46 : 57)
(47 : 58)
(47 : 60)
(61 : 50)
(52 : 63)
(65 : 54)
(56 : 69)
(58 : 69)
(58 : 71)
(61 : 72)
(63 : 74)
(76 : 65)
(72 : 84)
(74 : 84)
(86 : 76)
(77 : 87)
(82 : 92)
(92 : 84)
(87 : 95)
(88 : 96)
(89 : 97)
(98 : 107)
