8946.0
8
10
271 494 18 390 120 259 407 396 137 126 
90.0 93.0 4.0 75.0 62.0 35.0 78.0 67.0 27.0 96.0 65.0 46.0 84.0 52.0 33.0 6.0 28.0 79.0 24.0 96.0 87.0 46.0 95.0 76.0 6.0 3.0 57.0 39.0 48.0 22.0 97.0 95.0 7.0 54.0 27.0 71.0 50.0 26.0 15.0 63.0 40.0 2.0 74.0 96.0 54.0 75.0 89.0 61.0 92.0 28.0 21.0 57.0 42.0 36.0 93.0 67.0 89.0 20.0 13.0 54.0 69.0 5.0 7.0 30.0 0.0 21.0 21.0 3.0 85.0 39.0 87.0 33.0 31.0 76.0 69.0 79.0 30.0 55.0 73.0 36.0 36.0 28.0 68.0 57.0 88.0 90.0 47.0 89.0 45.0 34.0 57.0 22.0 79.0 80.0 45.0 38.0 92.0 25.0 0.0 37.0 18.0 26.0 3.0 72.0 83.0 20.0 86.0 71.0 48.0 27.0 51.0 99.0 53.0 63.0 11.0 28.0 59.0 10.0 17.0 22.0 79.0 55.0 65.0 49.0 34.0 98.0 5.0 73.0 71.0 97.0 48.0 45.0 79.0 74.0 30.0 20.0 44.0 53.0 66.0 10.0 36.0 44.0 58.0 50.0 45.0 14.0 10.0 17.0 84.0 14.0 67.0 4.0 96.0 27.0 7.0 78.0 79.0 23.0 24.0 7.0 63.0 92.0 84.0 48.0 85.0 94.0 55.0 21.0 77.0 71.0 8.0 82.0 95.0 3.0 41.0 21.0 56.0 51.0 74.0 90.0 50.0 88.0 83.0 60.0 8.0 46.0 58.0 38.0 0.0 23.0 2.0 86.0 15.0 45.0 69.0 94.0 70.0 42.0 76.0 19.0 27.0 34.0 50.0 24.0 17.0 97.0 30.0 93.0 16.0 44.0 16.0 75.0 2.0 70.0 25.0 53.0 68.0 10.0 40.0 5.0 2.0 81.0 23.0 14.0 11.0 49.0 18.0 53.0 40.0 63.0 13.0 62.0 20.0 72.0 67.0 50.0 16.0 83.0 31.0 44.0 25.0 6.0 43.0 15.0 53.0 51.0 6.0 56.0 29.0 90.0 91.0 96.0 99.0 33.0 18.0 57.0 16.0 54.0 56.0 41.0 53.0 56.0 45.0 52.0 82.0 19.0 5.0 9.0 91.0 90.0 45.0 14.0 50.0 60.0 63.0 60.0 31.0 12.0 90.0 59.0 28.0 24.0 54.0 87.0 48.0 27.0 44.0 80.0 33.0 0.0 84.0 68.0 24.0 73.0 75.0 98.0 87.0 73.0 32.0 63.0 14.0 36.0 12.0 5.0 56.0 24.0 23.0 74.0 47.0 79.0 14.0 94.0 93.0 42.0 91.0 52.0 89.0 17.0 93.0 2.0 99.0 65.0 81.0 12.0 56.0 30.0 16.0 14.0 24.0 82.0 18.0 92.0 41.0 85.0 83.0 98.0 54.0 32.0 63.0 73.0 84.0 98.0 46.0 82.0 74.0 8.0 30.0 33.0 25.0 68.0 22.0 79.0 97.0 47.0 23.0 14.0 96.0 57.0 6.0 26.0 97.0 48.0 37.0 22.0 46.0 15.0 10.0 1.0 83.0 71.0 7.0 82.0 21.0 49.0 55.0 14.0 7.0 99.0 24.0 30.0 19.0 97.0 8.0 10.0 95.0 65.0 34.0 7.0 10.0 65.0 46.0 15.0 43.0 66.0 96.0 81.0 85.0 22.0 67.0 14.0 8.0 47.0 71.0 25.0 67.0 71.0 12.0 51.0 92.0 94.0 47.0 20.0 17.0 36.0 36.0 72.0 11.0 84.0 53.0 59.0 96.0 37.0 60.0 77.0 78.0 82.0 90.0 79.0 81.0 44.0 98.0 30.0 47.0 76.0 94.0 33.0 37.0 21.0 17.0 48.0 4.0 0.0 10.0 94.0 97.0 15.0 97.0 77.0 4.0 74.0 37.0 48.0 9.0 49.0 86.0 16.0 70.0 75.0 80.0 9.0 38.0 9.0 79.0 51.0 27.0 99.0 4.0 81.0 40.0 54.0 50.0 10.0 28.0 95.0 99.0 31.0 45.0 79.0 27.0 55.0 85.0 83.0 81.0 59.0 16.0 11.0 89.0 55.0 31.0 68.0 95.0 79.0 73.0 11.0 18.0 33.0 56.0 21.0 0.0 46.0 
(271 : 270)
(137 : 110)
(126 : 127)
(390 : 391)
(407 : 406)
(110 : 111)
(270 : 250)
(494 : 493)
(406 : 405)
(407 : 428)
(110 : 109)
(259 : 260)
(391 : 414)
(259 : 239)
(270 : 269)
(137 : 138)
(396 : 374)
(109 : 85)
(390 : 389)
(390 : 368)
(137 : 136)
(396 : 395)
(493 : 492)
(120 : 95)
(250 : 232)
(494 : 506)
(390 : 413)
(389 : 367)
(506 : 505)
(505 : 493)
(18 : 9)
(137 : 161)
(413 : 433)
(367 : 345)
(136 : 135)
(135 : 134)
(95 : 72)
(18 : 17)
(134 : 133)
(413 : 412)
(18 : 19)
(413 : 414)
(9 : 2)
(120 : 119)
(136 : 160)
(111 : 112)
(412 : 411)
(269 : 249)
(134 : 158)
(411 : 388)
(120 : 145)
(135 : 159)
(239 : 221)
(259 : 258)
(396 : 419)
(133 : 132)
(433 : 434)
(396 : 397)
(127 : 128)
(258 : 257)
(158 : 184)
(138 : 139)
(258 : 282)
(258 : 238)
(238 : 239)
(282 : 283)
(257 : 237)
(237 : 238)
(19 : 30)
(405 : 382)
(391 : 369)
(391 : 392)
(433 : 432)
(139 : 140)
(494 : 495)
(428 : 427)
(140 : 113)
(127 : 102)
(132 : 105)
(113 : 89)
(397 : 375)
(432 : 449)
(388 : 366)
(89 : 66)
(250 : 251)
(251 : 271)
(493 : 481)
(395 : 373)
(374 : 352)
(111 : 87)
(111 : 138)
(405 : 426)
(251 : 252)
(112 : 88)
(88 : 89)
(145 : 146)
(373 : 351)
(351 : 352)
(414 : 415)
(415 : 392)
(146 : 121)
(374 : 373)
(374 : 375)
(249 : 231)
(112 : 113)
(113 : 114)
(88 : 65)
(412 : 432)
(428 : 445)
(121 : 96)
(96 : 95)
(388 : 389)
(375 : 353)
(353 : 352)
(449 : 448)
(432 : 431)
(431 : 411)
(269 : 291)
(132 : 156)
(86 : 85)
(86 : 87)
(427 : 444)
(444 : 445)
(121 : 122)
(367 : 366)
(504 : 503)
(345 : 346)
(231 : 211)
(382 : 383)
(383 : 406)
(127 : 152)
(449 : 450)
(450 : 433)
(139 : 163)
(86 : 63)
(63 : 62)
(146 : 172)
(140 : 141)
(17 : 16)
(412 : 389)
(126 : 101)
(101 : 102)
(494 : 482)
(482 : 481)
(504 : 492)
(395 : 394)
(257 : 281)
(281 : 282)
(232 : 212)
(351 : 327)
(492 : 491)
(212 : 192)
(184 : 185)
(185 : 159)
(237 : 219)
(184 : 183)
(239 : 240)
(133 : 157)
(157 : 183)
(395 : 418)
(418 : 419)
(139 : 112)
(503 : 502)
(290 : 268)
(257 : 256)
(394 : 417)
(417 : 418)
(375 : 376)
(369 : 347)
(140 : 164)
(101 : 78)
(232 : 233)
(233 : 251)
(237 : 236)
(327 : 328)
(397 : 420)
(328 : 329)
(95 : 94)
(94 : 119)
(85 : 84)
(434 : 435)
(435 : 415)
(428 : 429)
(429 : 408)
(141 : 165)
(88 : 87)
(491 : 479)
(328 : 302)
(66 : 49)
(376 : 377)
(184 : 205)
(351 : 350)
(376 : 354)
(281 : 306)
(271 : 293)
(491 : 490)
(490 : 502)
(290 : 315)
(72 : 71)
(119 : 144)
(144 : 145)
(152 : 153)
(366 : 344)
(344 : 345)
(19 : 10)
(212 : 213)
(213 : 233)
(72 : 54)
(30 : 29)
(66 : 67)
(293 : 292)
(292 : 291)
(54 : 55)
(346 : 322)
(160 : 186)
(427 : 426)
(445 : 446)
(495 : 507)
(10 : 3)
(329 : 303)
(347 : 323)
(9 : 8)
(8 : 17)
(183 : 182)
(134 : 107)
(192 : 191)
(382 : 361)
(232 : 231)
(429 : 430)
(430 : 409)
(144 : 143)
(302 : 301)
(418 : 438)
(3 : 4)
(368 : 346)
(372 : 371)
(63 : 64)
(445 : 459)
(84 : 61)
(372 : 350)
(71 : 70)
(371 : 370)
(10 : 11)
(19 : 20)
(20 : 31)
(213 : 214)
(11 : 12)
(426 : 425)
(161 : 162)
(162 : 138)
(162 : 163)
(367 : 368)
(268 : 267)
(361 : 338)
(507 : 508)
(425 : 424)
(67 : 50)
(77 : 58)
(161 : 187)
(267 : 266)
(101 : 100)
(100 : 77)
(126 : 125)
(49 : 48)
(48 : 31)
(48 : 65)
(329 : 330)
(394 : 393)
(17 : 28)
(146 : 147)
(147 : 122)
(502 : 501)
(10 : 9)
(347 : 348)
(348 : 370)
(505 : 504)
(185 : 206)
(206 : 205)
(20 : 21)
(21 : 12)
(4 : 5)
(5 : 12)
(409 : 386)
(408 : 385)
(183 : 204)
(479 : 478)
(482 : 483)
(483 : 495)
(122 : 97)
(97 : 96)
(11 : 4)
(20 : 11)
(393 : 416)
(105 : 106)
(106 : 133)
(106 : 107)
(369 : 368)
(369 : 370)
(96 : 73)
(73 : 55)
(31 : 32)
(32 : 21)
(32 : 49)
(160 : 161)
(252 : 272)
(417 : 437)
(437 : 438)
(233 : 234)
(238 : 220)
(220 : 219)
(220 : 221)
(451 : 452)
(329 : 353)
(171 : 170)
(213 : 193)
(193 : 192)
(5 : 6)
(71 : 53)
(62 : 45)
(45 : 28)
(419 : 439)
(164 : 190)
(190 : 191)
(377 : 355)
(186 : 207)
(354 : 353)
(354 : 355)
(186 : 185)
(50 : 33)
(33 : 32)
(424 : 403)
(147 : 148)
(289 : 290)
(303 : 304)
(304 : 330)
(58 : 41)
(496 : 508)
(323 : 297)
(448 : 462)
(153 : 178)
(126 : 151)
(268 : 248)
(248 : 249)
(248 : 247)
(64 : 47)
(448 : 431)
(462 : 475)
(382 : 381)
(475 : 486)
(177 : 152)
(178 : 179)
(425 : 404)
(114 : 90)
(90 : 89)
(121 : 120)
(425 : 442)
(187 : 188)
(344 : 320)
(282 : 307)
(307 : 308)
(73 : 74)
(12 : 13)
(13 : 6)
(291 : 316)
(316 : 315)
(462 : 463)
(463 : 449)
(372 : 373)
(266 : 265)
(144 : 170)
(204 : 223)
(77 : 76)
(122 : 123)
(123 : 148)
(224 : 223)
(308 : 334)
(71 : 94)
(348 : 324)
(266 : 246)
(307 : 333)
(248 : 230)
(230 : 231)
(108 : 84)
(361 : 360)
(132 : 131)
(192 : 166)
(450 : 464)
(464 : 465)
(223 : 222)
(327 : 326)
(326 : 350)
(475 : 476)
(283 : 284)
(284 : 260)
(145 : 171)
(206 : 225)
(225 : 224)
(55 : 37)
(107 : 83)
(178 : 199)
(266 : 288)
(288 : 289)
(416 : 436)
(436 : 437)
(289 : 314)
(314 : 315)
(420 : 421)
(90 : 91)
(225 : 243)
(492 : 480)
(480 : 479)
(293 : 294)
(409 : 410)
(119 : 118)
(333 : 332)
(30 : 47)
(459 : 458)
(163 : 189)
(189 : 190)
(97 : 98)
(234 : 214)
(218 : 219)
(301 : 300)
(41 : 40)
(297 : 298)
(298 : 324)
(156 : 155)
(156 : 182)
(156 : 157)
(482 : 472)
(292 : 317)
(476 : 487)
(487 : 486)
(377 : 399)
(85 : 62)
(2 : 1)
(385 : 384)
(247 : 229)
(397 : 398)
(398 : 376)
(480 : 470)
(45 : 44)
(44 : 27)
(298 : 273)
(256 : 255)
(294 : 319)
(27 : 26)
(334 : 335)
(55 : 56)
(426 : 443)
(443 : 442)
(114 : 115)
(143 : 169)
(61 : 60)
(60 : 83)
(338 : 312)
(283 : 308)
(335 : 309)
(409 : 408)
(306 : 305)
(305 : 304)
(487 : 499)
(46 : 47)
(483 : 473)
(483 : 484)
(265 : 245)
(245 : 246)
(459 : 460)
(460 : 473)
(6 : 7)
(204 : 203)
(203 : 182)
(260 : 261)
(53 : 35)
(331 : 355)
(383 : 362)
(362 : 361)
(490 : 489)
(338 : 337)
(309 : 310)
(182 : 181)
(181 : 155)
(225 : 226)
(226 : 207)
(304 : 279)
(279 : 255)
(123 : 124)
(124 : 125)
(199 : 198)
(198 : 177)
(293 : 318)
(28 : 27)
(28 : 29)
(294 : 272)
(109 : 108)
(109 : 136)
(424 : 441)
(441 : 442)
(273 : 253)
(198 : 216)
(70 : 52)
(52 : 53)
(435 : 452)
(73 : 72)
(211 : 210)
(210 : 190)
(210 : 230)
(419 : 420)
(128 : 103)
(193 : 167)
(167 : 166)
(44 : 43)
(43 : 60)
(170 : 196)
(381 : 380)
(261 : 285)
(285 : 310)
(255 : 254)
(403 : 402)
(305 : 331)
(234 : 252)
(471 : 458)
(337 : 336)
(336 : 335)
(124 : 149)
(250 : 249)
(460 : 461)
(481 : 480)
(385 : 364)
(74 : 75)
(75 : 98)
(476 : 477)
(65 : 64)
(114 : 141)
(26 : 15)
(82 : 59)
(59 : 60)
(281 : 280)
(402 : 401)
(420 : 440)
(335 : 359)
(359 : 358)
(151 : 176)
(451 : 450)
(349 : 348)
(349 : 371)
(29 : 18)
(83 : 82)
(1 : 0)
(317 : 343)
(205 : 224)
(214 : 194)
(503 : 491)
(75 : 57)
(57 : 56)
(91 : 68)
(191 : 165)
(191 : 211)
(289 : 267)
(240 : 241)
(241 : 223)
(394 : 372)
(306 : 332)
(3 : 2)
(301 : 276)
(349 : 325)
(325 : 326)
(506 : 507)
(436 : 453)
(453 : 452)
(61 : 62)
(333 : 357)
(94 : 93)
(93 : 118)
(312 : 287)
(196 : 195)
(195 : 169)
(357 : 356)
(356 : 355)
(356 : 378)
(399 : 400)
(415 : 416)
(37 : 23)
(128 : 129)
(362 : 339)
(446 : 447)
(496 : 497)
(82 : 81)
(247 : 246)
(220 : 201)
(115 : 116)
(479 : 469)
(469 : 470)
(244 : 245)
(52 : 34)
(240 : 260)
(255 : 235)
(56 : 38)
(38 : 37)
(54 : 36)
(36 : 35)
(36 : 37)
(59 : 42)
(236 : 235)
(437 : 454)
(212 : 211)
(308 : 309)
(446 : 429)
(221 : 202)
(141 : 142)
(142 : 166)
(131 : 130)
(386 : 365)
(179 : 154)
(154 : 129)
(93 : 70)
(276 : 275)
(280 : 256)
(386 : 387)
(181 : 180)
(180 : 201)
(143 : 118)
(42 : 25)
(25 : 26)
(63 : 46)
(384 : 363)
(404 : 405)
(310 : 311)
(311 : 286)
(311 : 312)
(244 : 264)
(264 : 265)
(172 : 197)
(453 : 467)
(472 : 459)
(472 : 471)
(484 : 474)
(474 : 461)
(115 : 142)
(102 : 79)
(103 : 80)
(477 : 488)
(488 : 487)
(362 : 363)
(246 : 228)
(13 : 14)
(125 : 150)
(150 : 149)
(150 : 151)
(228 : 227)
(227 : 226)
(227 : 245)
(40 : 39)
(467 : 468)
(495 : 496)
(364 : 340)
(68 : 69)
(130 : 104)
(46 : 29)
(267 : 247)
(236 : 218)
(227 : 208)
(23 : 24)
(68 : 51)
(508 : 509)
(476 : 463)
(343 : 342)
(116 : 117)
(465 : 466)
(241 : 242)
(242 : 224)
(242 : 243)
(35 : 22)
(441 : 456)
(470 : 457)
(452 : 466)
(342 : 341)
(341 : 315)
(378 : 379)
(241 : 261)
(501 : 500)
(47 : 48)
(149 : 174)
(195 : 215)
(484 : 485)
(322 : 296)
(286 : 262)
(262 : 242)
(262 : 261)
(229 : 209)
(302 : 277)
(125 : 100)
(424 : 423)
(423 : 402)
(91 : 92)
(497 : 498)
(273 : 274)
(274 : 275)
(347 : 346)
(334 : 358)
(303 : 278)
(278 : 254)
(325 : 299)
(299 : 298)
(262 : 263)
(199 : 200)
(200 : 218)
(178 : 177)
(393 : 371)
(439 : 455)
(323 : 322)
(435 : 436)
(194 : 168)
(172 : 173)
(150 : 175)
(175 : 174)
(320 : 321)
(321 : 345)
(321 : 322)
(325 : 324)
(400 : 422)
(470 : 471)
(99 : 76)
(99 : 98)
(99 : 100)
(300 : 299)
(108 : 107)
(296 : 295)
(123 : 98)
(288 : 313)
(313 : 340)
(217 : 199)
(217 : 218)
(2 : 8)
(9 : 3)
(3 : 11)
(7 : 13)
(9 : 19)
(18 : 30)
(20 : 30)
(20 : 32)
(27 : 45)
(29 : 45)
(31 : 47)
(33 : 49)
(35 : 52)
(36 : 53)
(43 : 59)
(60 : 44)
(45 : 61)
(46 : 64)
(49 : 65)
(50 : 66)
(54 : 71)
(54 : 73)
(57 : 74)
(82 : 60)
(85 : 63)
(86 : 64)
(87 : 65)
(69 : 91)
(70 : 94)
(73 : 97)
(75 : 97)
(76 : 98)
(77 : 101)
(79 : 101)
(83 : 106)
(84 : 107)
(108 : 85)
(86 : 111)
(111 : 88)
(91 : 114)
(118 : 94)
(124 : 100)
(103 : 127)
(135 : 109)
(136 : 110)
(111 : 139)
(140 : 114)
(128 : 152)
(132 : 155)
(159 : 136)
(160 : 137)
(142 : 165)
(169 : 144)
(170 : 145)
(171 : 146)
(146 : 173)
(150 : 176)
(152 : 178)
(181 : 156)
(157 : 184)
(159 : 184)
(160 : 185)
(166 : 191)
(177 : 199)
(179 : 199)
(190 : 211)
(216 : 199)
(222 : 204)
(205 : 223)
(224 : 206)
(207 : 225)
(217 : 236)
(218 : 237)
(219 : 238)
(223 : 240)
(223 : 242)
(226 : 245)
(229 : 246)
(231 : 250)
(236 : 255)
(257 : 238)
(260 : 241)
(243 : 262)
(252 : 271)
(280 : 257)
(258 : 283)
(259 : 284)
(261 : 284)
(285 : 262)
(288 : 267)
(268 : 291)
(271 : 292)
(298 : 274)
(300 : 276)
(280 : 304)
(305 : 281)
(307 : 283)
(284 : 308)
(286 : 310)
(289 : 313)
(315 : 291)
(293 : 317)
(293 : 319)
(295 : 322)
(297 : 322)
(297 : 324)
(300 : 325)
(302 : 327)
(303 : 328)
(305 : 330)
(305 : 332)
(307 : 332)
(307 : 334)
(322 : 347)
(324 : 347)
(325 : 350)
(328 : 351)
(329 : 352)
(330 : 353)
(333 : 356)
(334 : 359)
(338 : 360)
(348 : 371)
(350 : 371)
(350 : 373)
(351 : 374)
(355 : 378)
(357 : 378)
(363 : 383)
(390 : 369)
(371 : 394)
(372 : 395)
(377 : 398)
(382 : 404)
(382 : 406)
(385 : 407)
(386 : 408)
(387 : 409)
(413 : 391)
(394 : 416)
(418 : 396)
(396 : 420)
(404 : 426)
(407 : 427)
(407 : 429)
(414 : 435)
(419 : 438)
(420 : 439)
(427 : 443)
(430 : 446)
(432 : 450)
(450 : 434)
(435 : 451)
(453 : 437)
(445 : 458)
(446 : 459)
(462 : 449)
(450 : 465)
(460 : 472)
(471 : 482)
(492 : 481)
(490 : 503)
(503 : 492)
(504 : 493)
(507 : 496)
(497 : 508)
