3400.0
5
10
132 207 16 179 62 124 188 183 73 65 
52.0 1.0 43.0 88.0 81.0 0.0 86.0 80.0 17.0 71.0 40.0 97.0 57.0 58.0 89.0 69.0 18.0 53.0 20.0 50.0 1.0 88.0 26.0 72.0 89.0 96.0 75.0 11.0 57.0 10.0 6.0 46.0 72.0 12.0 92.0 40.0 83.0 56.0 80.0 47.0 10.0 45.0 51.0 84.0 93.0 29.0 46.0 40.0 7.0 45.0 71.0 42.0 58.0 33.0 95.0 75.0 80.0 77.0 25.0 40.0 85.0 50.0 77.0 8.0 80.0 72.0 62.0 90.0 73.0 73.0 94.0 19.0 56.0 15.0 6.0 31.0 14.0 17.0 55.0 76.0 80.0 48.0 24.0 62.0 98.0 60.0 36.0 37.0 68.0 90.0 77.0 32.0 39.0 91.0 34.0 84.0 54.0 42.0 5.0 38.0 27.0 72.0 24.0 38.0 8.0 12.0 5.0 38.0 62.0 36.0 32.0 0.0 15.0 65.0 0.0 97.0 52.0 65.0 1.0 14.0 34.0 17.0 13.0 14.0 59.0 52.0 13.0 48.0 14.0 94.0 91.0 92.0 31.0 8.0 80.0 32.0 52.0 38.0 48.0 60.0 57.0 87.0 34.0 13.0 90.0 46.0 12.0 55.0 25.0 37.0 69.0 6.0 11.0 43.0 5.0 19.0 88.0 88.0 12.0 51.0 73.0 53.0 90.0 78.0 39.0 63.0 36.0 14.0 78.0 6.0 53.0 98.0 79.0 37.0 42.0 76.0 88.0 88.0 17.0 35.0 18.0 4.0 57.0 15.0 22.0 45.0 5.0 40.0 25.0 24.0 44.0 63.0 95.0 78.0 90.0 68.0 56.0 60.0 12.0 98.0 
(16 : 4)
(73 : 57)
(179 : 164)
(124 : 125)
(57 : 40)
(73 : 74)
(164 : 165)
(74 : 88)
(188 : 174)
(62 : 45)
(174 : 159)
(159 : 144)
(125 : 108)
(207 : 208)
(124 : 123)
(174 : 173)
(144 : 143)
(124 : 140)
(174 : 175)
(165 : 151)
(207 : 202)
(123 : 107)
(164 : 163)
(163 : 149)
(65 : 66)
(143 : 127)
(62 : 63)
(4 : 3)
(108 : 96)
(108 : 109)
(163 : 178)
(207 : 206)
(73 : 72)
(95 : 96)
(208 : 209)
(178 : 190)
(164 : 150)
(150 : 149)
(88 : 87)
(87 : 73)
(175 : 176)
(4 : 5)
(150 : 134)
(72 : 71)
(134 : 117)
(74 : 58)
(151 : 152)
(133 : 134)
(50 : 49)
(88 : 89)
(107 : 94)
(50 : 51)
(65 : 80)
(159 : 160)
(151 : 135)
(49 : 35)
(5 : 17)
(109 : 126)
(126 : 127)
(86 : 72)
(202 : 199)
(87 : 99)
(96 : 84)
(133 : 116)
(51 : 52)
(209 : 204)
(179 : 191)
(191 : 190)
(86 : 98)
(98 : 99)
(51 : 37)
(116 : 104)
(132 : 115)
(127 : 110)
(143 : 142)
(17 : 29)
(208 : 203)
(199 : 198)
(97 : 109)
(95 : 83)
(5 : 6)
(173 : 158)
(144 : 128)
(51 : 67)
(67 : 66)
(74 : 75)
(173 : 172)
(63 : 46)
(88 : 100)
(71 : 70)
(70 : 84)
(97 : 85)
(85 : 84)
(85 : 86)
(62 : 61)
(110 : 111)
(198 : 197)
(6 : 7)
(45 : 33)
(3 : 2)
(140 : 139)
(165 : 180)
(180 : 179)
(111 : 112)
(112 : 100)
(202 : 201)
(201 : 198)
(201 : 206)
(15 : 16)
(152 : 136)
(15 : 27)
(33 : 32)
(188 : 187)
(40 : 28)
(28 : 16)
(28 : 29)
(107 : 106)
(158 : 157)
(33 : 21)
(157 : 156)
(21 : 10)
(198 : 193)
(21 : 22)
(29 : 41)
(41 : 40)
(139 : 154)
(154 : 153)
(154 : 169)
(161 : 160)
(37 : 24)
(27 : 26)
(45 : 44)
(2 : 1)
(104 : 91)
(15 : 14)
(7 : 18)
(49 : 48)
(72 : 56)
(63 : 78)
(104 : 105)
(105 : 117)
(89 : 101)
(112 : 129)
(78 : 77)
(132 : 131)
(32 : 20)
(94 : 93)
(115 : 103)
(132 : 148)
(129 : 130)
(130 : 131)
(83 : 69)
(69 : 70)
(63 : 64)
(58 : 59)
(140 : 155)
(155 : 156)
(156 : 141)
(141 : 125)
(52 : 68)
(68 : 67)
(68 : 69)
(155 : 170)
(1 : 0)
(83 : 82)
(139 : 138)
(101 : 102)
(69 : 53)
(53 : 52)
(52 : 38)
(59 : 42)
(42 : 41)
(70 : 54)
(54 : 53)
(93 : 81)
(81 : 67)
(81 : 82)
(138 : 137)
(170 : 185)
(137 : 121)
(180 : 181)
(59 : 60)
(40 : 39)
(39 : 27)
(152 : 166)
(166 : 165)
(36 : 50)
(170 : 171)
(7 : 8)
(161 : 146)
(136 : 119)
(117 : 118)
(118 : 119)
(29 : 30)
(169 : 168)
(79 : 80)
(181 : 182)
(182 : 183)
(182 : 167)
(167 : 166)
(60 : 43)
(1 : 13)
(54 : 55)
(55 : 71)
(38 : 25)
(25 : 24)
(123 : 122)
(191 : 196)
(101 : 113)
(176 : 189)
(8 : 19)
(121 : 120)
(148 : 147)
(203 : 200)
(78 : 92)
(43 : 31)
(48 : 34)
(64 : 47)
(47 : 48)
(13 : 12)
(129 : 145)
(145 : 146)
(206 : 205)
(20 : 9)
(9 : 10)
(34 : 23)
(103 : 90)
(169 : 184)
(184 : 185)
(113 : 114)
(114 : 131)
(196 : 195)
(22 : 11)
(11 : 10)
(188 : 194)
(197 : 192)
(176 : 177)
(192 : 186)
(186 : 172)
(186 : 187)
(147 : 162)
(162 : 161)
(162 : 177)
(158 : 159)
(61 : 76)
(76 : 91)
(76 : 77)
(2 : 13)
(14 : 3)
(3 : 16)
(5 : 16)
(7 : 19)
(10 : 20)
(15 : 26)
(17 : 28)
(21 : 32)
(25 : 37)
(28 : 39)
(33 : 44)
(36 : 51)
(43 : 59)
(47 : 63)
(49 : 66)
(66 : 51)
(57 : 72)
(59 : 74)
(63 : 77)
(68 : 81)
(70 : 83)
(71 : 84)
(72 : 85)
(84 : 95)
(84 : 97)
(86 : 97)
(98 : 87)
(109 : 125)
(124 : 139)
(125 : 140)
(130 : 145)
(133 : 150)
(146 : 160)
(147 : 161)
(158 : 172)
(160 : 174)
(161 : 177)
(166 : 180)
(170 : 184)
(203 : 207)
(208 : 204)
