1568.0
4
10
67 100 19 81 35 63 87 83 41 37 
75.0 71.0 22.0 53.0 55.0 24.0 29.0 62.0 65.0 32.0 28.0 3.0 71.0 25.0 17.0 21.0 57.0 10.0 62.0 57.0 94.0 74.0 57.0 79.0 12.0 98.0 1.0 10.0 92.0 4.0 19.0 93.0 83.0 36.0 35.0 49.0 90.0 41.0 64.0 7.0 96.0 50.0 58.0 8.0 48.0 39.0 45.0 72.0 70.0 32.0 20.0 21.0 99.0 3.0 42.0 26.0 77.0 79.0 72.0 25.0 92.0 2.0 19.0 26.0 63.0 89.0 39.0 54.0 20.0 8.0 25.0 55.0 72.0 89.0 27.0 11.0 59.0 30.0 68.0 33.0 45.0 45.0 37.0 24.0 32.0 30.0 31.0 22.0 95.0 80.0 29.0 10.0 67.0 14.0 23.0 93.0 69.0 84.0 84.0 6.0 
(87 : 86)
(35 : 24)
(35 : 34)
(41 : 30)
(87 : 94)
(24 : 13)
(35 : 36)
(63 : 64)
(100 : 99)
(87 : 76)
(63 : 51)
(19 : 8)
(76 : 75)
(75 : 64)
(34 : 23)
(64 : 65)
(65 : 53)
(35 : 47)
(99 : 93)
(100 : 107)
(40 : 29)
(29 : 30)
(76 : 77)
(40 : 52)
(52 : 51)
(34 : 46)
(46 : 45)
(88 : 77)
(84 : 73)
(93 : 92)
(92 : 85)
(85 : 84)
(67 : 68)
(63 : 62)
(24 : 25)
(30 : 31)
(31 : 32)
(53 : 54)
(54 : 66)
(13 : 5)
(93 : 94)
(50 : 38)
(38 : 37)
(77 : 78)
(78 : 67)
(46 : 58)
(51 : 39)
(39 : 40)
(45 : 33)
(94 : 95)
(95 : 88)
(36 : 48)
(48 : 47)
(84 : 91)
(30 : 19)
(99 : 98)
(98 : 92)
(36 : 37)
(53 : 41)
(29 : 28)
(28 : 39)
(24 : 23)
(28 : 27)
(64 : 52)
(37 : 49)
(39 : 38)
(73 : 72)
(72 : 83)
(77 : 66)
(48 : 60)
(8 : 1)
(88 : 89)
(94 : 100)
(1 : 0)
(85 : 74)
(74 : 63)
(74 : 75)
(95 : 101)
(101 : 102)
(13 : 14)
(14 : 25)
(31 : 20)
(78 : 79)
(47 : 59)
(59 : 60)
(18 : 29)
(79 : 90)
(34 : 33)
(81 : 70)
(62 : 61)
(61 : 49)
(61 : 72)
(90 : 97)
(1 : 2)
(37 : 26)
(26 : 25)
(54 : 42)
(42 : 31)
(106 : 105)
(105 : 98)
(86 : 85)
(92 : 91)
(97 : 96)
(38 : 27)
(71 : 60)
(42 : 43)
(66 : 65)
(66 : 67)
(18 : 7)
(7 : 0)
(7 : 8)
(51 : 50)
(60 : 61)
(107 : 108)
(108 : 101)
(106 : 107)
(105 : 104)
(28 : 17)
(17 : 18)
(59 : 70)
(47 : 46)
(45 : 57)
(57 : 58)
(33 : 22)
(22 : 23)
(62 : 50)
(62 : 73)
(67 : 55)
(22 : 11)
(74 : 73)
(42 : 41)
(81 : 80)
(48 : 49)
(52 : 53)
(13 : 12)
(14 : 6)
(36 : 25)
(55 : 56)
(56 : 68)
(56 : 44)
(44 : 43)
(83 : 82)
(82 : 71)
(82 : 81)
(8 : 9)
(96 : 95)
(102 : 109)
(80 : 69)
(12 : 4)
(11 : 3)
(20 : 21)
(21 : 32)
(26 : 15)
(97 : 103)
(27 : 16)
(9 : 10)
(10 : 21)
(12 : 5)
(18 : 8)
(10 : 20)
(13 : 23)
(28 : 18)
(19 : 29)
(22 : 34)
(24 : 36)
(25 : 37)
(38 : 28)
(28 : 40)
(29 : 41)
(32 : 42)
(36 : 49)
(38 : 51)
(40 : 53)
(47 : 58)
(48 : 61)
(50 : 61)
(50 : 63)
(65 : 54)
(60 : 72)
(65 : 75)
(66 : 76)
(66 : 78)
(70 : 80)
(71 : 81)
(72 : 82)
(83 : 73)
(84 : 74)
(76 : 86)
(76 : 88)
(78 : 88)
(85 : 93)
(87 : 93)
(95 : 89)
(99 : 94)
(95 : 100)
(105 : 99)
(106 : 100)
(101 : 107)
(102 : 108)
