4487.0
9
20
287 399 159 337 218 284 346 340 227 221 292 275 504 41 407 167 93 451 509 49 
12.0 15.0 70.0 57.0 69.0 14.0 23.0 50.0 51.0 71.0 40.0 13.0 29.0 37.0 56.0 17.0 49.0 13.0 8.0 2.0 54.0 98.0 43.0 78.0 18.0 77.0 11.0 39.0 93.0 16.0 37.0 65.0 34.0 45.0 69.0 56.0 25.0 10.0 74.0 67.0 18.0 89.0 63.0 49.0 35.0 20.0 79.0 7.0 31.0 5.0 71.0 17.0 51.0 87.0 91.0 22.0 58.0 85.0 73.0 34.0 71.0 96.0 72.0 47.0 62.0 31.0 36.0 28.0 19.0 66.0 83.0 36.0 25.0 29.0 30.0 57.0 29.0 39.0 27.0 85.0 14.0 16.0 41.0 31.0 41.0 95.0 8.0 48.0 37.0 19.0 76.0 94.0 38.0 12.0 46.0 45.0 83.0 49.0 94.0 74.0 88.0 28.0 46.0 13.0 55.0 80.0 87.0 70.0 52.0 87.0 18.0 52.0 30.0 33.0 99.0 25.0 72.0 69.0 92.0 50.0 30.0 66.0 72.0 18.0 62.0 44.0 76.0 11.0 71.0 26.0 42.0 50.0 47.0 92.0 45.0 5.0 17.0 11.0 21.0 32.0 45.0 84.0 72.0 20.0 78.0 66.0 60.0 91.0 69.0 12.0 31.0 87.0 12.0 84.0 56.0 42.0 0.0 14.0 25.0 92.0 23.0 15.0 47.0 10.0 65.0 40.0 34.0 26.0 69.0 87.0 41.0 81.0 13.0 39.0 80.0 9.0 20.0 87.0 27.0 35.0 70.0 79.0 51.0 0.0 33.0 72.0 97.0 79.0 23.0 22.0 35.0 84.0 22.0 98.0 68.0 73.0 67.0 10.0 52.0 84.0 56.0 91.0 72.0 45.0 6.0 55.0 92.0 60.0 7.0 93.0 72.0 16.0 94.0 14.0 84.0 68.0 25.0 62.0 10.0 80.0 61.0 2.0 71.0 10.0 22.0 7.0 95.0 23.0 61.0 86.0 55.0 96.0 79.0 83.0 87.0 72.0 25.0 45.0 38.0 81.0 24.0 91.0 46.0 97.0 27.0 93.0 74.0 76.0 34.0 40.0 38.0 26.0 74.0 8.0 9.0 29.0 61.0 76.0 19.0 27.0 91.0 11.0 76.0 15.0 91.0 83.0 52.0 78.0 61.0 81.0 64.0 10.0 68.0 10.0 6.0 34.0 39.0 10.0 91.0 16.0 69.0 86.0 64.0 40.0 45.0 22.0 34.0 59.0 95.0 16.0 31.0 79.0 12.0 27.0 10.0 1.0 8.0 74.0 5.0 28.0 47.0 65.0 2.0 12.0 46.0 40.0 77.0 77.0 22.0 74.0 83.0 6.0 92.0 43.0 55.0 27.0 4.0 91.0 72.0 36.0 61.0 12.0 34.0 70.0 95.0 43.0 24.0 96.0 57.0 35.0 55.0 33.0 47.0 24.0 58.0 89.0 98.0 94.0 30.0 8.0 57.0 42.0 46.0 44.0 12.0 14.0 20.0 34.0 74.0 81.0 39.0 92.0 64.0 50.0 93.0 86.0 52.0 26.0 94.0 43.0 42.0 96.0 9.0 75.0 58.0 37.0 30.0 28.0 46.0 94.0 91.0 95.0 1.0 67.0 23.0 77.0 26.0 77.0 99.0 46.0 38.0 64.0 24.0 59.0 87.0 66.0 3.0 24.0 88.0 11.0 62.0 18.0 38.0 19.0 18.0 65.0 49.0 74.0 49.0 65.0 67.0 84.0 70.0 76.0 1.0 77.0 26.0 99.0 66.0 29.0 77.0 91.0 39.0 29.0 93.0 99.0 27.0 22.0 79.0 39.0 80.0 46.0 20.0 92.0 6.0 3.0 60.0 13.0 18.0 72.0 46.0 75.0 96.0 68.0 21.0 67.0 37.0 83.0 83.0 76.0 82.0 55.0 21.0 86.0 0.0 12.0 12.0 59.0 61.0 4.0 83.0 15.0 76.0 57.0 25.0 13.0 37.0 17.0 33.0 33.0 73.0 33.0 39.0 96.0 44.0 69.0 21.0 92.0 84.0 97.0 10.0 96.0 49.0 23.0 43.0 97.0 67.0 59.0 8.0 48.0 24.0 46.0 61.0 59.0 24.0 36.0 28.0 23.0 20.0 56.0 85.0 64.0 42.0 42.0 54.0 62.0 53.0 22.0 79.0 45.0 
(49 : 50)
(93 : 76)
(218 : 197)
(407 : 387)
(221 : 220)
(76 : 75)
(167 : 166)
(220 : 198)
(93 : 92)
(283 : 282)
(399 : 381)
(93 : 113)
(408 : 425)
(337 : 336)
(166 : 165)
(267 : 248)
(165 : 164)
(50 : 68)
(287 : 286)
(451 : 431)
(113 : 112)
(112 : 92)
(431 : 430)
(431 : 413)
(407 : 406)
(286 : 266)
(220 : 219)
(219 : 218)
(284 : 262)
(76 : 77)
(425 : 447)
(262 : 263)
(166 : 188)
(509 : 508)
(41 : 42)
(406 : 386)
(386 : 387)
(221 : 222)
(113 : 131)
(49 : 28)
(28 : 9)
(42 : 21)
(386 : 372)
(408 : 388)
(188 : 189)
(407 : 424)
(28 : 27)
(372 : 371)
(41 : 40)
(284 : 303)
(159 : 158)
(112 : 111)
(386 : 385)
(385 : 371)
(337 : 316)
(69 : 70)
(266 : 247)
(447 : 446)
(446 : 424)
(42 : 43)
(431 : 432)
(372 : 351)
(43 : 22)
(432 : 452)
(452 : 451)
(21 : 20)
(20 : 41)
(21 : 4)
(198 : 175)
(447 : 462)
(112 : 130)
(130 : 131)
(504 : 503)
(218 : 242)
(165 : 187)
(187 : 188)
(4 : 3)
(3 : 20)
(451 : 450)
(423 : 406)
(166 : 144)
(247 : 246)
(227 : 203)
(423 : 445)
(399 : 398)
(188 : 210)
(303 : 304)
(50 : 29)
(509 : 510)
(387 : 388)
(398 : 397)
(222 : 199)
(247 : 229)
(346 : 347)
(28 : 29)
(68 : 67)
(67 : 49)
(222 : 223)
(430 : 429)
(429 : 412)
(357 : 334)
(130 : 150)
(164 : 163)
(406 : 405)
(288 : 287)
(346 : 345)
(27 : 26)
(249 : 230)
(20 : 19)
(19 : 40)
(452 : 453)
(261 : 260)
(261 : 282)
(283 : 302)
(302 : 303)
(40 : 60)
(167 : 145)
(405 : 404)
(282 : 281)
(304 : 322)
(462 : 461)
(21 : 22)
(210 : 209)
(218 : 217)
(111 : 91)
(404 : 403)
(446 : 445)
(446 : 461)
(227 : 228)
(228 : 229)
(197 : 196)
(281 : 280)
(400 : 419)
(230 : 206)
(111 : 110)
(286 : 307)
(345 : 323)
(41 : 61)
(265 : 264)
(264 : 263)
(227 : 245)
(245 : 246)
(340 : 319)
(164 : 186)
(266 : 267)
(490 : 491)
(412 : 411)
(226 : 202)
(202 : 203)
(429 : 428)
(428 : 411)
(351 : 330)
(347 : 324)
(67 : 66)
(432 : 414)
(414 : 393)
(414 : 413)
(504 : 513)
(275 : 274)
(411 : 390)
(407 : 408)
(43 : 44)
(390 : 389)
(203 : 180)
(9 : 8)
(288 : 289)
(202 : 179)
(179 : 180)
(29 : 30)
(262 : 243)
(300 : 319)
(88 : 70)
(380 : 397)
(505 : 504)
(375 : 358)
(223 : 200)
(453 : 454)
(468 : 469)
(469 : 453)
(68 : 87)
(288 : 309)
(114 : 94)
(69 : 51)
(281 : 260)
(30 : 31)
(70 : 52)
(52 : 31)
(44 : 63)
(451 : 467)
(467 : 468)
(150 : 149)
(91 : 90)
(90 : 110)
(319 : 320)
(358 : 335)
(335 : 334)
(404 : 421)
(320 : 341)
(341 : 340)
(62 : 61)
(281 : 300)
(61 : 81)
(264 : 285)
(334 : 333)
(302 : 301)
(301 : 300)
(301 : 320)
(61 : 60)
(454 : 455)
(78 : 59)
(289 : 268)
(229 : 204)
(322 : 344)
(374 : 356)
(356 : 333)
(149 : 170)
(40 : 39)
(62 : 82)
(82 : 81)
(322 : 323)
(351 : 352)
(469 : 485)
(149 : 148)
(196 : 173)
(60 : 80)
(77 : 57)
(57 : 35)
(284 : 283)
(467 : 466)
(466 : 450)
(204 : 182)
(292 : 272)
(412 : 391)
(391 : 392)
(44 : 45)
(45 : 23)
(92 : 75)
(92 : 91)
(425 : 424)
(148 : 129)
(52 : 53)
(398 : 418)
(75 : 56)
(374 : 391)
(352 : 331)
(331 : 330)
(5 : 6)
(6 : 23)
(353 : 352)
(223 : 224)
(224 : 243)
(396 : 379)
(379 : 380)
(57 : 58)
(90 : 73)
(145 : 127)
(145 : 146)
(163 : 162)
(182 : 161)
(428 : 427)
(70 : 71)
(71 : 53)
(31 : 11)
(452 : 468)
(401 : 400)
(356 : 355)
(274 : 273)
(175 : 174)
(418 : 417)
(417 : 397)
(282 : 301)
(379 : 365)
(469 : 470)
(360 : 361)
(126 : 125)
(56 : 34)
(226 : 225)
(225 : 224)
(224 : 201)
(80 : 96)
(509 : 516)
(82 : 83)
(74 : 55)
(55 : 56)
(144 : 145)
(341 : 342)
(342 : 364)
(196 : 195)
(195 : 216)
(343 : 344)
(404 : 384)
(204 : 205)
(210 : 233)
(174 : 154)
(71 : 89)
(513 : 512)
(167 : 168)
(168 : 146)
(491 : 475)
(217 : 241)
(75 : 74)
(371 : 370)
(396 : 395)
(241 : 240)
(420 : 401)
(135 : 117)
(468 : 484)
(484 : 485)
(131 : 132)
(51 : 50)
(249 : 250)
(250 : 268)
(400 : 399)
(45 : 46)
(324 : 325)
(325 : 307)
(348 : 367)
(367 : 366)
(306 : 305)
(306 : 307)
(321 : 302)
(421 : 422)
(422 : 423)
(68 : 69)
(432 : 433)
(83 : 84)
(84 : 63)
(159 : 139)
(508 : 507)
(273 : 254)
(513 : 514)
(514 : 505)
(428 : 449)
(324 : 306)
(331 : 312)
(250 : 231)
(84 : 85)
(82 : 98)
(98 : 97)
(55 : 54)
(54 : 73)
(80 : 79)
(150 : 171)
(424 : 423)
(58 : 36)
(357 : 356)
(11 : 10)
(46 : 24)
(24 : 23)
(307 : 308)
(308 : 287)
(308 : 309)
(89 : 108)
(343 : 365)
(226 : 244)
(226 : 227)
(504 : 490)
(357 : 358)
(342 : 321)
(342 : 343)
(250 : 251)
(316 : 297)
(245 : 244)
(245 : 265)
(470 : 471)
(471 : 455)
(484 : 483)
(139 : 121)
(121 : 99)
(471 : 487)
(510 : 517)
(517 : 516)
(471 : 472)
(470 : 486)
(486 : 487)
(453 : 433)
(517 : 518)
(483 : 482)
(389 : 373)
(73 : 72)
(479 : 461)
(316 : 317)
(255 : 254)
(201 : 178)
(514 : 515)
(450 : 430)
(34 : 13)
(350 : 351)
(121 : 122)
(58 : 59)
(507 : 506)
(84 : 99)
(63 : 64)
(64 : 85)
(162 : 184)
(19 : 18)
(472 : 473)
(231 : 207)
(289 : 310)
(126 : 105)
(105 : 87)
(105 : 104)
(272 : 271)
(182 : 181)
(181 : 180)
(337 : 338)
(338 : 361)
(100 : 122)
(248 : 247)
(405 : 385)
(176 : 156)
(445 : 444)
(444 : 422)
(173 : 152)
(152 : 153)
(479 : 478)
(483 : 500)
(411 : 410)
(410 : 427)
(390 : 391)
(114 : 115)
(299 : 280)
(85 : 86)
(264 : 244)
(151 : 132)
(151 : 152)
(156 : 137)
(495 : 476)
(433 : 434)
(434 : 454)
(110 : 109)
(109 : 128)
(476 : 477)
(215 : 239)
(239 : 240)
(99 : 100)
(186 : 208)
(208 : 207)
(208 : 209)
(85 : 100)
(512 : 511)
(49 : 48)
(48 : 27)
(186 : 185)
(338 : 339)
(373 : 354)
(172 : 173)
(185 : 163)
(168 : 190)
(455 : 435)
(405 : 422)
(125 : 124)
(410 : 409)
(36 : 37)
(127 : 107)
(240 : 258)
(2 : 18)
(215 : 214)
(255 : 256)
(455 : 456)
(317 : 298)
(189 : 190)
(269 : 268)
(135 : 136)
(136 : 155)
(136 : 137)
(251 : 232)
(232 : 231)
(217 : 216)
(275 : 276)
(115 : 133)
(366 : 347)
(435 : 436)
(436 : 456)
(199 : 200)
(122 : 123)
(434 : 415)
(2 : 1)
(467 : 483)
(256 : 237)
(107 : 88)
(107 : 106)
(18 : 17)
(115 : 116)
(116 : 95)
(359 : 358)
(17 : 16)
(236 : 235)
(235 : 254)
(309 : 326)
(397 : 396)
(178 : 177)
(177 : 176)
(177 : 200)
(257 : 258)
(216 : 240)
(470 : 454)
(234 : 233)
(189 : 167)
(478 : 497)
(280 : 279)
(194 : 193)
(193 : 170)
(360 : 376)
(16 : 0)
(0 : 1)
(201 : 200)
(246 : 228)
(37 : 15)
(154 : 134)
(134 : 116)
(134 : 133)
(134 : 135)
(518 : 519)
(295 : 277)
(277 : 257)
(120 : 121)
(181 : 160)
(160 : 159)
(160 : 161)
(118 : 117)
(120 : 119)
(119 : 98)
(119 : 138)
(183 : 182)
(183 : 205)
(183 : 184)
(427 : 426)
(426 : 409)
(426 : 448)
(481 : 482)
(105 : 106)
(153 : 133)
(153 : 154)
(439 : 419)
(355 : 332)
(332 : 333)
(328 : 329)
(329 : 330)
(465 : 449)
(54 : 33)
(326 : 327)
(327 : 310)
(327 : 328)
(14 : 13)
(488 : 487)
(91 : 74)
(269 : 270)
(270 : 290)
(217 : 196)
(270 : 252)
(252 : 251)
(116 : 117)
(365 : 364)
(143 : 124)
(33 : 32)
(170 : 169)
(169 : 192)
(333 : 313)
(313 : 314)
(237 : 212)
(212 : 192)
(295 : 296)
(296 : 315)
(439 : 440)
(440 : 420)
(16 : 38)
(448 : 463)
(495 : 496)
(496 : 510)
(496 : 497)
(211 : 190)
(493 : 506)
(162 : 142)
(142 : 141)
(142 : 143)
(273 : 293)
(32 : 12)
(379 : 378)
(378 : 364)
(378 : 395)
(442 : 443)
(443 : 444)
(417 : 437)
(339 : 318)
(318 : 299)
(318 : 319)
(440 : 460)
(206 : 205)
(206 : 207)
(485 : 501)
(338 : 317)
(213 : 193)
(213 : 212)
(310 : 309)
(383 : 403)
(439 : 459)
(459 : 460)
(481 : 480)
(480 : 465)
(477 : 478)
(415 : 394)
(394 : 376)
(214 : 238)
(238 : 239)
(311 : 330)
(124 : 103)
(103 : 104)
(459 : 458)
(458 : 438)
(491 : 492)
(488 : 502)
(24 : 25)
(25 : 7)
(25 : 26)
(298 : 297)
(298 : 299)
(442 : 441)
(25 : 47)
(47 : 46)
(278 : 297)
(66 : 65)
(508 : 494)
(494 : 495)
(100 : 101)
(101 : 86)
(101 : 123)
(479 : 498)
(498 : 499)
(350 : 349)
(349 : 328)
(349 : 370)
(362 : 339)
(490 : 474)
(274 : 255)
(161 : 140)
(140 : 123)
(140 : 141)
(214 : 194)
(214 : 213)
(148 : 147)
(147 : 128)
(370 : 369)
(369 : 383)
(396 : 416)
(416 : 417)
(362 : 377)
(253 : 234)
(253 : 272)
(362 : 363)
(363 : 340)
(382 : 402)
(402 : 401)
(464 : 463)
(464 : 465)
(490 : 489)
(489 : 503)
(382 : 368)
(368 : 367)
(178 : 157)
(291 : 271)
(291 : 290)
(291 : 311)
(259 : 242)
(259 : 278)
(295 : 294)
(294 : 314)
(176 : 199)
(101 : 102)
(192 : 191)
(475 : 457)
(457 : 437)
(9 : 27)
(19 : 41)
(29 : 51)
(37 : 58)
(40 : 61)
(61 : 42)
(45 : 63)
(50 : 69)
(55 : 73)
(74 : 56)
(81 : 62)
(74 : 92)
(97 : 82)
(100 : 86)
(103 : 125)
(105 : 125)
(110 : 128)
(134 : 117)
(135 : 118)
(147 : 129)
(162 : 143)
(148 : 170)
(150 : 170)
(185 : 164)
(165 : 186)
(169 : 193)
(183 : 206)
(207 : 186)
(193 : 214)
(195 : 217)
(207 : 230)
(239 : 216)
(244 : 227)
(227 : 246)
(231 : 249)
(235 : 255)
(239 : 258)
(244 : 265)
(266 : 248)
(251 : 268)
(273 : 255)
(260 : 282)
(286 : 267)
(270 : 291)
(291 : 272)
(297 : 279)
(298 : 280)
(299 : 281)
(302 : 284)
(309 : 289)
(317 : 299)
(318 : 300)
(302 : 320)
(330 : 312)
(319 : 339)
(344 : 323)
(325 : 347)
(349 : 329)
(330 : 350)
(333 : 357)
(357 : 335)
(337 : 361)
(361 : 339)
(340 : 362)
(366 : 348)
(370 : 350)
(351 : 371)
(364 : 379)
(370 : 383)
(379 : 397)
(383 : 404)
(406 : 387)
(411 : 391)
(417 : 398)
(421 : 405)
(423 : 407)
(424 : 408)
(409 : 427)
(439 : 420)
(443 : 422)
(446 : 425)
(430 : 451)
(433 : 454)
(458 : 439)
(446 : 462)
(451 : 468)
(456 : 471)
(467 : 482)
(470 : 485)
(487 : 472)
(474 : 491)
(495 : 477)
(478 : 498)
(489 : 504)
(504 : 491)
(508 : 495)
(496 : 509)
(504 : 512)
