4607.0
8
20
246 382 111 307 161 240 315 310 168 163 250 229 495 26 390 115 62 438 502 28 
18.0 33.0 85.0 19.0 11.0 90.0 98.0 5.0 4.0 90.0 41.0 19.0 84.0 56.0 94.0 74.0 86.0 74.0 25.0 93.0 89.0 2.0 52.0 39.0 12.0 79.0 6.0 9.0 84.0 37.0 20.0 92.0 78.0 95.0 99.0 84.0 74.0 12.0 23.0 87.0 57.0 51.0 11.0 38.0 86.0 66.0 96.0 89.0 17.0 7.0 57.0 87.0 36.0 46.0 23.0 38.0 30.0 9.0 82.0 61.0 49.0 91.0 43.0 61.0 74.0 1.0 14.0 31.0 9.0 22.0 48.0 10.0 77.0 59.0 32.0 94.0 39.0 71.0 98.0 88.0 65.0 99.0 43.0 29.0 34.0 75.0 11.0 94.0 0.0 56.0 87.0 32.0 13.0 74.0 19.0 16.0 27.0 58.0 15.0 12.0 44.0 8.0 86.0 32.0 66.0 25.0 12.0 69.0 67.0 23.0 33.0 8.0 17.0 74.0 57.0 8.0 28.0 92.0 24.0 2.0 62.0 12.0 51.0 76.0 82.0 34.0 84.0 15.0 85.0 41.0 46.0 87.0 37.0 92.0 88.0 42.0 43.0 12.0 54.0 96.0 48.0 83.0 13.0 19.0 63.0 8.0 28.0 49.0 77.0 50.0 51.0 71.0 36.0 25.0 37.0 86.0 88.0 70.0 38.0 96.0 43.0 95.0 80.0 99.0 33.0 92.0 16.0 57.0 40.0 80.0 13.0 73.0 49.0 23.0 74.0 49.0 66.0 1.0 78.0 44.0 82.0 85.0 98.0 79.0 74.0 3.0 62.0 68.0 99.0 89.0 47.0 63.0 88.0 72.0 26.0 82.0 47.0 25.0 31.0 35.0 28.0 43.0 77.0 89.0 91.0 61.0 49.0 28.0 74.0 68.0 82.0 20.0 27.0 76.0 35.0 50.0 53.0 39.0 38.0 37.0 38.0 2.0 87.0 91.0 61.0 80.0 48.0 80.0 74.0 29.0 7.0 21.0 65.0 57.0 74.0 87.0 42.0 4.0 70.0 64.0 47.0 57.0 58.0 29.0 50.0 28.0 77.0 64.0 82.0 57.0 43.0 33.0 44.0 35.0 98.0 68.0 55.0 70.0 22.0 3.0 22.0 5.0 79.0 8.0 71.0 34.0 5.0 43.0 27.0 32.0 83.0 39.0 15.0 95.0 81.0 57.0 42.0 82.0 91.0 79.0 40.0 90.0 14.0 71.0 40.0 74.0 71.0 54.0 28.0 37.0 6.0 1.0 68.0 91.0 0.0 34.0 27.0 79.0 99.0 76.0 70.0 2.0 0.0 34.0 52.0 56.0 17.0 68.0 64.0 49.0 19.0 91.0 39.0 81.0 68.0 6.0 41.0 26.0 57.0 63.0 52.0 54.0 42.0 67.0 44.0 59.0 39.0 99.0 95.0 52.0 96.0 78.0 58.0 70.0 72.0 77.0 90.0 52.0 92.0 65.0 96.0 67.0 35.0 12.0 8.0 2.0 44.0 30.0 78.0 11.0 4.0 78.0 74.0 28.0 85.0 59.0 45.0 38.0 96.0 2.0 74.0 51.0 53.0 72.0 31.0 49.0 81.0 15.0 42.0 53.0 75.0 77.0 5.0 90.0 22.0 73.0 5.0 9.0 75.0 96.0 54.0 78.0 14.0 86.0 12.0 80.0 46.0 59.0 61.0 55.0 39.0 14.0 67.0 32.0 76.0 98.0 95.0 84.0 70.0 13.0 60.0 32.0 93.0 78.0 43.0 91.0 78.0 54.0 55.0 14.0 79.0 56.0 16.0 44.0 29.0 36.0 72.0 49.0 76.0 41.0 34.0 15.0 76.0 63.0 84.0 41.0 77.0 15.0 66.0 56.0 84.0 77.0 16.0 29.0 68.0 22.0 66.0 1.0 42.0 40.0 10.0 86.0 82.0 34.0 60.0 62.0 40.0 26.0 92.0 27.0 62.0 78.0 47.0 90.0 41.0 59.0 66.0 75.0 54.0 38.0 27.0 11.0 46.0 1.0 5.0 51.0 82.0 5.0 82.0 65.0 48.0 99.0 35.0 77.0 58.0 26.0 58.0 8.0 26.0 17.0 9.0 14.0 51.0 65.0 26.0 43.0 14.0 29.0 30.0 76.0 1.0 93.0 25.0 9.0 52.0 43.0 77.0 85.0 62.0 59.0 
(310 : 311)
(250 : 225)
(382 : 362)
(246 : 219)
(225 : 198)
(198 : 175)
(438 : 416)
(229 : 201)
(115 : 96)
(390 : 391)
(62 : 48)
(391 : 413)
(495 : 496)
(496 : 508)
(362 : 361)
(416 : 394)
(496 : 480)
(175 : 154)
(416 : 415)
(115 : 116)
(390 : 371)
(62 : 63)
(163 : 162)
(154 : 153)
(496 : 497)
(497 : 481)
(481 : 480)
(153 : 152)
(315 : 290)
(246 : 245)
(413 : 435)
(307 : 308)
(154 : 135)
(135 : 115)
(307 : 283)
(163 : 185)
(290 : 267)
(162 : 140)
(153 : 174)
(168 : 167)
(250 : 251)
(62 : 61)
(508 : 507)
(315 : 314)
(480 : 479)
(394 : 393)
(168 : 191)
(61 : 47)
(61 : 60)
(311 : 286)
(412 : 411)
(174 : 173)
(361 : 339)
(502 : 487)
(116 : 97)
(97 : 96)
(362 : 363)
(371 : 348)
(219 : 218)
(218 : 245)
(246 : 247)
(286 : 263)
(363 : 364)
(191 : 190)
(481 : 466)
(382 : 383)
(383 : 363)
(435 : 434)
(434 : 412)
(218 : 193)
(335 : 336)
(48 : 34)
(336 : 358)
(250 : 276)
(348 : 347)
(479 : 478)
(315 : 316)
(247 : 248)
(307 : 306)
(48 : 49)
(218 : 217)
(49 : 35)
(447 : 425)
(508 : 509)
(509 : 497)
(163 : 164)
(348 : 324)
(217 : 192)
(192 : 191)
(202 : 230)
(230 : 229)
(161 : 138)
(290 : 289)
(217 : 216)
(336 : 337)
(434 : 433)
(433 : 411)
(447 : 448)
(362 : 340)
(447 : 446)
(446 : 465)
(324 : 299)
(311 : 312)
(312 : 287)
(287 : 286)
(307 : 331)
(425 : 424)
(439 : 417)
(417 : 416)
(390 : 389)
(219 : 220)
(220 : 221)
(497 : 498)
(371 : 372)
(306 : 305)
(389 : 370)
(370 : 347)
(498 : 510)
(167 : 145)
(97 : 82)
(63 : 64)
(360 : 381)
(495 : 494)
(134 : 152)
(339 : 338)
(338 : 360)
(425 : 426)
(152 : 151)
(82 : 81)
(81 : 96)
(240 : 213)
(411 : 410)
(193 : 169)
(372 : 349)
(124 : 125)
(308 : 284)
(389 : 388)
(388 : 410)
(438 : 437)
(116 : 136)
(507 : 506)
(283 : 282)
(282 : 306)
(340 : 341)
(425 : 402)
(393 : 374)
(217 : 244)
(247 : 271)
(276 : 275)
(388 : 369)
(245 : 269)
(494 : 493)
(310 : 309)
(49 : 50)
(50 : 64)
(239 : 263)
(290 : 291)
(289 : 266)
(266 : 267)
(481 : 482)
(145 : 146)
(314 : 313)
(313 : 338)
(226 : 251)
(438 : 458)
(145 : 144)
(262 : 263)
(369 : 368)
(239 : 211)
(268 : 267)
(202 : 177)
(478 : 464)
(464 : 465)
(382 : 404)
(34 : 20)
(439 : 459)
(211 : 186)
(186 : 185)
(464 : 463)
(141 : 125)
(305 : 281)
(360 : 359)
(239 : 238)
(177 : 178)
(238 : 210)
(498 : 499)
(424 : 423)
(231 : 203)
(203 : 202)
(502 : 501)
(415 : 414)
(368 : 367)
(464 : 445)
(445 : 423)
(445 : 446)
(506 : 505)
(285 : 261)
(261 : 262)
(281 : 258)
(138 : 121)
(229 : 228)
(300 : 325)
(325 : 324)
(313 : 288)
(288 : 289)
(34 : 33)
(33 : 47)
(266 : 265)
(265 : 288)
(60 : 46)
(46 : 47)
(121 : 103)
(359 : 380)
(190 : 189)
(299 : 298)
(26 : 12)
(220 : 194)
(291 : 292)
(502 : 503)
(433 : 432)
(417 : 418)
(95 : 96)
(201 : 200)
(200 : 228)
(20 : 19)
(19 : 33)
(81 : 69)
(224 : 225)
(190 : 215)
(369 : 346)
(401 : 380)
(401 : 402)
(271 : 272)
(212 : 211)
(73 : 64)
(129 : 111)
(335 : 334)
(334 : 310)
(367 : 366)
(366 : 343)
(346 : 345)
(345 : 368)
(487 : 488)
(212 : 187)
(60 : 72)
(305 : 304)
(493 : 492)
(510 : 511)
(28 : 14)
(124 : 123)
(20 : 8)
(466 : 467)
(8 : 1)
(246 : 270)
(270 : 271)
(95 : 80)
(335 : 357)
(69 : 70)
(333 : 334)
(250 : 249)
(249 : 224)
(125 : 106)
(368 : 387)
(258 : 259)
(124 : 105)
(106 : 89)
(402 : 403)
(403 : 404)
(169 : 170)
(121 : 120)
(459 : 460)
(80 : 68)
(123 : 122)
(69 : 57)
(380 : 379)
(379 : 358)
(105 : 104)
(104 : 87)
(482 : 483)
(258 : 233)
(270 : 293)
(404 : 405)
(261 : 260)
(87 : 76)
(144 : 128)
(366 : 365)
(228 : 253)
(197 : 173)
(151 : 150)
(95 : 94)
(65 : 51)
(128 : 109)
(146 : 147)
(114 : 94)
(433 : 454)
(197 : 223)
(275 : 274)
(308 : 332)
(73 : 74)
(74 : 65)
(51 : 36)
(488 : 472)
(487 : 486)
(487 : 471)
(423 : 400)
(400 : 401)
(374 : 350)
(499 : 500)
(306 : 330)
(293 : 318)
(357 : 356)
(356 : 334)
(267 : 243)
(243 : 242)
(460 : 440)
(440 : 418)
(12 : 11)
(177 : 156)
(281 : 280)
(151 : 172)
(347 : 323)
(21 : 22)
(22 : 36)
(210 : 209)
(209 : 208)
(228 : 227)
(169 : 148)
(298 : 297)
(189 : 166)
(166 : 167)
(28 : 29)
(458 : 475)
(253 : 254)
(254 : 229)
(8 : 7)
(426 : 427)
(236 : 235)
(106 : 107)
(74 : 85)
(85 : 103)
(502 : 516)
(345 : 344)
(344 : 343)
(332 : 354)
(387 : 386)
(386 : 367)
(111 : 93)
(470 : 486)
(272 : 295)
(185 : 184)
(184 : 209)
(9 : 2)
(2 : 1)
(227 : 252)
(516 : 517)
(252 : 277)
(475 : 476)
(178 : 179)
(444 : 463)
(147 : 130)
(130 : 129)
(85 : 84)
(26 : 27)
(305 : 329)
(231 : 256)
(231 : 232)
(232 : 233)
(333 : 355)
(355 : 354)
(516 : 515)
(515 : 501)
(26 : 25)
(25 : 11)
(120 : 102)
(102 : 84)
(102 : 101)
(330 : 352)
(355 : 378)
(120 : 119)
(139 : 122)
(139 : 140)
(293 : 294)
(294 : 271)
(294 : 295)
(161 : 182)
(350 : 327)
(431 : 430)
(105 : 88)
(460 : 461)
(409 : 430)
(394 : 395)
(233 : 205)
(434 : 455)
(182 : 181)
(181 : 160)
(189 : 188)
(21 : 10)
(7 : 0)
(341 : 342)
(342 : 364)
(274 : 273)
(471 : 452)
(184 : 183)
(183 : 208)
(460 : 477)
(477 : 476)
(517 : 518)
(110 : 92)
(343 : 319)
(319 : 294)
(452 : 453)
(453 : 472)
(19 : 18)
(418 : 419)
(109 : 108)
(108 : 107)
(261 : 237)
(2 : 3)
(3 : 10)
(179 : 180)
(180 : 205)
(11 : 5)
(297 : 296)
(296 : 273)
(296 : 295)
(331 : 353)
(353 : 352)
(353 : 354)
(409 : 408)
(400 : 399)
(88 : 77)
(295 : 320)
(405 : 428)
(428 : 427)
(194 : 195)
(148 : 131)
(25 : 41)
(57 : 44)
(203 : 204)
(204 : 232)
(320 : 321)
(321 : 296)
(318 : 317)
(317 : 342)
(46 : 32)
(32 : 18)
(477 : 491)
(157 : 156)
(3 : 4)
(83 : 100)
(100 : 101)
(89 : 90)
(213 : 214)
(12 : 6)
(6 : 5)
(44 : 45)
(200 : 199)
(414 : 436)
(505 : 504)
(44 : 43)
(36 : 37)
(254 : 255)
(130 : 112)
(112 : 111)
(179 : 158)
(511 : 512)
(41 : 40)
(377 : 378)
(92 : 79)
(476 : 490)
(265 : 241)
(241 : 214)
(304 : 303)
(303 : 327)
(18 : 17)
(221 : 222)
(205 : 206)
(280 : 279)
(279 : 303)
(57 : 58)
(58 : 45)
(114 : 113)
(222 : 196)
(196 : 197)
(365 : 384)
(92 : 91)
(41 : 53)
(150 : 133)
(119 : 137)
(444 : 443)
(125 : 126)
(201 : 176)
(208 : 207)
(207 : 206)
(255 : 278)
(423 : 422)
(206 : 234)
(234 : 259)
(234 : 235)
(323 : 322)
(408 : 407)
(86 : 75)
(327 : 326)
(127 : 108)
(489 : 488)
(329 : 351)
(351 : 352)
(512 : 513)
(27 : 13)
(13 : 12)
(352 : 376)
(461 : 441)
(489 : 473)
(473 : 454)
(473 : 472)
(170 : 149)
(171 : 150)
(258 : 257)
(257 : 232)
(257 : 280)
(376 : 396)
(396 : 395)
(396 : 418)
(451 : 430)
(451 : 470)
(235 : 207)
(203 : 178)
(65 : 66)
(443 : 421)
(421 : 422)
(57 : 56)
(56 : 43)
(56 : 68)
(473 : 474)
(474 : 455)
(17 : 16)
(210 : 185)
(435 : 456)
(456 : 455)
(37 : 23)
(23 : 22)
(68 : 67)
(40 : 39)
(322 : 297)
(322 : 321)
(322 : 346)
(452 : 431)
(161 : 160)
(441 : 442)
(518 : 519)
(269 : 292)
(282 : 259)
(158 : 159)
(159 : 137)
(159 : 180)
(159 : 160)
(19 : 7)
(204 : 205)
(128 : 127)
(45 : 31)
(432 : 453)
(499 : 511)
(359 : 337)
(126 : 142)
(142 : 141)
(100 : 118)
(118 : 119)
(51 : 52)
(52 : 37)
(52 : 66)
(236 : 208)
(284 : 283)
(75 : 74)
(44 : 30)
(30 : 31)
(50 : 51)
(386 : 385)
(385 : 366)
(385 : 384)
(385 : 408)
(392 : 373)
(373 : 374)
(442 : 420)
(420 : 419)
(33 : 32)
(255 : 256)
(484 : 469)
(469 : 468)
(60 : 59)
(59 : 71)
(277 : 301)
(40 : 24)
(24 : 25)
(136 : 135)
(242 : 215)
(407 : 406)
(406 : 405)
(365 : 364)
(394 : 375)
(375 : 374)
(408 : 429)
(429 : 430)
(34 : 35)
(109 : 91)
(90 : 78)
(147 : 148)
(195 : 171)
(195 : 221)
(195 : 196)
(303 : 302)
(302 : 278)
(240 : 264)
(437 : 457)
(457 : 458)
(220 : 247)
(469 : 450)
(179 : 204)
(223 : 224)
(399 : 398)
(398 : 421)
(122 : 121)
(320 : 319)
(53 : 54)
(212 : 213)
(237 : 209)
(237 : 236)
(344 : 320)
(55 : 56)
(127 : 143)
(143 : 142)
(143 : 144)
(215 : 214)
(428 : 449)
(31 : 15)
(485 : 484)
(485 : 486)
(187 : 165)
(165 : 142)
(165 : 164)
(99 : 117)
(117 : 118)
(515 : 514)
(514 : 513)
(99 : 98)
(325 : 349)
(37 : 38)
(38 : 39)
(304 : 328)
(506 : 494)
(136 : 155)
(463 : 462)
(462 : 443)
(131 : 132)
(132 : 149)
(420 : 397)
(397 : 377)
(43 : 42)
(42 : 29)
(42 : 55)
(3 : 9)
(32 : 19)
(34 : 49)
(64 : 51)
(67 : 56)
(57 : 68)
(59 : 72)
(74 : 66)
(70 : 81)
(74 : 84)
(85 : 102)
(90 : 106)
(101 : 118)
(102 : 119)
(103 : 120)
(105 : 123)
(106 : 124)
(108 : 126)
(142 : 127)
(127 : 144)
(146 : 130)
(147 : 131)
(135 : 155)
(171 : 151)
(156 : 178)
(160 : 180)
(160 : 182)
(163 : 184)
(167 : 189)
(177 : 201)
(204 : 180)
(186 : 210)
(190 : 214)
(193 : 217)
(197 : 222)
(200 : 227)
(201 : 230)
(202 : 231)
(206 : 233)
(208 : 237)
(210 : 237)
(240 : 214)
(244 : 218)
(246 : 220)
(234 : 258)
(236 : 261)
(270 : 247)
(275 : 250)
(290 : 268)
(271 : 295)
(296 : 274)
(279 : 302)
(281 : 304)
(307 : 284)
(288 : 314)
(290 : 314)
(293 : 319)
(294 : 320)
(321 : 297)
(324 : 300)
(326 : 303)
(304 : 329)
(306 : 329)
(333 : 310)
(334 : 311)
(314 : 338)
(324 : 347)
(325 : 348)
(330 : 351)
(331 : 352)
(334 : 355)
(338 : 361)
(340 : 363)
(342 : 363)
(345 : 367)
(377 : 355)
(359 : 379)
(369 : 387)
(371 : 389)
(372 : 390)
(373 : 393)
(385 : 407)
(386 : 408)
(389 : 410)
(391 : 412)
(395 : 416)
(396 : 417)
(400 : 422)
(423 : 401)
(402 : 424)
(403 : 425)
(411 : 432)
(412 : 435)
(416 : 437)
(438 : 417)
(418 : 439)
(422 : 443)
(424 : 445)
(425 : 446)
(426 : 447)
(432 : 452)
(433 : 453)
(441 : 460)
(463 : 445)
(451 : 471)
(454 : 472)
(455 : 473)
(465 : 478)
(486 : 471)
(477 : 490)
(488 : 502)
(498 : 509)
(503 : 516)
