1589.0
6
20
123 172 67 141 87 119 147 143 92 88 127 113 216 19 178 71 44 193 218 25 
2.0 74.0 10.0 61.0 20.0 83.0 68.0 53.0 59.0 5.0 93.0 53.0 83.0 94.0 19.0 25.0 85.0 35.0 15.0 23.0 26.0 24.0 37.0 18.0 74.0 95.0 33.0 10.0 69.0 57.0 60.0 30.0 25.0 94.0 93.0 15.0 35.0 44.0 81.0 93.0 39.0 89.0 20.0 90.0 37.0 1.0 51.0 7.0 35.0 94.0 22.0 47.0 63.0 31.0 11.0 23.0 52.0 18.0 12.0 64.0 23.0 97.0 16.0 85.0 46.0 21.0 93.0 54.0 0.0 30.0 58.0 92.0 2.0 42.0 47.0 33.0 7.0 53.0 4.0 37.0 12.0 29.0 23.0 95.0 69.0 46.0 87.0 50.0 11.0 71.0 37.0 82.0 50.0 89.0 36.0 36.0 53.0 23.0 98.0 19.0 13.0 56.0 25.0 80.0 66.0 58.0 38.0 27.0 86.0 45.0 74.0 86.0 34.0 15.0 19.0 58.0 53.0 74.0 39.0 42.0 84.0 94.0 26.0 8.0 13.0 66.0 69.0 49.0 83.0 34.0 83.0 87.0 69.0 15.0 20.0 50.0 64.0 82.0 49.0 80.0 30.0 6.0 45.0 38.0 37.0 17.0 66.0 3.0 56.0 12.0 20.0 41.0 73.0 13.0 94.0 47.0 70.0 19.0 55.0 12.0 39.0 38.0 35.0 76.0 8.0 33.0 2.0 65.0 30.0 17.0 24.0 94.0 94.0 71.0 76.0 36.0 50.0 33.0 66.0 25.0 66.0 52.0 33.0 68.0 5.0 18.0 25.0 61.0 68.0 29.0 78.0 42.0 25.0 62.0 97.0 60.0 0.0 25.0 94.0 2.0 
(19 : 18)
(193 : 192)
(147 : 148)
(193 : 194)
(18 : 4)
(44 : 45)
(88 : 74)
(25 : 26)
(18 : 17)
(178 : 177)
(67 : 57)
(74 : 63)
(19 : 5)
(5 : 4)
(44 : 30)
(194 : 183)
(183 : 166)
(216 : 215)
(44 : 53)
(147 : 133)
(44 : 43)
(25 : 24)
(172 : 173)
(173 : 160)
(173 : 187)
(177 : 163)
(192 : 191)
(5 : 6)
(30 : 13)
(194 : 195)
(191 : 190)
(183 : 182)
(192 : 181)
(181 : 180)
(180 : 191)
(43 : 29)
(29 : 30)
(181 : 165)
(63 : 64)
(71 : 60)
(218 : 217)
(160 : 161)
(71 : 83)
(113 : 99)
(24 : 23)
(187 : 188)
(183 : 184)
(87 : 73)
(174 : 175)
(143 : 142)
(147 : 146)
(99 : 85)
(165 : 154)
(24 : 10)
(73 : 62)
(17 : 16)
(187 : 186)
(172 : 171)
(171 : 159)
(30 : 31)
(75 : 76)
(64 : 65)
(19 : 20)
(60 : 51)
(175 : 162)
(140 : 156)
(156 : 155)
(71 : 70)
(127 : 111)
(51 : 41)
(174 : 161)
(133 : 121)
(193 : 206)
(162 : 150)
(76 : 90)
(17 : 32)
(92 : 93)
(29 : 28)
(155 : 154)
(180 : 179)
(191 : 204)
(93 : 94)
(31 : 14)
(123 : 109)
(24 : 38)
(177 : 176)
(186 : 199)
(92 : 91)
(91 : 90)
(74 : 75)
(113 : 112)
(166 : 167)
(163 : 152)
(89 : 104)
(89 : 75)
(89 : 88)
(109 : 108)
(108 : 93)
(150 : 136)
(158 : 144)
(41 : 40)
(40 : 50)
(141 : 130)
(25 : 11)
(199 : 200)
(200 : 187)
(182 : 193)
(20 : 21)
(17 : 3)
(186 : 185)
(185 : 171)
(13 : 1)
(6 : 7)
(148 : 134)
(133 : 132)
(132 : 146)
(141 : 140)
(141 : 142)
(11 : 12)
(38 : 37)
(83 : 82)
(154 : 153)
(152 : 151)
(151 : 150)
(108 : 107)
(167 : 168)
(36 : 22)
(119 : 105)
(105 : 90)
(105 : 104)
(217 : 210)
(140 : 129)
(129 : 130)
(111 : 98)
(63 : 55)
(25 : 39)
(45 : 46)
(39 : 40)
(167 : 184)
(210 : 211)
(178 : 164)
(58 : 48)
(48 : 37)
(99 : 100)
(216 : 209)
(48 : 49)
(49 : 38)
(62 : 61)
(146 : 145)
(145 : 144)
(14 : 15)
(15 : 16)
(107 : 106)
(106 : 91)
(144 : 131)
(82 : 97)
(23 : 9)
(192 : 205)
(123 : 124)
(124 : 136)
(134 : 122)
(122 : 108)
(122 : 121)
(171 : 170)
(65 : 56)
(146 : 159)
(53 : 52)
(124 : 110)
(130 : 116)
(48 : 47)
(10 : 11)
(136 : 137)
(139 : 154)
(15 : 2)
(43 : 42)
(42 : 28)
(110 : 95)
(95 : 94)
(91 : 77)
(45 : 31)
(131 : 118)
(1 : 0)
(209 : 197)
(18 : 33)
(33 : 34)
(128 : 129)
(85 : 84)
(207 : 208)
(85 : 72)
(97 : 96)
(96 : 95)
(142 : 157)
(8 : 9)
(152 : 138)
(122 : 123)
(173 : 174)
(188 : 201)
(201 : 200)
(65 : 66)
(66 : 67)
(175 : 189)
(189 : 188)
(207 : 214)
(151 : 137)
(94 : 80)
(80 : 79)
(70 : 69)
(69 : 59)
(69 : 68)
(47 : 36)
(205 : 212)
(20 : 35)
(35 : 34)
(62 : 54)
(54 : 46)
(70 : 82)
(26 : 27)
(27 : 41)
(101 : 115)
(115 : 128)
(65 : 76)
(168 : 169)
(195 : 196)
(196 : 208)
(212 : 213)
(213 : 206)
(100 : 114)
(114 : 113)
(114 : 115)
(218 : 219)
(121 : 120)
(120 : 106)
(120 : 119)
(120 : 132)
(81 : 68)
(81 : 80)
(81 : 95)
(77 : 78)
(78 : 67)
(78 : 92)
(78 : 79)
(37 : 23)
(137 : 125)
(125 : 124)
(210 : 202)
(202 : 189)
(202 : 201)
(136 : 135)
(135 : 123)
(135 : 149)
(4 : 3)
(103 : 102)
(102 : 87)
(102 : 116)
(98 : 97)
(118 : 117)
(204 : 203)
(203 : 190)
(138 : 126)
(126 : 125)
(126 : 127)
(22 : 21)
(161 : 149)
(161 : 162)
(87 : 86)
(199 : 198)
(198 : 185)
(198 : 197)
(3 : 18)
(18 : 5)
(22 : 9)
(14 : 30)
(18 : 32)
(18 : 34)
(20 : 34)
(22 : 37)
(25 : 38)
(26 : 39)
(27 : 40)
(43 : 30)
(36 : 48)
(48 : 38)
(44 : 52)
(63 : 75)
(66 : 76)
(66 : 78)
(75 : 90)
(77 : 90)
(78 : 93)
(83 : 97)
(105 : 91)
(114 : 101)
(107 : 120)
(110 : 123)
(134 : 123)
(129 : 141)
(146 : 133)
(135 : 150)
(137 : 152)
(150 : 161)
(164 : 177)
(173 : 186)
(173 : 188)
(180 : 190)
(192 : 182)
(186 : 200)
(200 : 188)
(192 : 204)
(193 : 205)
(195 : 208)
(211 : 217)
