793.0
4
20
67 88 43 74 52 65 77 75 55 53 69 61 108 22 91 46 30 94 111 25 
17.0 15.0 0.0 80.0 82.0 9.0 40.0 78.0 65.0 79.0 23.0 74.0 9.0 9.0 75.0 77.0 26.0 16.0 48.0 10.0 7.0 31.0 26.0 60.0 62.0 41.0 89.0 62.0 45.0 32.0 74.0 68.0 76.0 58.0 87.0 14.0 19.0 25.0 95.0 92.0 12.0 26.0 28.0 84.0 57.0 19.0 60.0 77.0 48.0 90.0 64.0 13.0 27.0 30.0 0.0 91.0 95.0 35.0 54.0 28.0 30.0 89.0 47.0 39.0 29.0 33.0 10.0 75.0 66.0 94.0 74.0 82.0 22.0 22.0 18.0 5.0 93.0 88.0 87.0 86.0 41.0 22.0 67.0 16.0 33.0 44.0 42.0 11.0 47.0 81.0 11.0 23.0 82.0 2.0 95.0 15.0 0.0 12.0 38.0 97.0 
(53 : 64)
(64 : 65)
(91 : 80)
(80 : 69)
(108 : 109)
(80 : 79)
(61 : 50)
(75 : 86)
(22 : 10)
(91 : 90)
(90 : 79)
(50 : 51)
(25 : 24)
(52 : 63)
(65 : 76)
(76 : 75)
(55 : 54)
(54 : 53)
(54 : 65)
(30 : 29)
(69 : 57)
(86 : 85)
(85 : 74)
(85 : 84)
(84 : 94)
(86 : 96)
(25 : 13)
(22 : 21)
(109 : 98)
(67 : 68)
(68 : 69)
(69 : 70)
(76 : 87)
(87 : 86)
(87 : 88)
(57 : 58)
(108 : 97)
(88 : 89)
(30 : 31)
(84 : 73)
(73 : 74)
(109 : 118)
(43 : 34)
(63 : 62)
(62 : 73)
(65 : 66)
(50 : 49)
(67 : 78)
(78 : 77)
(78 : 89)
(9 : 10)
(22 : 33)
(89 : 99)
(22 : 23)
(52 : 40)
(40 : 31)
(54 : 42)
(96 : 107)
(9 : 1)
(9 : 8)
(55 : 56)
(56 : 67)
(32 : 21)
(29 : 28)
(49 : 37)
(53 : 41)
(41 : 40)
(41 : 42)
(84 : 83)
(90 : 100)
(38 : 50)
(108 : 117)
(118 : 119)
(70 : 81)
(58 : 47)
(43 : 44)
(37 : 36)
(73 : 72)
(30 : 19)
(39 : 38)
(46 : 45)
(45 : 44)
(111 : 110)
(110 : 119)
(83 : 82)
(8 : 7)
(1 : 0)
(10 : 2)
(2 : 1)
(91 : 92)
(92 : 81)
(92 : 101)
(34 : 35)
(35 : 24)
(117 : 116)
(116 : 107)
(85 : 95)
(29 : 18)
(18 : 19)
(101 : 112)
(8 : 20)
(61 : 60)
(60 : 49)
(23 : 11)
(49 : 48)
(93 : 82)
(107 : 106)
(106 : 95)
(93 : 103)
(72 : 71)
(71 : 60)
(36 : 27)
(12 : 3)
(94 : 105)
(103 : 104)
(104 : 105)
(13 : 14)
(106 : 115)
(27 : 16)
(14 : 15)
(40 : 39)
(35 : 44)
(26 : 15)
(4 : 5)
(5 : 14)
(6 : 5)
(104 : 113)
(113 : 114)
(114 : 105)
(114 : 115)
(115 : 116)
(37 : 28)
(98 : 97)
(64 : 63)
(17 : 16)
(17 : 28)
(41 : 32)
(74 : 75)
(103 : 102)
(13 : 4)
(13 : 12)
(60 : 59)
(59 : 48)
(42 : 43)
(1 : 8)
(4 : 14)
(5 : 15)
(9 : 20)
(9 : 22)
(22 : 11)
(24 : 13)
(17 : 27)
(28 : 18)
(21 : 33)
(30 : 40)
(32 : 40)
(49 : 38)
(39 : 50)
(65 : 55)
(61 : 71)
(73 : 63)
(65 : 75)
(68 : 78)
(79 : 69)
(73 : 83)
(78 : 88)
(86 : 95)
(96 : 106)
