1683.0
4
10
61 101 21 76 33 58 82 78 39 35 
41.0 86.0 15.0 71.0 25.0 60.0 11.0 18.0 33.0 83.0 13.0 24.0 86.0 56.0 10.0 15.0 34.0 72.0 38.0 22.0 68.0 60.0 49.0 20.0 55.0 46.0 85.0 35.0 79.0 17.0 10.0 48.0 97.0 62.0 72.0 29.0 85.0 59.0 55.0 77.0 7.0 43.0 70.0 48.0 46.0 75.0 46.0 34.0 2.0 69.0 88.0 75.0 28.0 0.0 28.0 46.0 57.0 51.0 28.0 43.0 55.0 75.0 72.0 62.0 85.0 1.0 71.0 93.0 61.0 70.0 90.0 29.0 25.0 57.0 50.0 4.0 63.0 64.0 45.0 94.0 18.0 2.0 16.0 55.0 68.0 15.0 25.0 54.0 59.0 99.0 11.0 67.0 66.0 85.0 52.0 82.0 39.0 44.0 97.0 54.0 
(101 : 92)
(33 : 34)
(76 : 77)
(58 : 57)
(57 : 47)
(101 : 100)
(82 : 83)
(61 : 62)
(83 : 93)
(93 : 92)
(93 : 102)
(66 : 56)
(83 : 71)
(78 : 88)
(84 : 94)
(66 : 65)
(65 : 77)
(71 : 72)
(100 : 91)
(21 : 20)
(21 : 30)
(21 : 11)
(65 : 55)
(55 : 56)
(101 : 108)
(58 : 48)
(62 : 52)
(76 : 75)
(35 : 36)
(91 : 81)
(81 : 82)
(72 : 73)
(73 : 62)
(47 : 46)
(46 : 35)
(46 : 56)
(100 : 99)
(92 : 91)
(77 : 87)
(21 : 22)
(22 : 31)
(22 : 12)
(12 : 11)
(71 : 70)
(34 : 45)
(58 : 68)
(66 : 67)
(99 : 98)
(83 : 84)
(91 : 90)
(34 : 25)
(75 : 63)
(73 : 85)
(77 : 78)
(57 : 56)
(58 : 59)
(39 : 40)
(93 : 94)
(33 : 24)
(30 : 29)
(48 : 37)
(37 : 36)
(61 : 51)
(40 : 41)
(41 : 51)
(81 : 80)
(80 : 68)
(40 : 50)
(50 : 51)
(36 : 27)
(10 : 1)
(24 : 15)
(27 : 18)
(24 : 23)
(48 : 49)
(18 : 17)
(106 : 107)
(107 : 100)
(84 : 72)
(84 : 85)
(25 : 16)
(16 : 15)
(102 : 109)
(88 : 97)
(71 : 60)
(97 : 96)
(75 : 86)
(10 : 20)
(59 : 69)
(69 : 68)
(27 : 28)
(28 : 29)
(31 : 32)
(32 : 41)
(98 : 105)
(23 : 14)
(14 : 15)
(11 : 2)
(18 : 8)
(8 : 9)
(63 : 53)
(15 : 5)
(75 : 74)
(88 : 89)
(80 : 79)
(79 : 67)
(63 : 64)
(64 : 65)
(5 : 6)
(97 : 104)
(1 : 0)
(27 : 26)
(26 : 35)
(12 : 3)
(52 : 42)
(42 : 41)
(37 : 38)
(14 : 4)
(64 : 54)
(54 : 44)
(44 : 45)
(44 : 43)
(20 : 19)
(19 : 9)
(19 : 18)
(28 : 19)
(38 : 39)
(85 : 95)
(105 : 104)
(105 : 106)
(82 : 92)
(67 : 57)
(8 : 7)
(14 : 13)
(102 : 103)
(103 : 94)
(1 : 9)
(2 : 10)
(5 : 14)
(6 : 15)
(9 : 20)
(20 : 11)
(11 : 22)
(16 : 24)
(18 : 26)
(21 : 31)
(28 : 36)
(32 : 40)
(36 : 46)
(50 : 41)
(53 : 44)
(56 : 47)
(48 : 57)
(52 : 61)
(53 : 64)
(56 : 67)
(58 : 67)
(62 : 72)
(64 : 75)
(77 : 66)
(68 : 79)
(71 : 84)
(78 : 87)
(81 : 90)
(91 : 82)
(92 : 83)
(93 : 101)
(93 : 103)
(98 : 104)
(105 : 99)
(100 : 106)
(101 : 107)
