735.0
4
20
65 88 41 73 49 63 76 74 52 50 67 59 110 19 91 44 26 96 113 22 
35.0 99.0 33.0 39.0 41.0 80.0 2.0 19.0 42.0 44.0 88.0 77.0 19.0 36.0 79.0 8.0 81.0 63.0 55.0 80.0 2.0 98.0 67.0 51.0 37.0 87.0 11.0 36.0 20.0 60.0 26.0 69.0 65.0 82.0 18.0 5.0 57.0 28.0 22.0 28.0 87.0 38.0 7.0 21.0 88.0 7.0 8.0 41.0 94.0 0.0 66.0 38.0 16.0 96.0 56.0 15.0 10.0 74.0 39.0 80.0 5.0 26.0 2.0 18.0 85.0 5.0 6.0 22.0 50.0 44.0 58.0 96.0 6.0 93.0 95.0 11.0 39.0 48.0 83.0 71.0 54.0 6.0 65.0 3.0 94.0 13.0 19.0 8.0 51.0 8.0 40.0 80.0 89.0 69.0 52.0 5.0 69.0 5.0 2.0 59.0 
(41 : 42)
(76 : 77)
(59 : 47)
(41 : 40)
(74 : 62)
(59 : 58)
(41 : 30)
(76 : 64)
(64 : 63)
(64 : 65)
(67 : 55)
(55 : 44)
(22 : 21)
(30 : 20)
(22 : 23)
(20 : 10)
(26 : 27)
(22 : 12)
(27 : 38)
(38 : 49)
(91 : 79)
(113 : 102)
(27 : 17)
(65 : 53)
(88 : 87)
(40 : 29)
(29 : 30)
(47 : 36)
(73 : 72)
(72 : 60)
(102 : 103)
(96 : 97)
(27 : 28)
(19 : 18)
(19 : 9)
(66 : 54)
(54 : 55)
(42 : 31)
(31 : 21)
(113 : 112)
(55 : 56)
(10 : 2)
(12 : 4)
(110 : 99)
(74 : 86)
(86 : 87)
(66 : 78)
(42 : 43)
(20 : 19)
(113 : 114)
(96 : 84)
(77 : 89)
(79 : 80)
(77 : 65)
(56 : 45)
(42 : 53)
(102 : 101)
(101 : 89)
(101 : 112)
(40 : 39)
(60 : 61)
(61 : 73)
(80 : 68)
(68 : 67)
(102 : 90)
(90 : 89)
(36 : 37)
(37 : 26)
(89 : 88)
(90 : 78)
(36 : 35)
(63 : 51)
(51 : 40)
(37 : 48)
(48 : 49)
(30 : 31)
(60 : 59)
(44 : 33)
(59 : 71)
(71 : 72)
(60 : 48)
(96 : 107)
(31 : 32)
(10 : 11)
(68 : 56)
(73 : 85)
(85 : 86)
(84 : 83)
(26 : 16)
(16 : 17)
(107 : 106)
(106 : 105)
(113 : 119)
(112 : 118)
(118 : 119)
(39 : 50)
(101 : 100)
(3 : 2)
(3 : 4)
(74 : 73)
(96 : 95)
(95 : 106)
(71 : 70)
(11 : 12)
(95 : 94)
(118 : 117)
(106 : 115)
(58 : 57)
(35 : 24)
(75 : 63)
(87 : 99)
(4 : 5)
(83 : 82)
(47 : 46)
(46 : 58)
(80 : 92)
(85 : 84)
(26 : 25)
(107 : 108)
(108 : 97)
(65 : 66)
(70 : 69)
(69 : 57)
(43 : 32)
(39 : 28)
(61 : 49)
(61 : 62)
(117 : 111)
(43 : 54)
(44 : 43)
(38 : 39)
(87 : 75)
(91 : 90)
(92 : 104)
(86 : 98)
(64 : 52)
(58 : 70)
(35 : 34)
(9 : 1)
(1 : 2)
(92 : 91)
(107 : 116)
(94 : 93)
(8 : 9)
(88 : 76)
(62 : 63)
(82 : 81)
(81 : 69)
(81 : 93)
(16 : 15)
(15 : 25)
(12 : 13)
(13 : 5)
(1 : 0)
(111 : 110)
(25 : 24)
(25 : 36)
(18 : 8)
(95 : 83)
(77 : 78)
(15 : 14)
(70 : 82)
(99 : 98)
(88 : 100)
(17 : 7)
(5 : 6)
(108 : 109)
(109 : 98)
(109 : 110)
(1 : 8)
(3 : 12)
(8 : 19)
(10 : 19)
(12 : 21)
(13 : 22)
(20 : 29)
(21 : 30)
(26 : 38)
(29 : 39)
(31 : 43)
(36 : 46)
(38 : 48)
(39 : 49)
(50 : 40)
(43 : 53)
(54 : 44)
(46 : 59)
(54 : 65)
(55 : 66)
(67 : 56)
(59 : 72)
(60 : 73)
(63 : 76)
(64 : 77)
(77 : 66)
(68 : 79)
(69 : 82)
(71 : 82)
(73 : 84)
(75 : 86)
(76 : 87)
(79 : 90)
(91 : 80)
(82 : 93)
(85 : 96)
(100 : 89)
(96 : 108)
(101 : 113)
(102 : 114)
(112 : 117)
