3634.0
7
10
112 208 10 147 52 107 159 151 61 54 
90.0 45.0 97.0 80.0 96.0 70.0 43.0 27.0 21.0 57.0 18.0 56.0 97.0 25.0 10.0 60.0 34.0 91.0 45.0 1.0 33.0 62.0 84.0 13.0 99.0 57.0 12.0 38.0 32.0 16.0 77.0 69.0 66.0 44.0 47.0 69.0 66.0 91.0 64.0 6.0 78.0 72.0 25.0 96.0 34.0 52.0 14.0 5.0 72.0 81.0 96.0 93.0 38.0 27.0 90.0 42.0 74.0 98.0 35.0 74.0 72.0 16.0 76.0 80.0 94.0 7.0 23.0 40.0 34.0 5.0 72.0 98.0 72.0 16.0 77.0 8.0 47.0 23.0 49.0 20.0 34.0 1.0 88.0 36.0 32.0 2.0 83.0 36.0 66.0 46.0 33.0 16.0 72.0 17.0 90.0 27.0 2.0 39.0 55.0 99.0 71.0 23.0 45.0 36.0 88.0 80.0 51.0 49.0 86.0 15.0 42.0 51.0 76.0 5.0 97.0 69.0 84.0 65.0 31.0 79.0 51.0 46.0 4.0 44.0 65.0 42.0 64.0 45.0 2.0 66.0 86.0 64.0 41.0 86.0 95.0 30.0 79.0 52.0 72.0 55.0 67.0 10.0 41.0 41.0 10.0 50.0 17.0 25.0 63.0 53.0 6.0 73.0 60.0 65.0 71.0 81.0 71.0 90.0 2.0 3.0 68.0 80.0 18.0 2.0 44.0 0.0 32.0 37.0 76.0 57.0 99.0 60.0 51.0 21.0 21.0 92.0 50.0 11.0 81.0 21.0 45.0 59.0 8.0 78.0 58.0 95.0 30.0 77.0 43.0 22.0 29.0 24.0 45.0 21.0 95.0 88.0 94.0 4.0 60.0 58.0 
(61 : 46)
(151 : 141)
(151 : 150)
(107 : 92)
(150 : 149)
(147 : 137)
(92 : 82)
(141 : 140)
(208 : 197)
(46 : 45)
(140 : 125)
(151 : 152)
(107 : 106)
(127 : 116)
(61 : 60)
(159 : 158)
(106 : 91)
(60 : 59)
(107 : 118)
(140 : 139)
(139 : 149)
(196 : 195)
(149 : 148)
(54 : 53)
(10 : 11)
(187 : 196)
(159 : 173)
(60 : 75)
(196 : 207)
(207 : 208)
(159 : 160)
(158 : 144)
(172 : 173)
(31 : 20)
(172 : 171)
(187 : 186)
(186 : 171)
(54 : 70)
(127 : 128)
(197 : 198)
(198 : 188)
(171 : 170)
(195 : 206)
(151 : 167)
(195 : 194)
(194 : 185)
(166 : 180)
(194 : 193)
(142 : 128)
(139 : 138)
(118 : 130)
(61 : 62)
(149 : 165)
(194 : 205)
(75 : 84)
(85 : 84)
(158 : 157)
(45 : 30)
(30 : 31)
(52 : 51)
(30 : 29)
(31 : 32)
(108 : 94)
(20 : 19)
(19 : 30)
(132 : 133)
(133 : 144)
(142 : 153)
(153 : 152)
(19 : 18)
(132 : 131)
(59 : 44)
(75 : 74)
(74 : 59)
(84 : 95)
(95 : 94)
(59 : 58)
(127 : 126)
(160 : 161)
(139 : 124)
(124 : 125)
(17 : 18)
(82 : 73)
(44 : 43)
(43 : 58)
(17 : 7)
(168 : 153)
(116 : 117)
(117 : 128)
(137 : 122)
(46 : 47)
(85 : 96)
(129 : 130)
(165 : 164)
(170 : 156)
(134 : 133)
(47 : 48)
(18 : 8)
(28 : 16)
(143 : 130)
(48 : 33)
(33 : 32)
(164 : 163)
(83 : 82)
(19 : 9)
(9 : 10)
(167 : 181)
(165 : 179)
(52 : 36)
(160 : 174)
(126 : 115)
(185 : 184)
(153 : 154)
(175 : 174)
(103 : 104)
(48 : 63)
(198 : 199)
(86 : 77)
(77 : 63)
(154 : 155)
(48 : 49)
(160 : 145)
(190 : 179)
(193 : 204)
(179 : 178)
(119 : 133)
(199 : 209)
(54 : 39)
(9 : 2)
(193 : 192)
(170 : 169)
(86 : 98)
(16 : 6)
(2 : 3)
(3 : 10)
(70 : 71)
(7 : 1)
(122 : 123)
(64 : 49)
(119 : 109)
(109 : 110)
(175 : 176)
(104 : 89)
(161 : 146)
(124 : 114)
(134 : 120)
(57 : 56)
(98 : 99)
(53 : 38)
(55 : 54)
(55 : 56)
(82 : 81)
(70 : 69)
(69 : 53)
(203 : 202)
(189 : 176)
(134 : 135)
(64 : 65)
(65 : 78)
(51 : 35)
(35 : 36)
(105 : 90)
(90 : 91)
(49 : 34)
(34 : 33)
(77 : 76)
(150 : 140)
(150 : 166)
(69 : 68)
(65 : 50)
(50 : 49)
(72 : 56)
(72 : 71)
(35 : 23)
(168 : 182)
(195 : 186)
(175 : 161)
(167 : 166)
(201 : 200)
(200 : 190)
(174 : 173)
(170 : 185)
(46 : 31)
(71 : 80)
(163 : 162)
(33 : 21)
(191 : 182)
(191 : 203)
(191 : 192)
(56 : 41)
(41 : 42)
(86 : 87)
(87 : 99)
(45 : 44)
(92 : 91)
(92 : 93)
(163 : 177)
(163 : 147)
(120 : 110)
(183 : 192)
(183 : 184)
(204 : 205)
(120 : 119)
(114 : 102)
(102 : 103)
(115 : 104)
(135 : 136)
(136 : 146)
(63 : 64)
(34 : 22)
(22 : 21)
(101 : 102)
(113 : 122)
(178 : 164)
(125 : 126)
(96 : 95)
(96 : 97)
(66 : 52)
(101 : 88)
(14 : 13)
(40 : 26)
(28 : 27)
(27 : 15)
(27 : 42)
(69 : 79)
(68 : 67)
(67 : 66)
(148 : 164)
(62 : 76)
(15 : 5)
(5 : 6)
(60 : 45)
(155 : 143)
(155 : 156)
(135 : 145)
(36 : 37)
(6 : 0)
(0 : 1)
(182 : 183)
(23 : 12)
(14 : 4)
(57 : 42)
(109 : 95)
(109 : 108)
(24 : 37)
(138 : 137)
(138 : 148)
(16 : 15)
(39 : 40)
(55 : 40)
(38 : 25)
(25 : 13)
(113 : 100)
(100 : 101)
(136 : 121)
(112 : 111)
(111 : 99)
(1 : 6)
(9 : 3)
(15 : 6)
(18 : 9)
(19 : 29)
(29 : 45)
(45 : 31)
(47 : 33)
(39 : 53)
(54 : 40)
(40 : 56)
(60 : 46)
(70 : 55)
(63 : 76)
(82 : 91)
(82 : 93)
(90 : 106)
(91 : 107)
(109 : 96)
(116 : 126)
(123 : 137)
(139 : 125)
(125 : 141)
(138 : 147)
(146 : 160)
(150 : 167)
(159 : 172)
(163 : 178)
(164 : 179)
(167 : 180)
(170 : 184)
(170 : 186)
(186 : 172)
(182 : 192)
(194 : 206)
(207 : 197)
