1556.0
6
20
124 171 69 143 90 121 148 144 95 92 128 117 211 16 173 73 42 189 217 20 
21.0 6.0 24.0 87.0 39.0 69.0 27.0 75.0 9.0 24.0 32.0 33.0 47.0 60.0 81.0 13.0 71.0 73.0 10.0 35.0 35.0 80.0 32.0 27.0 4.0 78.0 88.0 98.0 20.0 96.0 83.0 34.0 61.0 25.0 10.0 3.0 82.0 2.0 11.0 35.0 29.0 45.0 24.0 9.0 17.0 78.0 37.0 16.0 9.0 41.0 0.0 75.0 50.0 42.0 69.0 33.0 22.0 21.0 86.0 13.0 73.0 39.0 83.0 79.0 88.0 1.0 34.0 41.0 29.0 77.0 28.0 44.0 52.0 97.0 48.0 12.0 80.0 10.0 90.0 19.0 54.0 12.0 35.0 46.0 19.0 19.0 29.0 24.0 76.0 95.0 61.0 63.0 1.0 38.0 88.0 32.0 98.0 17.0 50.0 15.0 27.0 41.0 49.0 39.0 57.0 10.0 75.0 73.0 95.0 73.0 47.0 0.0 88.0 39.0 20.0 86.0 96.0 95.0 8.0 20.0 87.0 23.0 19.0 45.0 27.0 79.0 56.0 82.0 37.0 16.0 12.0 14.0 44.0 74.0 92.0 45.0 67.0 16.0 53.0 2.0 87.0 22.0 61.0 52.0 59.0 67.0 71.0 94.0 34.0 89.0 54.0 9.0 0.0 56.0 73.0 66.0 82.0 76.0 99.0 55.0 59.0 46.0 30.0 50.0 50.0 74.0 50.0 15.0 37.0 81.0 96.0 24.0 57.0 11.0 84.0 7.0 3.0 39.0 39.0 42.0 19.0 6.0 43.0 53.0 37.0 59.0 93.0 35.0 73.0 0.0 2.0 5.0 22.0 33.0 57.0 40.0 19.0 67.0 40.0 1.0 
(20 : 21)
(189 : 177)
(144 : 134)
(21 : 8)
(171 : 170)
(143 : 142)
(124 : 112)
(20 : 19)
(21 : 37)
(90 : 89)
(73 : 72)
(20 : 7)
(7 : 8)
(171 : 183)
(19 : 35)
(148 : 149)
(177 : 176)
(21 : 22)
(143 : 154)
(42 : 26)
(90 : 77)
(121 : 122)
(122 : 137)
(211 : 212)
(144 : 145)
(124 : 125)
(171 : 160)
(26 : 27)
(37 : 36)
(189 : 190)
(90 : 107)
(128 : 116)
(211 : 203)
(154 : 153)
(153 : 166)
(22 : 9)
(117 : 130)
(189 : 188)
(137 : 136)
(148 : 147)
(147 : 137)
(144 : 156)
(217 : 218)
(154 : 167)
(167 : 166)
(176 : 165)
(117 : 103)
(103 : 104)
(123 : 111)
(154 : 155)
(155 : 156)
(165 : 164)
(128 : 141)
(125 : 113)
(27 : 28)
(145 : 135)
(135 : 134)
(138 : 149)
(188 : 197)
(170 : 169)
(173 : 162)
(156 : 168)
(37 : 51)
(212 : 213)
(164 : 152)
(34 : 49)
(203 : 202)
(37 : 38)
(212 : 204)
(204 : 203)
(7 : 6)
(178 : 179)
(43 : 27)
(187 : 186)
(202 : 201)
(41 : 40)
(170 : 159)
(159 : 160)
(204 : 194)
(73 : 62)
(36 : 50)
(40 : 24)
(42 : 55)
(116 : 115)
(145 : 146)
(171 : 172)
(73 : 85)
(128 : 127)
(69 : 58)
(113 : 98)
(28 : 44)
(95 : 81)
(24 : 11)
(122 : 110)
(26 : 25)
(25 : 41)
(11 : 1)
(217 : 216)
(178 : 191)
(191 : 190)
(146 : 158)
(197 : 198)
(191 : 199)
(24 : 23)
(23 : 10)
(103 : 102)
(125 : 140)
(130 : 131)
(38 : 52)
(52 : 51)
(2 : 3)
(143 : 132)
(191 : 192)
(55 : 54)
(54 : 41)
(1 : 0)
(124 : 139)
(158 : 157)
(95 : 96)
(11 : 12)
(12 : 2)
(81 : 80)
(217 : 207)
(192 : 200)
(160 : 161)
(43 : 56)
(16 : 17)
(102 : 86)
(92 : 79)
(98 : 83)
(44 : 57)
(57 : 56)
(57 : 66)
(66 : 77)
(70 : 59)
(59 : 58)
(115 : 114)
(112 : 97)
(13 : 3)
(13 : 26)
(79 : 67)
(103 : 87)
(87 : 86)
(86 : 74)
(87 : 75)
(23 : 39)
(39 : 40)
(87 : 88)
(88 : 104)
(208 : 207)
(173 : 185)
(164 : 163)
(134 : 133)
(133 : 132)
(17 : 18)
(213 : 214)
(140 : 151)
(16 : 15)
(92 : 93)
(89 : 76)
(76 : 77)
(208 : 195)
(110 : 94)
(218 : 219)
(92 : 91)
(49 : 48)
(54 : 53)
(82 : 97)
(82 : 83)
(49 : 60)
(60 : 59)
(60 : 61)
(98 : 99)
(99 : 84)
(99 : 114)
(127 : 126)
(126 : 114)
(126 : 125)
(109 : 93)
(66 : 65)
(65 : 56)
(65 : 76)
(15 : 5)
(74 : 63)
(35 : 34)
(35 : 36)
(71 : 61)
(185 : 184)
(184 : 195)
(111 : 95)
(111 : 110)
(44 : 45)
(182 : 181)
(33 : 32)
(32 : 18)
(8 : 9)
(186 : 174)
(174 : 163)
(174 : 175)
(153 : 142)
(193 : 192)
(193 : 201)
(14 : 4)
(14 : 28)
(139 : 150)
(150 : 149)
(198 : 209)
(58 : 47)
(47 : 32)
(47 : 48)
(15 : 30)
(100 : 99)
(187 : 196)
(196 : 197)
(120 : 119)
(119 : 133)
(40 : 53)
(12 : 25)
(12 : 13)
(77 : 78)
(78 : 91)
(78 : 79)
(168 : 180)
(180 : 179)
(180 : 193)
(180 : 181)
(130 : 129)
(136 : 121)
(136 : 146)
(107 : 106)
(106 : 89)
(64 : 54)
(205 : 206)
(31 : 16)
(1 : 2)
(158 : 169)
(80 : 68)
(68 : 69)
(85 : 101)
(101 : 100)
(101 : 116)
(31 : 46)
(104 : 105)
(105 : 106)
(167 : 178)
(30 : 29)
(201 : 210)
(69 : 70)
(148 : 160)
(118 : 105)
(91 : 108)
(108 : 107)
(108 : 119)
(122 : 123)
(140 : 139)
(216 : 215)
(215 : 206)
(215 : 214)
(11 : 2)
(12 : 26)
(30 : 16)
(20 : 35)
(21 : 36)
(21 : 38)
(25 : 40)
(41 : 26)
(26 : 43)
(33 : 47)
(37 : 50)
(44 : 56)
(48 : 60)
(58 : 70)
(69 : 80)
(86 : 75)
(78 : 90)
(83 : 97)
(84 : 98)
(91 : 107)
(99 : 115)
(114 : 125)
(115 : 126)
(116 : 127)
(121 : 137)
(139 : 125)
(136 : 145)
(136 : 147)
(139 : 149)
(150 : 140)
(148 : 159)
(158 : 170)
(161 : 171)
(174 : 187)
(179 : 191)
(180 : 192)
(196 : 188)
(207 : 218)
