1519.0
5
10
67 102 19 81 36 63 85 83 42 38 
19.0 85.0 5.0 89.0 27.0 36.0 93.0 62.0 26.0 88.0 6.0 3.0 5.0 38.0 83.0 10.0 88.0 15.0 17.0 81.0 69.0 43.0 22.0 96.0 33.0 11.0 13.0 32.0 41.0 86.0 45.0 81.0 9.0 65.0 3.0 34.0 78.0 85.0 5.0 35.0 30.0 33.0 44.0 14.0 22.0 33.0 35.0 46.0 43.0 37.0 61.0 42.0 43.0 31.0 58.0 7.0 49.0 39.0 83.0 62.0 31.0 15.0 11.0 83.0 28.0 27.0 31.0 29.0 67.0 81.0 74.0 86.0 40.0 55.0 99.0 30.0 4.0 12.0 31.0 90.0 97.0 13.0 18.0 90.0 15.0 50.0 92.0 71.0 36.0 46.0 13.0 14.0 97.0 77.0 56.0 53.0 37.0 23.0 67.0 1.0 
(102 : 95)
(95 : 85)
(19 : 20)
(36 : 37)
(81 : 82)
(36 : 35)
(95 : 96)
(81 : 71)
(67 : 55)
(71 : 59)
(63 : 51)
(81 : 80)
(20 : 12)
(51 : 50)
(51 : 52)
(51 : 40)
(36 : 24)
(24 : 23)
(24 : 14)
(85 : 76)
(24 : 25)
(25 : 37)
(71 : 70)
(12 : 11)
(50 : 39)
(90 : 91)
(37 : 48)
(40 : 28)
(39 : 27)
(27 : 28)
(80 : 79)
(85 : 84)
(71 : 72)
(38 : 49)
(49 : 50)
(79 : 69)
(27 : 16)
(96 : 86)
(80 : 89)
(89 : 90)
(102 : 103)
(19 : 18)
(28 : 17)
(38 : 26)
(26 : 27)
(46 : 45)
(70 : 58)
(96 : 97)
(55 : 54)
(32 : 21)
(72 : 60)
(48 : 47)
(28 : 29)
(29 : 18)
(55 : 56)
(16 : 15)
(56 : 68)
(18 : 10)
(20 : 31)
(31 : 32)
(54 : 43)
(43 : 31)
(60 : 61)
(61 : 49)
(10 : 2)
(56 : 44)
(76 : 77)
(40 : 41)
(45 : 34)
(34 : 35)
(67 : 78)
(78 : 77)
(2 : 1)
(77 : 66)
(103 : 104)
(104 : 97)
(42 : 53)
(95 : 94)
(94 : 84)
(58 : 57)
(57 : 45)
(57 : 69)
(72 : 73)
(73 : 83)
(16 : 8)
(61 : 62)
(94 : 101)
(11 : 3)
(31 : 30)
(30 : 29)
(83 : 92)
(92 : 91)
(44 : 33)
(12 : 4)
(104 : 105)
(10 : 9)
(94 : 93)
(53 : 65)
(108 : 109)
(109 : 105)
(14 : 5)
(78 : 87)
(87 : 97)
(8 : 7)
(7 : 15)
(63 : 74)
(1 : 0)
(0 : 8)
(89 : 88)
(108 : 107)
(107 : 103)
(97 : 98)
(98 : 105)
(21 : 13)
(7 : 6)
(76 : 75)
(91 : 100)
(100 : 99)
(33 : 22)
(22 : 21)
(102 : 106)
(106 : 107)
(59 : 47)
(52 : 64)
(64 : 63)
(64 : 75)
(64 : 65)
(4 : 11)
(26 : 16)
(17 : 27)
(18 : 28)
(19 : 29)
(20 : 30)
(21 : 31)
(22 : 32)
(23 : 36)
(27 : 38)
(34 : 46)
(37 : 47)
(53 : 64)
(56 : 67)
(60 : 71)
(61 : 72)
(64 : 74)
(71 : 80)
(72 : 81)
(76 : 84)
(80 : 90)
(86 : 95)
(87 : 96)
(99 : 91)
(95 : 101)
(97 : 103)
(108 : 105)
