4564.0
9
20
259 393 142 317 189 255 325 320 197 191 264 245 497 36 399 148 77 445 505 42 
94.0 48.0 10.0 29.0 32.0 44.0 20.0 18.0 65.0 89.0 98.0 76.0 42.0 57.0 38.0 28.0 41.0 12.0 39.0 63.0 90.0 50.0 45.0 83.0 54.0 7.0 66.0 37.0 93.0 50.0 30.0 79.0 88.0 78.0 84.0 97.0 65.0 81.0 71.0 38.0 47.0 96.0 18.0 23.0 99.0 74.0 81.0 45.0 0.0 63.0 38.0 74.0 51.0 76.0 2.0 52.0 71.0 59.0 49.0 13.0 76.0 55.0 86.0 77.0 62.0 54.0 79.0 8.0 65.0 87.0 45.0 21.0 20.0 26.0 5.0 36.0 52.0 72.0 89.0 80.0 84.0 96.0 84.0 94.0 1.0 19.0 83.0 21.0 95.0 77.0 91.0 71.0 99.0 3.0 67.0 49.0 32.0 12.0 81.0 66.0 98.0 58.0 48.0 89.0 13.0 21.0 22.0 29.0 2.0 96.0 42.0 54.0 77.0 5.0 71.0 71.0 72.0 37.0 29.0 74.0 39.0 72.0 84.0 76.0 11.0 0.0 54.0 16.0 78.0 75.0 87.0 98.0 52.0 95.0 77.0 3.0 96.0 83.0 50.0 35.0 35.0 7.0 60.0 31.0 76.0 24.0 33.0 12.0 88.0 70.0 51.0 26.0 98.0 75.0 3.0 15.0 13.0 65.0 90.0 93.0 27.0 81.0 47.0 51.0 60.0 91.0 56.0 72.0 51.0 27.0 10.0 37.0 33.0 1.0 29.0 57.0 43.0 8.0 53.0 33.0 58.0 96.0 26.0 88.0 86.0 56.0 4.0 81.0 25.0 11.0 60.0 0.0 70.0 30.0 35.0 11.0 60.0 51.0 97.0 88.0 59.0 63.0 17.0 20.0 2.0 59.0 33.0 30.0 79.0 45.0 96.0 48.0 89.0 5.0 21.0 75.0 83.0 68.0 27.0 93.0 81.0 52.0 93.0 86.0 93.0 60.0 45.0 45.0 65.0 30.0 80.0 89.0 22.0 5.0 50.0 47.0 36.0 14.0 28.0 88.0 22.0 0.0 63.0 75.0 28.0 6.0 36.0 20.0 21.0 15.0 43.0 30.0 51.0 41.0 90.0 82.0 41.0 49.0 4.0 78.0 69.0 95.0 70.0 45.0 2.0 96.0 59.0 55.0 95.0 53.0 27.0 29.0 70.0 68.0 72.0 65.0 22.0 52.0 79.0 30.0 88.0 46.0 11.0 99.0 90.0 27.0 82.0 89.0 3.0 36.0 25.0 79.0 70.0 23.0 46.0 64.0 94.0 69.0 86.0 90.0 17.0 34.0 19.0 53.0 33.0 70.0 68.0 63.0 10.0 93.0 67.0 52.0 55.0 73.0 68.0 20.0 3.0 41.0 3.0 72.0 27.0 72.0 69.0 88.0 29.0 10.0 63.0 35.0 13.0 26.0 15.0 51.0 50.0 34.0 11.0 26.0 2.0 56.0 54.0 90.0 41.0 57.0 40.0 78.0 37.0 13.0 42.0 42.0 44.0 0.0 97.0 97.0 50.0 96.0 42.0 60.0 39.0 13.0 36.0 81.0 15.0 44.0 53.0 70.0 9.0 22.0 90.0 76.0 55.0 53.0 45.0 50.0 6.0 48.0 16.0 61.0 68.0 62.0 90.0 79.0 37.0 47.0 46.0 80.0 67.0 32.0 15.0 32.0 34.0 16.0 53.0 50.0 39.0 7.0 24.0 13.0 64.0 55.0 21.0 4.0 73.0 16.0 53.0 63.0 10.0 77.0 60.0 69.0 8.0 80.0 61.0 79.0 22.0 8.0 21.0 72.0 11.0 18.0 67.0 19.0 10.0 20.0 6.0 22.0 75.0 59.0 97.0 3.0 41.0 98.0 56.0 33.0 94.0 24.0 92.0 22.0 56.0 15.0 81.0 57.0 74.0 17.0 83.0 7.0 23.0 74.0 68.0 58.0 69.0 50.0 55.0 38.0 82.0 59.0 52.0 50.0 55.0 90.0 39.0 78.0 61.0 72.0 78.0 71.0 87.0 87.0 10.0 75.0 63.0 67.0 57.0 62.0 94.0 52.0 79.0 63.0 46.0 14.0 0.0 89.0 14.0 63.0 8.0 46.0 58.0 39.0 0.0 14.0 73.0 36.0 87.0 59.0 99.0 25.0 69.0 0.0 47.0 87.0 46.0 34.0 
(259 : 238)
(325 : 307)
(197 : 180)
(393 : 370)
(77 : 78)
(36 : 21)
(317 : 298)
(142 : 141)
(21 : 7)
(325 : 326)
(320 : 321)
(317 : 318)
(307 : 282)
(320 : 319)
(321 : 343)
(141 : 140)
(326 : 308)
(325 : 324)
(141 : 160)
(445 : 429)
(319 : 341)
(343 : 342)
(429 : 428)
(342 : 365)
(298 : 297)
(21 : 20)
(148 : 129)
(160 : 161)
(342 : 341)
(325 : 348)
(348 : 370)
(306 : 281)
(497 : 510)
(365 : 364)
(264 : 263)
(318 : 340)
(321 : 322)
(370 : 371)
(321 : 302)
(429 : 405)
(42 : 41)
(393 : 392)
(78 : 79)
(341 : 340)
(263 : 242)
(510 : 509)
(405 : 406)
(281 : 280)
(140 : 122)
(22 : 8)
(8 : 7)
(197 : 196)
(340 : 363)
(363 : 364)
(245 : 244)
(191 : 174)
(36 : 35)
(35 : 20)
(319 : 300)
(148 : 147)
(41 : 27)
(174 : 173)
(140 : 159)
(159 : 160)
(255 : 233)
(258 : 257)
(257 : 281)
(141 : 123)
(505 : 518)
(326 : 327)
(327 : 349)
(317 : 316)
(316 : 297)
(78 : 96)
(341 : 364)
(283 : 282)
(363 : 362)
(318 : 299)
(299 : 298)
(245 : 246)
(258 : 235)
(7 : 6)
(510 : 511)
(429 : 430)
(308 : 309)
(307 : 306)
(307 : 308)
(6 : 5)
(51 : 52)
(498 : 499)
(430 : 431)
(122 : 102)
(259 : 284)
(122 : 121)
(317 : 339)
(504 : 503)
(364 : 387)
(392 : 391)
(257 : 256)
(256 : 255)
(173 : 154)
(300 : 275)
(339 : 338)
(159 : 158)
(233 : 232)
(275 : 251)
(35 : 34)
(147 : 146)
(41 : 57)
(42 : 28)
(275 : 276)
(57 : 56)
(511 : 512)
(512 : 499)
(504 : 516)
(129 : 111)
(327 : 328)
(516 : 515)
(264 : 289)
(20 : 19)
(19 : 34)
(322 : 303)
(303 : 304)
(242 : 219)
(219 : 220)
(180 : 181)
(289 : 288)
(320 : 301)
(301 : 276)
(301 : 300)
(244 : 243)
(306 : 305)
(305 : 280)
(319 : 318)
(517 : 518)
(343 : 366)
(504 : 490)
(297 : 273)
(243 : 266)
(328 : 350)
(115 : 114)
(114 : 96)
(296 : 272)
(272 : 271)
(264 : 265)
(191 : 192)
(406 : 384)
(445 : 444)
(154 : 155)
(399 : 398)
(19 : 18)
(324 : 323)
(22 : 23)
(174 : 175)
(42 : 43)
(322 : 344)
(179 : 180)
(188 : 206)
(189 : 171)
(302 : 277)
(277 : 276)
(242 : 241)
(288 : 287)
(302 : 301)
(517 : 516)
(140 : 139)
(443 : 442)
(442 : 427)
(154 : 153)
(97 : 98)
(51 : 68)
(399 : 423)
(399 : 376)
(298 : 274)
(274 : 273)
(271 : 270)
(431 : 407)
(344 : 367)
(367 : 366)
(349 : 372)
(281 : 282)
(112 : 92)
(159 : 178)
(266 : 267)
(142 : 124)
(308 : 283)
(505 : 506)
(506 : 492)
(497 : 485)
(276 : 252)
(252 : 251)
(77 : 62)
(161 : 162)
(162 : 181)
(338 : 337)
(280 : 279)
(303 : 278)
(512 : 513)
(192 : 193)
(121 : 101)
(101 : 102)
(192 : 212)
(320 : 342)
(316 : 315)
(315 : 296)
(112 : 130)
(130 : 129)
(258 : 282)
(158 : 157)
(376 : 355)
(316 : 338)
(348 : 347)
(347 : 324)
(5 : 4)
(4 : 18)
(284 : 285)
(365 : 388)
(406 : 430)
(121 : 120)
(446 : 447)
(266 : 291)
(255 : 254)
(254 : 232)
(254 : 278)
(406 : 407)
(34 : 48)
(173 : 172)
(427 : 402)
(371 : 394)
(196 : 216)
(405 : 404)
(404 : 428)
(207 : 208)
(208 : 189)
(388 : 411)
(146 : 145)
(484 : 485)
(405 : 383)
(407 : 385)
(171 : 152)
(41 : 40)
(344 : 345)
(287 : 311)
(147 : 168)
(362 : 361)
(361 : 385)
(311 : 312)
(130 : 149)
(376 : 375)
(375 : 398)
(411 : 412)
(402 : 401)
(43 : 44)
(273 : 249)
(245 : 268)
(268 : 267)
(423 : 422)
(372 : 395)
(40 : 26)
(376 : 377)
(445 : 461)
(255 : 279)
(111 : 91)
(235 : 236)
(237 : 236)
(427 : 426)
(147 : 128)
(128 : 129)
(249 : 250)
(250 : 274)
(268 : 293)
(273 : 272)
(181 : 182)
(36 : 50)
(50 : 51)
(491 : 490)
(277 : 253)
(253 : 252)
(139 : 138)
(138 : 120)
(155 : 136)
(40 : 56)
(499 : 500)
(198 : 218)
(373 : 372)
(120 : 119)
(182 : 163)
(115 : 132)
(367 : 389)
(404 : 382)
(382 : 383)
(175 : 156)
(387 : 386)
(324 : 306)
(85 : 84)
(84 : 102)
(220 : 203)
(218 : 217)
(270 : 269)
(269 : 268)
(232 : 213)
(254 : 253)
(327 : 309)
(404 : 403)
(387 : 410)
(410 : 411)
(111 : 110)
(237 : 218)
(237 : 238)
(490 : 489)
(95 : 96)
(153 : 134)
(102 : 103)
(103 : 85)
(103 : 123)
(314 : 313)
(178 : 195)
(195 : 196)
(329 : 330)
(28 : 29)
(461 : 462)
(120 : 100)
(426 : 425)
(377 : 356)
(182 : 183)
(329 : 352)
(203 : 202)
(202 : 219)
(384 : 383)
(314 : 336)
(394 : 417)
(441 : 458)
(265 : 290)
(290 : 289)
(212 : 211)
(312 : 332)
(115 : 116)
(116 : 98)
(402 : 380)
(417 : 416)
(416 : 393)
(211 : 210)
(279 : 304)
(56 : 55)
(91 : 90)
(26 : 25)
(198 : 199)
(199 : 183)
(153 : 152)
(175 : 176)
(176 : 193)
(157 : 176)
(183 : 184)
(392 : 369)
(345 : 346)
(403 : 381)
(381 : 380)
(245 : 223)
(422 : 438)
(353 : 331)
(331 : 330)
(177 : 176)
(279 : 278)
(35 : 49)
(490 : 471)
(471 : 472)
(372 : 371)
(154 : 135)
(135 : 134)
(422 : 421)
(392 : 415)
(56 : 70)
(116 : 117)
(117 : 134)
(426 : 401)
(426 : 441)
(146 : 167)
(167 : 168)
(497 : 498)
(184 : 200)
(49 : 66)
(69 : 86)
(86 : 85)
(337 : 315)
(484 : 483)
(395 : 418)
(28 : 12)
(252 : 230)
(423 : 424)
(11 : 10)
(461 : 460)
(26 : 10)
(96 : 97)
(5 : 19)
(472 : 453)
(270 : 247)
(21 : 22)
(86 : 104)
(104 : 103)
(499 : 487)
(202 : 201)
(453 : 454)
(68 : 67)
(4 : 3)
(243 : 221)
(238 : 239)
(183 : 164)
(164 : 163)
(3 : 2)
(383 : 360)
(346 : 323)
(30 : 13)
(30 : 44)
(110 : 109)
(66 : 65)
(62 : 61)
(90 : 89)
(438 : 437)
(386 : 409)
(409 : 408)
(161 : 180)
(295 : 314)
(438 : 439)
(99 : 98)
(114 : 113)
(113 : 95)
(164 : 165)
(165 : 184)
(75 : 74)
(401 : 400)
(458 : 457)
(157 : 138)
(411 : 433)
(216 : 215)
(215 : 195)
(221 : 204)
(221 : 222)
(222 : 223)
(492 : 474)
(474 : 473)
(444 : 460)
(222 : 205)
(259 : 260)
(444 : 428)
(18 : 17)
(135 : 118)
(461 : 479)
(344 : 343)
(37 : 38)
(48 : 47)
(506 : 507)
(507 : 519)
(359 : 335)
(335 : 336)
(29 : 43)
(422 : 398)
(152 : 133)
(133 : 116)
(133 : 132)
(354 : 332)
(95 : 94)
(440 : 441)
(507 : 493)
(350 : 351)
(351 : 352)
(489 : 488)
(361 : 338)
(234 : 233)
(234 : 256)
(61 : 60)
(215 : 214)
(214 : 233)
(177 : 194)
(194 : 193)
(149 : 170)
(473 : 472)
(17 : 16)
(16 : 2)
(84 : 83)
(83 : 67)
(38 : 24)
(99 : 81)
(513 : 514)
(2 : 1)
(47 : 46)
(446 : 463)
(444 : 443)
(146 : 127)
(149 : 148)
(247 : 248)
(248 : 271)
(340 : 339)
(345 : 368)
(482 : 465)
(439 : 456)
(16 : 15)
(401 : 379)
(351 : 374)
(374 : 373)
(246 : 224)
(224 : 223)
(170 : 169)
(169 : 148)
(109 : 108)
(381 : 359)
(295 : 294)
(156 : 137)
(137 : 138)
(483 : 466)
(391 : 414)
(168 : 186)
(168 : 169)
(135 : 136)
(142 : 143)
(143 : 162)
(128 : 127)
(156 : 155)
(453 : 452)
(323 : 305)
(213 : 193)
(26 : 27)
(182 : 198)
(38 : 39)
(71 : 88)
(88 : 108)
(10 : 9)
(208 : 209)
(209 : 210)
(454 : 436)
(436 : 437)
(484 : 467)
(270 : 295)
(400 : 378)
(248 : 226)
(509 : 508)
(395 : 396)
(160 : 179)
(421 : 420)
(391 : 390)
(515 : 503)
(463 : 480)
(480 : 481)
(94 : 93)
(436 : 420)
(90 : 73)
(73 : 74)
(1 : 0)
(241 : 240)
(262 : 240)
(459 : 443)
(459 : 460)
(229 : 209)
(121 : 139)
(100 : 82)
(82 : 66)
(82 : 83)
(91 : 74)
(91 : 92)
(53 : 39)
(152 : 151)
(151 : 132)
(227 : 206)
(227 : 226)
(230 : 231)
(231 : 212)
(231 : 232)
(119 : 137)
(498 : 486)
(486 : 468)
(486 : 485)
(486 : 487)
(151 : 150)
(380 : 358)
(358 : 359)
(474 : 475)
(475 : 493)
(224 : 225)
(225 : 247)
(225 : 226)
(408 : 432)
(432 : 431)
(432 : 447)
(78 : 63)
(496 : 495)
(495 : 482)
(163 : 144)
(144 : 143)
(114 : 131)
(131 : 150)
(131 : 132)
(49 : 50)
(203 : 187)
(187 : 186)
(167 : 166)
(420 : 419)
(474 : 455)
(455 : 437)
(455 : 454)
(502 : 488)
(502 : 503)
(378 : 357)
(125 : 124)
(90 : 110)
(496 : 508)
(304 : 305)
(172 : 171)
(310 : 285)
(291 : 292)
(292 : 293)
(104 : 105)
(105 : 125)
(468 : 450)
(43 : 58)
(75 : 59)
(288 : 263)
(464 : 448)
(448 : 447)
(448 : 449)
(23 : 37)
(83 : 101)
(395 : 394)
(94 : 76)
(76 : 61)
(76 : 77)
(419 : 397)
(33 : 32)
(32 : 16)
(185 : 167)
(185 : 201)
(31 : 45)
(45 : 44)
(262 : 261)
(261 : 260)
(236 : 217)
(31 : 14)
(14 : 13)
(479 : 478)
(478 : 460)
(456 : 476)
(476 : 475)
(408 : 407)
(355 : 333)
(333 : 332)
(105 : 106)
(191 : 190)
(190 : 173)
(190 : 210)
(277 : 278)
(356 : 334)
(334 : 333)
(71 : 72)
(72 : 58)
(72 : 89)
(98 : 80)
(80 : 79)
(108 : 107)
(107 : 87)
(389 : 413)
(413 : 412)
(375 : 354)
(92 : 75)
(156 : 157)
(47 : 64)
(64 : 65)
(109 : 127)
(483 : 496)
(33 : 17)
(33 : 46)
(55 : 54)
(54 : 53)
(256 : 280)
(488 : 469)
(471 : 470)
(470 : 469)
(470 : 489)
(457 : 477)
(452 : 451)
(451 : 470)
(285 : 286)
(286 : 261)
(145 : 126)
(126 : 108)
(126 : 127)
(228 : 208)
(228 : 250)
(413 : 434)
(477 : 494)
(417 : 435)
(500 : 501)
(501 : 514)
(501 : 502)
(2 : 15)
(2 : 17)
(4 : 17)
(19 : 6)
(10 : 25)
(26 : 11)
(13 : 31)
(32 : 17)
(34 : 20)
(35 : 21)
(26 : 41)
(28 : 41)
(43 : 30)
(31 : 44)
(35 : 48)
(56 : 41)
(62 : 78)
(67 : 82)
(72 : 90)
(74 : 92)
(94 : 77)
(95 : 78)
(96 : 79)
(80 : 97)
(98 : 81)
(83 : 102)
(87 : 108)
(89 : 108)
(109 : 90)
(91 : 112)
(97 : 116)
(116 : 99)
(121 : 102)
(122 : 103)
(111 : 128)
(114 : 132)
(132 : 116)
(118 : 134)
(119 : 138)
(120 : 139)
(141 : 124)
(124 : 143)
(145 : 127)
(129 : 149)
(134 : 152)
(137 : 155)
(138 : 158)
(140 : 158)
(160 : 142)
(166 : 146)
(147 : 169)
(153 : 171)
(155 : 173)
(157 : 177)
(159 : 179)
(160 : 180)
(163 : 181)
(167 : 186)
(168 : 187)
(175 : 191)
(176 : 194)
(198 : 183)
(184 : 199)
(186 : 201)
(202 : 187)
(192 : 213)
(202 : 220)
(228 : 209)
(230 : 212)
(213 : 231)
(214 : 232)
(236 : 218)
(221 : 244)
(223 : 244)
(223 : 246)
(231 : 254)
(255 : 234)
(246 : 268)
(249 : 274)
(276 : 253)
(279 : 256)
(256 : 281)
(281 : 258)
(291 : 267)
(268 : 292)
(272 : 297)
(278 : 302)
(304 : 280)
(280 : 306)
(306 : 282)
(282 : 308)
(288 : 311)
(294 : 314)
(296 : 316)
(303 : 321)
(324 : 307)
(315 : 338)
(324 : 346)
(332 : 355)
(339 : 361)
(363 : 341)
(341 : 365)
(348 : 369)
(350 : 372)
(373 : 351)
(356 : 376)
(363 : 387)
(392 : 370)
(371 : 393)
(394 : 372)
(373 : 395)
(375 : 399)
(379 : 400)
(381 : 402)
(382 : 405)
(406 : 385)
(387 : 409)
(388 : 410)
(393 : 415)
(394 : 416)
(401 : 425)
(404 : 429)
(437 : 422)
(426 : 442)
(457 : 441)
(460 : 445)
(453 : 471)
(454 : 472)
(466 : 482)
(467 : 483)
(471 : 491)
(482 : 496)
(506 : 493)
(497 : 511)
(498 : 512)
(500 : 512)
(501 : 513)
