1605.0
4
10
58 102 16 73 29 54 79 75 35 31 
66.0 69.0 84.0 0.0 16.0 5.0 42.0 19.0 50.0 85.0 33.0 34.0 94.0 2.0 67.0 43.0 33.0 31.0 78.0 87.0 11.0 7.0 6.0 16.0 89.0 20.0 63.0 20.0 82.0 98.0 78.0 41.0 76.0 23.0 71.0 26.0 12.0 94.0 56.0 17.0 99.0 34.0 83.0 57.0 40.0 80.0 26.0 34.0 52.0 58.0 76.0 21.0 49.0 55.0 46.0 45.0 29.0 93.0 10.0 57.0 91.0 25.0 59.0 10.0 40.0 19.0 45.0 28.0 26.0 38.0 10.0 77.0 70.0 8.0 90.0 89.0 78.0 16.0 70.0 49.0 69.0 19.0 55.0 2.0 47.0 24.0 83.0 59.0 55.0 46.0 77.0 25.0 42.0 1.0 78.0 50.0 66.0 26.0 37.0 89.0 
(29 : 28)
(31 : 21)
(75 : 64)
(58 : 47)
(75 : 74)
(74 : 73)
(74 : 63)
(63 : 64)
(64 : 52)
(21 : 20)
(54 : 43)
(73 : 72)
(75 : 76)
(52 : 53)
(53 : 54)
(47 : 37)
(73 : 62)
(16 : 17)
(52 : 51)
(54 : 66)
(72 : 61)
(61 : 62)
(74 : 86)
(61 : 49)
(62 : 50)
(75 : 87)
(87 : 98)
(16 : 15)
(21 : 22)
(52 : 41)
(41 : 31)
(40 : 51)
(35 : 25)
(15 : 8)
(102 : 91)
(58 : 59)
(65 : 66)
(51 : 63)
(102 : 101)
(66 : 77)
(77 : 76)
(43 : 33)
(50 : 39)
(39 : 40)
(98 : 97)
(97 : 86)
(66 : 67)
(22 : 13)
(16 : 9)
(59 : 48)
(48 : 47)
(12 : 5)
(85 : 96)
(67 : 55)
(55 : 54)
(35 : 34)
(34 : 33)
(86 : 85)
(43 : 44)
(44 : 34)
(25 : 26)
(26 : 17)
(73 : 85)
(77 : 89)
(47 : 46)
(58 : 57)
(21 : 12)
(50 : 49)
(79 : 80)
(26 : 36)
(36 : 35)
(36 : 46)
(9 : 4)
(101 : 90)
(90 : 78)
(25 : 24)
(35 : 45)
(79 : 68)
(15 : 14)
(13 : 6)
(77 : 78)
(36 : 37)
(85 : 84)
(84 : 72)
(24 : 23)
(23 : 14)
(65 : 64)
(65 : 76)
(44 : 55)
(14 : 7)
(45 : 56)
(56 : 55)
(84 : 83)
(65 : 53)
(9 : 10)
(7 : 2)
(96 : 95)
(99 : 105)
(61 : 60)
(67 : 78)
(67 : 68)
(105 : 106)
(57 : 69)
(69 : 68)
(99 : 88)
(88 : 87)
(53 : 42)
(42 : 32)
(32 : 22)
(32 : 31)
(101 : 107)
(34 : 24)
(56 : 68)
(102 : 108)
(108 : 107)
(69 : 70)
(31 : 30)
(30 : 29)
(30 : 40)
(33 : 23)
(33 : 32)
(42 : 41)
(42 : 43)
(79 : 91)
(59 : 71)
(71 : 70)
(7 : 6)
(108 : 109)
(105 : 104)
(104 : 98)
(6 : 1)
(12 : 11)
(11 : 20)
(29 : 19)
(4 : 3)
(3 : 2)
(3 : 8)
(80 : 81)
(88 : 76)
(100 : 89)
(100 : 106)
(71 : 82)
(57 : 46)
(57 : 56)
(88 : 89)
(92 : 80)
(95 : 94)
(1 : 0)
(0 : 5)
(93 : 92)
(14 : 13)
(38 : 49)
(81 : 93)
(81 : 82)
(50 : 51)
(104 : 103)
(103 : 97)
(26 : 27)
(27 : 18)
(27 : 37)
(1 : 5)
(2 : 6)
(14 : 8)
(8 : 16)
(20 : 12)
(13 : 21)
(14 : 22)
(17 : 25)
(17 : 27)
(23 : 32)
(33 : 24)
(34 : 25)
(36 : 45)
(49 : 39)
(39 : 51)
(51 : 41)
(52 : 42)
(42 : 54)
(45 : 55)
(50 : 63)
(53 : 66)
(68 : 57)
(59 : 70)
(63 : 73)
(64 : 76)
(66 : 78)
(78 : 68)
(71 : 81)
(84 : 73)
(73 : 86)
(74 : 87)
(79 : 92)
(80 : 93)
(85 : 95)
(86 : 96)
(98 : 88)
(101 : 91)
(98 : 105)
(99 : 106)
