3573.0
6
10
112 205 12 153 47 105 164 157 59 51 
57.0 38.0 55.0 16.0 67.0 80.0 29.0 64.0 81.0 49.0 38.0 79.0 9.0 51.0 39.0 93.0 60.0 59.0 47.0 48.0 49.0 19.0 53.0 5.0 40.0 94.0 8.0 10.0 86.0 28.0 28.0 61.0 30.0 8.0 45.0 70.0 48.0 26.0 45.0 91.0 17.0 68.0 91.0 64.0 62.0 40.0 34.0 28.0 51.0 69.0 31.0 55.0 26.0 40.0 1.0 97.0 87.0 93.0 37.0 92.0 21.0 67.0 72.0 15.0 84.0 36.0 89.0 53.0 27.0 25.0 8.0 66.0 92.0 62.0 73.0 5.0 45.0 56.0 60.0 86.0 77.0 82.0 21.0 56.0 31.0 32.0 66.0 29.0 83.0 43.0 21.0 68.0 94.0 56.0 14.0 35.0 5.0 79.0 21.0 81.0 17.0 54.0 24.0 11.0 33.0 68.0 99.0 40.0 4.0 74.0 8.0 78.0 7.0 97.0 72.0 38.0 64.0 54.0 22.0 75.0 60.0 21.0 76.0 20.0 70.0 15.0 35.0 5.0 65.0 62.0 18.0 7.0 71.0 83.0 45.0 56.0 11.0 8.0 18.0 33.0 45.0 56.0 37.0 54.0 60.0 89.0 51.0 4.0 11.0 65.0 71.0 20.0 69.0 37.0 85.0 24.0 31.0 95.0 29.0 32.0 82.0 73.0 72.0 55.0 1.0 72.0 56.0 22.0 18.0 67.0 18.0 89.0 81.0 27.0 95.0 58.0 19.0 63.0 71.0 60.0 20.0 75.0 88.0 91.0 25.0 76.0 74.0 21.0 90.0 11.0 84.0 62.0 93.0 84.0 83.0 68.0 22.0 78.0 92.0 8.0 
(51 : 37)
(37 : 36)
(164 : 165)
(157 : 158)
(165 : 178)
(178 : 179)
(112 : 111)
(179 : 192)
(105 : 106)
(37 : 25)
(158 : 143)
(52 : 38)
(38 : 37)
(52 : 53)
(192 : 191)
(51 : 50)
(50 : 36)
(153 : 139)
(143 : 129)
(38 : 26)
(105 : 94)
(191 : 190)
(47 : 34)
(190 : 189)
(12 : 11)
(106 : 107)
(157 : 142)
(142 : 143)
(53 : 67)
(100 : 87)
(25 : 17)
(123 : 122)
(122 : 111)
(93 : 92)
(191 : 199)
(129 : 128)
(38 : 39)
(192 : 193)
(17 : 7)
(143 : 144)
(144 : 159)
(119 : 133)
(52 : 66)
(92 : 81)
(157 : 172)
(65 : 50)
(17 : 16)
(123 : 138)
(16 : 15)
(34 : 33)
(34 : 22)
(105 : 104)
(81 : 82)
(138 : 137)
(50 : 49)
(132 : 133)
(157 : 156)
(53 : 54)
(54 : 40)
(192 : 200)
(205 : 204)
(49 : 48)
(24 : 23)
(23 : 22)
(144 : 145)
(137 : 151)
(7 : 8)
(49 : 64)
(153 : 154)
(87 : 74)
(66 : 80)
(100 : 99)
(119 : 120)
(67 : 68)
(68 : 54)
(118 : 131)
(205 : 206)
(206 : 199)
(94 : 83)
(40 : 28)
(193 : 180)
(59 : 58)
(193 : 201)
(128 : 127)
(150 : 136)
(189 : 177)
(16 : 6)
(6 : 7)
(131 : 130)
(138 : 152)
(130 : 117)
(117 : 116)
(131 : 146)
(193 : 194)
(33 : 46)
(180 : 181)
(181 : 194)
(153 : 169)
(102 : 90)
(58 : 57)
(164 : 148)
(17 : 18)
(18 : 8)
(18 : 26)
(36 : 35)
(35 : 24)
(22 : 21)
(206 : 207)
(207 : 200)
(63 : 48)
(79 : 80)
(91 : 80)
(58 : 43)
(84 : 85)
(159 : 174)
(57 : 56)
(189 : 188)
(47 : 62)
(122 : 121)
(65 : 78)
(78 : 79)
(46 : 61)
(12 : 1)
(139 : 125)
(11 : 10)
(189 : 198)
(85 : 86)
(124 : 125)
(23 : 14)
(14 : 15)
(139 : 140)
(61 : 75)
(62 : 76)
(78 : 77)
(173 : 185)
(168 : 182)
(76 : 88)
(15 : 5)
(43 : 31)
(83 : 69)
(121 : 110)
(69 : 55)
(55 : 56)
(84 : 70)
(70 : 56)
(152 : 167)
(185 : 186)
(186 : 174)
(172 : 184)
(102 : 101)
(194 : 202)
(202 : 201)
(31 : 20)
(20 : 11)
(142 : 141)
(58 : 71)
(184 : 195)
(167 : 166)
(125 : 114)
(107 : 95)
(107 : 108)
(108 : 120)
(145 : 160)
(172 : 171)
(171 : 156)
(115 : 127)
(18 : 19)
(55 : 41)
(41 : 40)
(22 : 13)
(13 : 14)
(110 : 98)
(98 : 99)
(148 : 147)
(59 : 44)
(207 : 208)
(90 : 89)
(89 : 78)
(198 : 197)
(110 : 109)
(165 : 149)
(202 : 209)
(209 : 208)
(124 : 113)
(176 : 162)
(41 : 42)
(10 : 9)
(174 : 175)
(175 : 160)
(185 : 196)
(196 : 195)
(156 : 155)
(155 : 154)
(74 : 60)
(111 : 99)
(95 : 96)
(96 : 86)
(170 : 171)
(96 : 97)
(169 : 183)
(183 : 182)
(127 : 126)
(204 : 203)
(203 : 197)
(148 : 134)
(201 : 200)
(158 : 173)
(92 : 103)
(29 : 41)
(29 : 30)
(132 : 131)
(162 : 163)
(1 : 2)
(59 : 72)
(28 : 27)
(27 : 19)
(27 : 39)
(188 : 187)
(187 : 176)
(72 : 73)
(122 : 137)
(44 : 32)
(32 : 31)
(104 : 93)
(5 : 0)
(69 : 68)
(80 : 81)
(146 : 161)
(161 : 160)
(161 : 162)
(149 : 135)
(135 : 134)
(135 : 136)
(118 : 105)
(13 : 4)
(4 : 3)
(44 : 45)
(151 : 150)
(151 : 166)
(151 : 152)
(6 : 15)
(15 : 23)
(18 : 25)
(18 : 27)
(33 : 22)
(26 : 37)
(39 : 28)
(40 : 29)
(29 : 42)
(32 : 43)
(36 : 49)
(36 : 51)
(51 : 38)
(42 : 55)
(63 : 49)
(50 : 64)
(66 : 53)
(55 : 68)
(56 : 69)
(58 : 72)
(79 : 89)
(82 : 92)
(86 : 95)
(90 : 101)
(93 : 103)
(104 : 94)
(107 : 96)
(99 : 112)
(119 : 108)
(122 : 112)
(130 : 118)
(137 : 150)
(142 : 156)
(158 : 144)
(145 : 159)
(155 : 171)
(172 : 158)
(174 : 185)
(179 : 191)
(180 : 192)
(198 : 203)
(201 : 207)
(202 : 208)
