1777.0
6
20
115 163 61 134 80 111 139 136 85 82 119 105 212 15 167 65 32 182 217 19 
70.0 71.0 61.0 50.0 56.0 21.0 38.0 63.0 85.0 46.0 1.0 13.0 4.0 74.0 63.0 82.0 11.0 93.0 30.0 15.0 78.0 28.0 37.0 35.0 72.0 55.0 79.0 56.0 58.0 15.0 43.0 76.0 8.0 50.0 34.0 97.0 10.0 23.0 79.0 25.0 86.0 93.0 43.0 42.0 58.0 51.0 60.0 54.0 37.0 96.0 45.0 86.0 84.0 83.0 67.0 58.0 37.0 86.0 19.0 48.0 34.0 84.0 33.0 67.0 96.0 46.0 99.0 71.0 57.0 76.0 55.0 56.0 29.0 68.0 11.0 57.0 11.0 60.0 49.0 89.0 16.0 67.0 20.0 89.0 10.0 78.0 21.0 86.0 83.0 97.0 3.0 20.0 0.0 40.0 94.0 98.0 56.0 70.0 69.0 64.0 90.0 55.0 21.0 46.0 70.0 76.0 12.0 12.0 63.0 44.0 90.0 29.0 39.0 35.0 58.0 48.0 61.0 32.0 74.0 41.0 12.0 51.0 36.0 44.0 5.0 25.0 99.0 29.0 79.0 36.0 96.0 58.0 0.0 36.0 34.0 89.0 96.0 24.0 46.0 69.0 42.0 25.0 22.0 82.0 45.0 4.0 90.0 19.0 3.0 33.0 97.0 17.0 51.0 31.0 74.0 38.0 99.0 64.0 69.0 38.0 15.0 90.0 84.0 90.0 34.0 21.0 79.0 95.0 43.0 41.0 49.0 53.0 85.0 3.0 27.0 9.0 72.0 56.0 51.0 16.0 83.0 32.0 48.0 49.0 32.0 20.0 26.0 75.0 89.0 43.0 92.0 74.0 87.0 75.0 23.0 44.0 73.0 85.0 17.0 21.0 
(111 : 112)
(111 : 110)
(15 : 4)
(119 : 103)
(61 : 50)
(82 : 70)
(182 : 183)
(136 : 135)
(135 : 134)
(85 : 86)
(182 : 193)
(80 : 81)
(61 : 62)
(81 : 95)
(115 : 114)
(82 : 83)
(114 : 100)
(69 : 68)
(111 : 126)
(100 : 99)
(99 : 85)
(193 : 192)
(192 : 181)
(192 : 207)
(112 : 113)
(113 : 114)
(50 : 38)
(61 : 72)
(86 : 87)
(5 : 6)
(182 : 170)
(136 : 124)
(114 : 128)
(170 : 155)
(100 : 101)
(101 : 87)
(212 : 213)
(19 : 10)
(217 : 218)
(80 : 79)
(217 : 203)
(212 : 211)
(61 : 60)
(6 : 7)
(167 : 166)
(69 : 79)
(103 : 91)
(216 : 201)
(60 : 59)
(45 : 44)
(171 : 183)
(65 : 64)
(216 : 215)
(126 : 125)
(125 : 110)
(91 : 77)
(70 : 57)
(112 : 127)
(45 : 34)
(128 : 129)
(129 : 115)
(10 : 9)
(207 : 208)
(208 : 193)
(5 : 4)
(90 : 91)
(82 : 96)
(96 : 95)
(90 : 76)
(38 : 39)
(166 : 165)
(54 : 43)
(43 : 32)
(43 : 44)
(10 : 11)
(115 : 116)
(38 : 37)
(64 : 52)
(135 : 147)
(39 : 28)
(147 : 146)
(57 : 56)
(56 : 55)
(181 : 169)
(4 : 3)
(192 : 191)
(34 : 35)
(50 : 49)
(49 : 37)
(148 : 149)
(137 : 149)
(204 : 205)
(149 : 161)
(105 : 92)
(7 : 8)
(8 : 9)
(215 : 214)
(214 : 213)
(161 : 162)
(162 : 163)
(116 : 117)
(146 : 145)
(203 : 202)
(202 : 201)
(8 : 17)
(205 : 189)
(105 : 106)
(189 : 178)
(178 : 167)
(134 : 123)
(35 : 23)
(54 : 53)
(211 : 197)
(181 : 180)
(181 : 182)
(68 : 67)
(67 : 53)
(118 : 119)
(33 : 32)
(33 : 34)
(167 : 153)
(19 : 18)
(117 : 131)
(189 : 188)
(56 : 46)
(46 : 45)
(180 : 168)
(168 : 169)
(105 : 120)
(27 : 26)
(188 : 177)
(177 : 178)
(111 : 98)
(119 : 132)
(110 : 109)
(201 : 186)
(208 : 209)
(19 : 20)
(11 : 12)
(34 : 22)
(212 : 198)
(172 : 171)
(23 : 24)
(24 : 14)
(24 : 25)
(199 : 198)
(96 : 97)
(97 : 83)
(97 : 110)
(92 : 93)
(93 : 106)
(46 : 47)
(146 : 157)
(157 : 172)
(26 : 37)
(204 : 203)
(207 : 206)
(218 : 219)
(219 : 205)
(76 : 64)
(87 : 74)
(102 : 88)
(88 : 87)
(203 : 187)
(3 : 2)
(188 : 187)
(188 : 204)
(201 : 200)
(200 : 215)
(134 : 146)
(161 : 160)
(109 : 96)
(109 : 124)
(108 : 107)
(32 : 21)
(85 : 84)
(95 : 94)
(86 : 73)
(108 : 109)
(147 : 158)
(158 : 157)
(158 : 159)
(77 : 76)
(32 : 31)
(168 : 154)
(23 : 13)
(13 : 14)
(153 : 143)
(105 : 104)
(116 : 130)
(180 : 179)
(165 : 152)
(73 : 62)
(73 : 72)
(13 : 1)
(86 : 100)
(76 : 75)
(7 : 16)
(134 : 133)
(27 : 38)
(197 : 196)
(165 : 164)
(53 : 42)
(162 : 174)
(42 : 41)
(123 : 122)
(122 : 133)
(194 : 210)
(210 : 209)
(18 : 29)
(157 : 156)
(156 : 155)
(179 : 190)
(67 : 66)
(60 : 71)
(71 : 84)
(71 : 72)
(186 : 185)
(185 : 200)
(137 : 138)
(138 : 127)
(138 : 139)
(1 : 0)
(19 : 30)
(30 : 29)
(158 : 173)
(173 : 172)
(173 : 184)
(89 : 75)
(89 : 88)
(89 : 90)
(218 : 204)
(95 : 108)
(128 : 140)
(140 : 139)
(140 : 141)
(41 : 40)
(50 : 51)
(51 : 62)
(36 : 24)
(36 : 47)
(150 : 151)
(151 : 140)
(101 : 102)
(175 : 163)
(67 : 78)
(78 : 93)
(16 : 28)
(75 : 63)
(63 : 64)
(145 : 144)
(144 : 155)
(130 : 142)
(142 : 141)
(165 : 176)
(176 : 177)
(122 : 121)
(47 : 48)
(57 : 58)
(58 : 48)
(58 : 59)
(194 : 195)
(195 : 184)
(195 : 196)
(23 : 34)
(23 : 36)
(28 : 38)
(44 : 34)
(35 : 45)
(50 : 39)
(43 : 53)
(45 : 56)
(50 : 60)
(76 : 65)
(73 : 87)
(75 : 90)
(76 : 91)
(82 : 95)
(99 : 86)
(95 : 107)
(109 : 97)
(114 : 101)
(110 : 124)
(125 : 111)
(126 : 112)
(116 : 129)
(133 : 123)
(140 : 129)
(134 : 145)
(146 : 156)
(149 : 160)
(156 : 170)
(174 : 163)
(167 : 177)
(168 : 181)
(170 : 181)
(182 : 171)
(187 : 177)
(181 : 191)
(181 : 193)
(198 : 211)
(212 : 199)
(217 : 204)
