3085.0
6
10
119 206 9 163 56 115 169 167 66 59 
49.0 58.0 90.0 52.0 11.0 35.0 4.0 6.0 80.0 46.0 97.0 27.0 60.0 10.0 9.0 97.0 14.0 36.0 4.0 46.0 58.0 32.0 12.0 18.0 86.0 8.0 71.0 21.0 26.0 30.0 39.0 93.0 35.0 12.0 45.0 80.0 1.0 57.0 45.0 65.0 79.0 30.0 67.0 43.0 38.0 74.0 82.0 84.0 57.0 6.0 49.0 3.0 14.0 87.0 18.0 59.0 54.0 0.0 43.0 1.0 38.0 75.0 14.0 9.0 67.0 69.0 36.0 12.0 77.0 40.0 31.0 19.0 0.0 56.0 36.0 83.0 38.0 51.0 9.0 75.0 85.0 45.0 27.0 82.0 86.0 91.0 62.0 25.0 59.0 20.0 16.0 53.0 72.0 12.0 50.0 4.0 56.0 26.0 97.0 84.0 9.0 44.0 51.0 11.0 96.0 38.0 96.0 41.0 22.0 53.0 39.0 33.0 68.0 54.0 95.0 13.0 49.0 1.0 13.0 45.0 43.0 2.0 22.0 82.0 80.0 74.0 76.0 37.0 71.0 11.0 78.0 2.0 57.0 92.0 30.0 48.0 44.0 78.0 21.0 59.0 73.0 81.0 38.0 3.0 26.0 53.0 30.0 51.0 44.0 12.0 85.0 90.0 79.0 4.0 39.0 88.0 30.0 13.0 19.0 18.0 52.0 40.0 84.0 33.0 52.0 9.0 72.0 36.0 92.0 11.0 25.0 5.0 12.0 57.0 78.0 24.0 5.0 3.0 29.0 28.0 19.0 77.0 44.0 67.0 83.0 3.0 17.0 4.0 79.0 87.0 45.0 79.0 52.0 6.0 31.0 23.0 2.0 6.0 40.0 42.0 
(115 : 114)
(59 : 44)
(56 : 40)
(114 : 101)
(66 : 65)
(65 : 64)
(9 : 1)
(66 : 51)
(116 : 117)
(51 : 50)
(64 : 63)
(50 : 33)
(114 : 113)
(63 : 49)
(51 : 34)
(40 : 23)
(117 : 104)
(40 : 39)
(167 : 166)
(115 : 129)
(9 : 8)
(40 : 41)
(206 : 202)
(166 : 165)
(51 : 52)
(44 : 27)
(56 : 55)
(55 : 39)
(163 : 162)
(166 : 176)
(162 : 148)
(65 : 78)
(55 : 69)
(116 : 130)
(130 : 129)
(63 : 62)
(165 : 150)
(113 : 100)
(166 : 151)
(114 : 128)
(34 : 35)
(169 : 159)
(33 : 16)
(101 : 86)
(128 : 140)
(148 : 133)
(133 : 134)
(129 : 141)
(134 : 121)
(202 : 201)
(162 : 172)
(206 : 205)
(201 : 200)
(141 : 156)
(9 : 17)
(17 : 16)
(119 : 107)
(206 : 207)
(39 : 22)
(113 : 112)
(49 : 31)
(23 : 24)
(78 : 77)
(127 : 126)
(100 : 99)
(107 : 94)
(62 : 61)
(115 : 102)
(130 : 131)
(131 : 117)
(49 : 48)
(48 : 62)
(141 : 142)
(115 : 116)
(35 : 36)
(77 : 76)
(102 : 103)
(103 : 116)
(16 : 8)
(16 : 15)
(163 : 173)
(173 : 172)
(112 : 111)
(140 : 139)
(62 : 75)
(36 : 37)
(94 : 81)
(202 : 191)
(172 : 184)
(9 : 10)
(10 : 2)
(159 : 145)
(33 : 32)
(33 : 34)
(142 : 157)
(32 : 31)
(24 : 25)
(165 : 164)
(164 : 149)
(164 : 163)
(2 : 3)
(78 : 90)
(86 : 85)
(176 : 177)
(133 : 120)
(120 : 121)
(177 : 178)
(17 : 34)
(17 : 18)
(50 : 65)
(104 : 89)
(121 : 122)
(56 : 57)
(24 : 13)
(203 : 204)
(126 : 125)
(27 : 14)
(204 : 194)
(103 : 88)
(44 : 45)
(173 : 185)
(76 : 63)
(76 : 75)
(203 : 208)
(208 : 207)
(81 : 80)
(108 : 109)
(109 : 122)
(18 : 19)
(85 : 84)
(84 : 99)
(122 : 123)
(177 : 188)
(48 : 30)
(24 : 41)
(81 : 68)
(27 : 26)
(26 : 25)
(56 : 70)
(75 : 74)
(123 : 124)
(104 : 105)
(105 : 90)
(44 : 43)
(32 : 15)
(105 : 118)
(118 : 117)
(19 : 20)
(173 : 174)
(124 : 110)
(159 : 158)
(57 : 71)
(71 : 70)
(3 : 4)
(14 : 7)
(176 : 187)
(139 : 138)
(191 : 190)
(94 : 93)
(174 : 175)
(140 : 155)
(174 : 186)
(93 : 92)
(86 : 87)
(43 : 42)
(23 : 12)
(70 : 83)
(124 : 136)
(123 : 135)
(135 : 136)
(20 : 11)
(185 : 195)
(36 : 53)
(53 : 52)
(203 : 193)
(45 : 28)
(208 : 209)
(192 : 182)
(69 : 82)
(82 : 83)
(48 : 47)
(47 : 61)
(58 : 57)
(13 : 6)
(4 : 5)
(136 : 137)
(137 : 125)
(137 : 138)
(61 : 60)
(188 : 198)
(190 : 180)
(145 : 146)
(90 : 91)
(85 : 73)
(73 : 60)
(73 : 74)
(139 : 154)
(66 : 67)
(83 : 96)
(96 : 108)
(37 : 38)
(109 : 97)
(97 : 96)
(71 : 72)
(82 : 95)
(95 : 96)
(99 : 98)
(99 : 112)
(151 : 152)
(47 : 46)
(46 : 60)
(127 : 113)
(127 : 139)
(127 : 128)
(131 : 143)
(143 : 142)
(193 : 183)
(183 : 182)
(170 : 169)
(154 : 153)
(153 : 138)
(153 : 152)
(58 : 42)
(191 : 181)
(181 : 169)
(181 : 182)
(58 : 72)
(8 : 0)
(131 : 132)
(132 : 118)
(89 : 90)
(198 : 197)
(195 : 196)
(20 : 21)
(21 : 38)
(200 : 199)
(170 : 160)
(160 : 161)
(170 : 171)
(171 : 161)
(171 : 183)
(140 : 141)
(92 : 79)
(79 : 80)
(167 : 168)
(168 : 153)
(168 : 178)
(161 : 147)
(147 : 146)
(89 : 88)
(178 : 179)
(128 : 129)
(189 : 188)
(158 : 144)
(144 : 132)
(144 : 143)
(144 : 145)
(160 : 146)
(160 : 159)
(43 : 26)
(46 : 29)
(29 : 28)
(88 : 76)
(92 : 106)
(68 : 54)
(54 : 38)
(1 : 10)
(10 : 17)
(15 : 33)
(16 : 34)
(34 : 18)
(25 : 41)
(25 : 43)
(43 : 27)
(28 : 46)
(31 : 48)
(51 : 67)
(69 : 56)
(70 : 57)
(57 : 72)
(74 : 62)
(75 : 63)
(65 : 77)
(89 : 78)
(80 : 92)
(85 : 99)
(98 : 112)
(112 : 100)
(100 : 114)
(104 : 118)
(121 : 109)
(113 : 126)
(113 : 128)
(129 : 116)
(130 : 117)
(125 : 136)
(126 : 137)
(139 : 128)
(129 : 142)
(131 : 142)
(138 : 152)
(138 : 154)
(141 : 155)
(152 : 166)
(153 : 167)
(164 : 173)
(181 : 170)
(171 : 182)
(188 : 178)
(181 : 190)
(205 : 202)
