817.0
4
20
68 88 43 74 52 66 77 75 55 53 70 62 108 19 91 46 27 95 110 22 
87.0 96.0 97.0 40.0 38.0 90.0 50.0 30.0 70.0 53.0 66.0 62.0 39.0 19.0 92.0 30.0 88.0 9.0 82.0 84.0 8.0 91.0 37.0 39.0 73.0 41.0 66.0 14.0 34.0 22.0 71.0 75.0 99.0 25.0 59.0 16.0 54.0 76.0 31.0 28.0 25.0 84.0 16.0 51.0 36.0 47.0 88.0 94.0 19.0 15.0 81.0 38.0 82.0 97.0 94.0 8.0 14.0 82.0 92.0 13.0 53.0 12.0 29.0 8.0 63.0 1.0 38.0 1.0 51.0 56.0 20.0 15.0 89.0 72.0 83.0 17.0 25.0 43.0 12.0 5.0 59.0 18.0 14.0 64.0 66.0 57.0 13.0 97.0 12.0 54.0 95.0 2.0 17.0 79.0 48.0 2.0 28.0 76.0 10.0 93.0 
(46 : 47)
(53 : 65)
(65 : 75)
(53 : 41)
(68 : 69)
(66 : 76)
(76 : 75)
(76 : 77)
(47 : 35)
(110 : 101)
(77 : 67)
(46 : 45)
(47 : 59)
(88 : 89)
(70 : 58)
(58 : 59)
(95 : 84)
(62 : 50)
(27 : 16)
(35 : 34)
(34 : 23)
(74 : 73)
(75 : 86)
(69 : 79)
(35 : 24)
(68 : 56)
(70 : 80)
(80 : 91)
(88 : 87)
(59 : 71)
(65 : 64)
(64 : 52)
(86 : 85)
(85 : 74)
(50 : 38)
(50 : 49)
(38 : 26)
(19 : 9)
(101 : 90)
(90 : 91)
(24 : 14)
(23 : 13)
(13 : 4)
(91 : 102)
(102 : 101)
(108 : 98)
(98 : 87)
(45 : 44)
(44 : 56)
(19 : 20)
(34 : 33)
(33 : 22)
(38 : 37)
(73 : 63)
(4 : 5)
(5 : 14)
(95 : 94)
(52 : 51)
(55 : 54)
(88 : 99)
(94 : 83)
(83 : 84)
(89 : 100)
(52 : 40)
(40 : 41)
(37 : 36)
(19 : 30)
(41 : 29)
(89 : 78)
(78 : 79)
(100 : 109)
(109 : 110)
(27 : 28)
(3 : 2)
(43 : 31)
(31 : 20)
(58 : 57)
(38 : 39)
(39 : 27)
(110 : 111)
(29 : 18)
(43 : 42)
(22 : 21)
(21 : 20)
(36 : 48)
(49 : 61)
(20 : 10)
(109 : 116)
(13 : 12)
(12 : 3)
(111 : 118)
(94 : 106)
(71 : 81)
(86 : 97)
(28 : 17)
(83 : 82)
(48 : 60)
(60 : 61)
(16 : 6)
(62 : 72)
(96 : 85)
(106 : 105)
(44 : 32)
(32 : 21)
(32 : 33)
(118 : 119)
(119 : 112)
(91 : 92)
(92 : 81)
(117 : 118)
(106 : 113)
(94 : 93)
(115 : 114)
(114 : 108)
(21 : 11)
(97 : 107)
(105 : 104)
(9 : 8)
(25 : 37)
(16 : 15)
(2 : 1)
(1 : 0)
(0 : 9)
(112 : 103)
(103 : 92)
(17 : 7)
(7 : 6)
(7 : 8)
(64 : 74)
(24 : 23)
(62 : 63)
(83 : 72)
(80 : 79)
(33 : 45)
(54 : 66)
(12 : 4)
(4 : 14)
(7 : 16)
(13 : 22)
(17 : 27)
(20 : 30)
(33 : 23)
(37 : 26)
(34 : 45)
(41 : 52)
(47 : 58)
(49 : 60)
(50 : 61)
(53 : 64)
(59 : 70)
(72 : 63)
(66 : 75)
(69 : 78)
(70 : 79)
(75 : 85)
(80 : 90)
(81 : 91)
(96 : 86)
(89 : 99)
(90 : 102)
(91 : 103)
(94 : 105)
(101 : 109)
(110 : 116)
(117 : 111)
(118 : 112)
