4669.0
8
20
278 407 137 337 193 273 346 340 202 196 284 262 492 23 415 145 77 450 498 29 
81.0 47.0 65.0 20.0 81.0 23.0 29.0 70.0 88.0 31.0 39.0 30.0 96.0 38.0 19.0 71.0 13.0 4.0 61.0 42.0 99.0 57.0 51.0 61.0 82.0 71.0 4.0 46.0 65.0 20.0 96.0 46.0 77.0 51.0 79.0 6.0 23.0 65.0 1.0 72.0 77.0 40.0 96.0 72.0 71.0 82.0 76.0 77.0 5.0 71.0 14.0 60.0 71.0 53.0 31.0 98.0 43.0 66.0 72.0 95.0 71.0 35.0 8.0 75.0 89.0 33.0 17.0 27.0 84.0 98.0 82.0 40.0 74.0 52.0 61.0 66.0 99.0 39.0 45.0 95.0 71.0 46.0 39.0 8.0 21.0 12.0 90.0 4.0 42.0 53.0 59.0 39.0 58.0 71.0 44.0 64.0 31.0 19.0 45.0 34.0 5.0 88.0 40.0 20.0 77.0 93.0 30.0 98.0 90.0 10.0 21.0 48.0 16.0 96.0 53.0 15.0 82.0 78.0 99.0 18.0 7.0 81.0 48.0 97.0 77.0 80.0 30.0 6.0 64.0 18.0 49.0 48.0 22.0 62.0 82.0 27.0 24.0 72.0 40.0 92.0 19.0 92.0 88.0 91.0 61.0 47.0 22.0 24.0 41.0 41.0 18.0 30.0 13.0 23.0 82.0 87.0 46.0 58.0 24.0 26.0 7.0 13.0 78.0 84.0 64.0 19.0 33.0 41.0 93.0 97.0 88.0 69.0 5.0 2.0 83.0 38.0 8.0 35.0 72.0 86.0 2.0 11.0 40.0 40.0 41.0 56.0 52.0 56.0 87.0 36.0 43.0 65.0 73.0 62.0 15.0 10.0 80.0 47.0 48.0 29.0 13.0 14.0 84.0 36.0 21.0 41.0 90.0 15.0 43.0 80.0 13.0 81.0 73.0 97.0 65.0 45.0 52.0 65.0 5.0 25.0 4.0 6.0 12.0 3.0 25.0 44.0 65.0 28.0 91.0 83.0 42.0 93.0 4.0 77.0 24.0 0.0 20.0 77.0 47.0 37.0 55.0 80.0 99.0 58.0 80.0 28.0 90.0 43.0 96.0 69.0 83.0 67.0 70.0 61.0 45.0 91.0 65.0 10.0 74.0 77.0 63.0 83.0 50.0 37.0 47.0 39.0 87.0 0.0 99.0 45.0 92.0 12.0 85.0 40.0 7.0 7.0 3.0 89.0 34.0 70.0 33.0 84.0 86.0 8.0 47.0 66.0 45.0 25.0 42.0 77.0 75.0 68.0 7.0 25.0 12.0 70.0 75.0 69.0 61.0 76.0 77.0 91.0 27.0 69.0 99.0 13.0 41.0 48.0 43.0 84.0 83.0 60.0 95.0 92.0 52.0 45.0 36.0 56.0 33.0 29.0 87.0 32.0 52.0 37.0 8.0 37.0 78.0 21.0 86.0 91.0 92.0 50.0 0.0 18.0 2.0 7.0 82.0 82.0 62.0 54.0 5.0 26.0 60.0 27.0 56.0 53.0 77.0 3.0 40.0 53.0 95.0 75.0 73.0 73.0 31.0 30.0 71.0 45.0 44.0 91.0 84.0 58.0 56.0 42.0 76.0 76.0 36.0 79.0 67.0 48.0 45.0 92.0 14.0 50.0 22.0 75.0 45.0 32.0 44.0 8.0 59.0 10.0 66.0 21.0 99.0 65.0 6.0 2.0 1.0 53.0 7.0 21.0 51.0 35.0 60.0 5.0 30.0 67.0 55.0 91.0 73.0 62.0 57.0 91.0 54.0 52.0 79.0 33.0 66.0 52.0 89.0 82.0 13.0 86.0 28.0 78.0 2.0 30.0 71.0 54.0 0.0 41.0 53.0 90.0 30.0 23.0 64.0 90.0 86.0 79.0 52.0 30.0 86.0 68.0 66.0 38.0 27.0 55.0 44.0 11.0 57.0 75.0 84.0 74.0 83.0 36.0 35.0 98.0 90.0 53.0 96.0 88.0 93.0 95.0 61.0 38.0 48.0 96.0 34.0 31.0 75.0 39.0 84.0 19.0 53.0 79.0 65.0 93.0 44.0 94.0 96.0 88.0 68.0 6.0 54.0 6.0 82.0 33.0 72.0 92.0 2.0 23.0 15.0 85.0 82.0 54.0 39.0 10.0 51.0 72.0 9.0 56.0 64.0 3.0 79.0 91.0 1.0 73.0 34.0 36.0 
(202 : 179)
(337 : 315)
(273 : 297)
(196 : 197)
(284 : 283)
(283 : 258)
(297 : 298)
(499 : 516)
(77 : 54)
(23 : 11)
(298 : 322)
(407 : 408)
(315 : 293)
(297 : 296)
(498 : 483)
(193 : 171)
(415 : 395)
(415 : 416)
(179 : 178)
(145 : 125)
(499 : 484)
(137 : 118)
(415 : 414)
(262 : 263)
(262 : 238)
(193 : 194)
(283 : 282)
(138 : 158)
(196 : 195)
(499 : 500)
(137 : 157)
(157 : 158)
(298 : 299)
(258 : 234)
(273 : 249)
(283 : 307)
(54 : 55)
(23 : 24)
(484 : 470)
(408 : 409)
(322 : 344)
(158 : 180)
(278 : 277)
(11 : 2)
(272 : 248)
(414 : 394)
(24 : 12)
(284 : 308)
(308 : 307)
(492 : 491)
(272 : 271)
(278 : 254)
(499 : 498)
(234 : 233)
(2 : 1)
(307 : 306)
(29 : 28)
(145 : 144)
(178 : 177)
(144 : 143)
(171 : 150)
(394 : 375)
(29 : 47)
(271 : 247)
(296 : 295)
(118 : 117)
(262 : 288)
(125 : 126)
(247 : 246)
(138 : 119)
(126 : 146)
(124 : 123)
(314 : 291)
(197 : 175)
(150 : 129)
(119 : 100)
(516 : 515)
(126 : 107)
(296 : 320)
(320 : 321)
(450 : 438)
(438 : 420)
(222 : 198)
(258 : 259)
(137 : 136)
(177 : 155)
(11 : 10)
(10 : 1)
(179 : 180)
(145 : 165)
(254 : 255)
(278 : 279)
(279 : 255)
(11 : 12)
(55 : 56)
(321 : 343)
(246 : 221)
(221 : 196)
(278 : 302)
(320 : 319)
(322 : 323)
(323 : 299)
(129 : 112)
(221 : 220)
(259 : 235)
(24 : 42)
(484 : 483)
(198 : 199)
(107 : 90)
(193 : 218)
(332 : 308)
(271 : 270)
(420 : 399)
(306 : 305)
(343 : 342)
(129 : 128)
(99 : 83)
(261 : 286)
(250 : 249)
(517 : 518)
(143 : 163)
(303 : 328)
(450 : 451)
(408 : 428)
(319 : 318)
(318 : 340)
(399 : 400)
(413 : 392)
(180 : 203)
(438 : 439)
(375 : 376)
(376 : 395)
(498 : 515)
(99 : 98)
(98 : 117)
(193 : 192)
(132 : 115)
(263 : 239)
(239 : 238)
(323 : 324)
(249 : 223)
(164 : 184)
(218 : 219)
(219 : 220)
(450 : 461)
(115 : 116)
(3 : 12)
(47 : 48)
(337 : 338)
(316 : 315)
(119 : 120)
(314 : 313)
(323 : 345)
(345 : 346)
(340 : 341)
(203 : 227)
(195 : 173)
(420 : 421)
(421 : 439)
(271 : 295)
(394 : 393)
(282 : 281)
(281 : 305)
(76 : 75)
(100 : 84)
(84 : 83)
(279 : 280)
(393 : 374)
(150 : 149)
(218 : 217)
(420 : 419)
(209 : 234)
(123 : 104)
(209 : 210)
(139 : 120)
(100 : 101)
(197 : 198)
(259 : 260)
(421 : 422)
(107 : 106)
(345 : 367)
(393 : 392)
(414 : 433)
(516 : 517)
(101 : 85)
(85 : 84)
(343 : 365)
(286 : 310)
(250 : 224)
(224 : 223)
(492 : 506)
(24 : 25)
(272 : 296)
(332 : 355)
(291 : 265)
(250 : 251)
(515 : 514)
(422 : 423)
(130 : 151)
(340 : 339)
(339 : 338)
(257 : 256)
(421 : 400)
(149 : 148)
(76 : 91)
(319 : 295)
(106 : 89)
(89 : 90)
(146 : 166)
(422 : 440)
(440 : 439)
(132 : 133)
(33 : 18)
(18 : 19)
(184 : 185)
(185 : 165)
(185 : 210)
(255 : 230)
(171 : 170)
(469 : 470)
(115 : 96)
(461 : 475)
(475 : 474)
(89 : 88)
(305 : 330)
(263 : 264)
(256 : 231)
(231 : 230)
(88 : 87)
(506 : 507)
(124 : 105)
(123 : 122)
(318 : 317)
(317 : 339)
(354 : 375)
(297 : 321)
(340 : 362)
(308 : 309)
(346 : 368)
(423 : 424)
(42 : 41)
(235 : 236)
(493 : 494)
(413 : 412)
(202 : 201)
(367 : 366)
(366 : 365)
(133 : 134)
(345 : 344)
(460 : 449)
(291 : 292)
(292 : 293)
(118 : 99)
(304 : 280)
(304 : 305)
(257 : 232)
(75 : 74)
(128 : 127)
(127 : 148)
(514 : 513)
(354 : 353)
(353 : 374)
(273 : 272)
(165 : 164)
(165 : 166)
(238 : 212)
(433 : 432)
(287 : 288)
(330 : 331)
(416 : 435)
(346 : 347)
(268 : 244)
(178 : 156)
(156 : 136)
(156 : 155)
(457 : 471)
(89 : 71)
(513 : 512)
(115 : 114)
(153 : 133)
(492 : 479)
(413 : 431)
(101 : 102)
(449 : 448)
(451 : 452)
(452 : 440)
(375 : 374)
(491 : 478)
(294 : 317)
(479 : 466)
(505 : 504)
(84 : 65)
(400 : 401)
(309 : 285)
(285 : 260)
(285 : 284)
(135 : 136)
(222 : 223)
(433 : 447)
(447 : 457)
(428 : 427)
(395 : 394)
(408 : 388)
(471 : 472)
(388 : 369)
(369 : 347)
(457 : 458)
(227 : 226)
(23 : 22)
(3 : 4)
(427 : 426)
(199 : 176)
(176 : 177)
(203 : 204)
(310 : 333)
(367 : 386)
(362 : 363)
(204 : 228)
(128 : 111)
(111 : 112)
(56 : 35)
(35 : 34)
(494 : 495)
(186 : 166)
(319 : 341)
(71 : 50)
(196 : 174)
(239 : 213)
(12 : 13)
(13 : 4)
(97 : 98)
(495 : 509)
(331 : 353)
(266 : 265)
(337 : 360)
(236 : 211)
(211 : 186)
(302 : 301)
(130 : 131)
(304 : 329)
(329 : 328)
(19 : 7)
(10 : 9)
(192 : 191)
(151 : 172)
(210 : 235)
(135 : 134)
(35 : 36)
(212 : 188)
(320 : 342)
(347 : 325)
(328 : 327)
(303 : 279)
(440 : 441)
(441 : 423)
(461 : 462)
(476 : 475)
(217 : 216)
(399 : 398)
(398 : 419)
(392 : 373)
(373 : 372)
(88 : 70)
(112 : 95)
(226 : 225)
(225 : 201)
(225 : 224)
(23 : 41)
(41 : 62)
(239 : 240)
(240 : 264)
(294 : 269)
(269 : 270)
(507 : 508)
(286 : 287)
(485 : 501)
(501 : 500)
(204 : 205)
(452 : 453)
(453 : 441)
(156 : 157)
(257 : 281)
(396 : 395)
(396 : 416)
(261 : 237)
(269 : 245)
(245 : 220)
(245 : 244)
(75 : 53)
(174 : 152)
(36 : 37)
(386 : 387)
(387 : 368)
(387 : 407)
(83 : 64)
(362 : 381)
(438 : 437)
(437 : 419)
(226 : 252)
(252 : 251)
(85 : 66)
(172 : 173)
(493 : 480)
(480 : 479)
(4 : 5)
(474 : 473)
(491 : 505)
(478 : 465)
(465 : 466)
(412 : 411)
(365 : 364)
(268 : 267)
(267 : 266)
(170 : 169)
(169 : 148)
(480 : 467)
(441 : 442)
(372 : 371)
(371 : 391)
(95 : 79)
(148 : 147)
(411 : 410)
(327 : 326)
(326 : 325)
(118 : 119)
(13 : 14)
(14 : 5)
(330 : 352)
(352 : 353)
(216 : 241)
(241 : 265)
(355 : 356)
(363 : 382)
(306 : 331)
(467 : 468)
(231 : 207)
(139 : 140)
(87 : 69)
(69 : 48)
(69 : 70)
(509 : 510)
(313 : 290)
(290 : 291)
(199 : 200)
(200 : 224)
(200 : 201)
(29 : 30)
(184 : 209)
(372 : 351)
(351 : 329)
(53 : 52)
(333 : 357)
(435 : 434)
(91 : 92)
(92 : 77)
(92 : 93)
(181 : 204)
(471 : 470)
(343 : 344)
(293 : 267)
(205 : 206)
(206 : 230)
(483 : 482)
(256 : 280)
(195 : 194)
(195 : 220)
(365 : 384)
(216 : 215)
(79 : 57)
(453 : 464)
(464 : 463)
(65 : 45)
(504 : 503)
(98 : 82)
(74 : 73)
(398 : 397)
(342 : 364)
(518 : 519)
(218 : 243)
(422 : 401)
(134 : 154)
(154 : 176)
(154 : 155)
(130 : 113)
(113 : 112)
(28 : 27)
(430 : 429)
(512 : 511)
(2 : 3)
(366 : 385)
(385 : 384)
(140 : 159)
(384 : 405)
(37 : 21)
(207 : 183)
(419 : 418)
(418 : 397)
(327 : 349)
(7 : 0)
(223 : 199)
(442 : 454)
(169 : 168)
(357 : 377)
(310 : 311)
(65 : 66)
(92 : 110)
(500 : 517)
(411 : 429)
(302 : 303)
(251 : 274)
(274 : 299)
(252 : 253)
(175 : 174)
(328 : 350)
(350 : 351)
(494 : 481)
(47 : 68)
(78 : 94)
(94 : 95)
(14 : 26)
(362 : 361)
(506 : 505)
(449 : 436)
(436 : 418)
(423 : 402)
(203 : 202)
(53 : 32)
(32 : 31)
(369 : 370)
(49 : 70)
(508 : 494)
(347 : 348)
(426 : 406)
(252 : 275)
(418 : 417)
(140 : 141)
(78 : 56)
(275 : 276)
(276 : 253)
(276 : 277)
(255 : 256)
(91 : 109)
(109 : 110)
(189 : 188)
(40 : 39)
(14 : 15)
(163 : 162)
(6 : 15)
(468 : 456)
(405 : 404)
(73 : 72)
(357 : 358)
(376 : 355)
(430 : 445)
(82 : 63)
(63 : 64)
(202 : 226)
(68 : 67)
(205 : 229)
(229 : 230)
(103 : 102)
(103 : 121)
(364 : 383)
(383 : 382)
(383 : 404)
(383 : 384)
(478 : 477)
(100 : 99)
(399 : 378)
(431 : 446)
(446 : 445)
(289 : 312)
(312 : 313)
(388 : 389)
(389 : 370)
(50 : 51)
(7 : 8)
(161 : 160)
(160 : 141)
(400 : 379)
(267 : 243)
(30 : 16)
(142 : 122)
(142 : 141)
(142 : 161)
(445 : 444)
(444 : 429)
(215 : 214)
(214 : 213)
(214 : 240)
(177 : 200)
(160 : 182)
(182 : 206)
(182 : 183)
(248 : 249)
(241 : 242)
(242 : 217)
(242 : 266)
(242 : 243)
(260 : 236)
(233 : 232)
(40 : 60)
(17 : 18)
(170 : 192)
(475 : 487)
(487 : 488)
(61 : 60)
(61 : 62)
(80 : 58)
(58 : 37)
(58 : 57)
(102 : 86)
(336 : 335)
(335 : 313)
(462 : 463)
(519 : 502)
(43 : 42)
(43 : 63)
(188 : 187)
(511 : 496)
(46 : 45)
(488 : 489)
(43 : 44)
(44 : 26)
(44 : 45)
(458 : 459)
(502 : 486)
(486 : 485)
(60 : 59)
(59 : 39)
(155 : 135)
(105 : 87)
(207 : 208)
(208 : 232)
(168 : 167)
(426 : 425)
(19 : 20)
(20 : 8)
(20 : 34)
(37 : 38)
(38 : 39)
(503 : 490)
(32 : 33)
(382 : 403)
(403 : 404)
(360 : 359)
(389 : 390)
(390 : 410)
(390 : 391)
(108 : 109)
(81 : 62)
(276 : 300)
(300 : 325)
(300 : 301)
(214 : 190)
(190 : 167)
(190 : 189)
(518 : 501)
(335 : 334)
(334 : 312)
(426 : 443)
(443 : 456)
(466 : 455)
(497 : 496)
(497 : 512)
(401 : 380)
(380 : 359)
(380 : 379)
(11 : 3)
(14 : 6)
(10 : 23)
(23 : 12)
(13 : 24)
(17 : 33)
(41 : 24)
(42 : 25)
(30 : 47)
(52 : 32)
(34 : 56)
(43 : 64)
(45 : 66)
(69 : 49)
(53 : 74)
(57 : 78)
(57 : 80)
(64 : 82)
(71 : 88)
(77 : 91)
(78 : 95)
(85 : 102)
(89 : 107)
(99 : 119)
(106 : 126)
(112 : 130)
(116 : 132)
(118 : 136)
(118 : 138)
(138 : 120)
(126 : 145)
(128 : 148)
(129 : 149)
(153 : 134)
(154 : 135)
(138 : 157)
(159 : 141)
(144 : 165)
(148 : 168)
(149 : 169)
(150 : 170)
(158 : 179)
(160 : 183)
(185 : 166)
(174 : 195)
(174 : 197)
(178 : 200)
(179 : 201)
(202 : 180)
(189 : 212)
(189 : 214)
(193 : 217)
(194 : 218)
(195 : 219)
(199 : 224)
(207 : 230)
(234 : 210)
(213 : 238)
(217 : 243)
(221 : 245)
(222 : 249)
(225 : 250)
(227 : 252)
(230 : 254)
(232 : 256)
(235 : 258)
(245 : 268)
(279 : 256)
(257 : 280)
(265 : 292)
(296 : 273)
(276 : 301)
(278 : 301)
(302 : 279)
(282 : 305)
(283 : 306)
(307 : 284)
(287 : 310)
(289 : 313)
(320 : 297)
(301 : 325)
(303 : 329)
(329 : 305)
(318 : 341)
(320 : 341)
(343 : 322)
(326 : 347)
(330 : 353)
(340 : 361)
(341 : 362)
(346 : 367)
(347 : 368)
(355 : 375)
(367 : 385)
(368 : 386)
(374 : 392)
(394 : 376)
(399 : 379)
(388 : 407)
(408 : 389)
(391 : 410)
(400 : 422)
(427 : 408)
(412 : 429)
(413 : 430)
(416 : 434)
(419 : 436)
(437 : 420)
(420 : 439)
(430 : 446)
(439 : 450)
(451 : 461)
(452 : 462)
(463 : 453)
(475 : 462)
(466 : 478)
(483 : 470)
(475 : 488)
(479 : 491)
(479 : 493)
(485 : 502)
(491 : 506)
(507 : 494)
(494 : 509)
(498 : 516)
(499 : 517)
(502 : 518)
