3298.0
6
10
105 207 7 156 46 97 168 160 55 50 
68.0 65.0 68.0 35.0 81.0 1.0 53.0 83.0 34.0 52.0 76.0 71.0 81.0 17.0 57.0 86.0 22.0 71.0 42.0 4.0 8.0 89.0 12.0 85.0 65.0 92.0 51.0 0.0 0.0 76.0 20.0 99.0 15.0 91.0 7.0 14.0 7.0 49.0 31.0 92.0 72.0 20.0 2.0 76.0 83.0 0.0 93.0 71.0 0.0 35.0 99.0 81.0 51.0 68.0 13.0 79.0 36.0 83.0 17.0 23.0 19.0 40.0 53.0 57.0 36.0 53.0 48.0 12.0 45.0 86.0 68.0 81.0 11.0 34.0 29.0 45.0 64.0 48.0 69.0 16.0 44.0 35.0 61.0 22.0 52.0 7.0 56.0 31.0 5.0 81.0 43.0 43.0 68.0 68.0 69.0 74.0 83.0 66.0 60.0 6.0 0.0 51.0 37.0 4.0 17.0 32.0 49.0 7.0 22.0 94.0 37.0 21.0 98.0 20.0 24.0 14.0 22.0 79.0 84.0 41.0 59.0 88.0 49.0 42.0 62.0 45.0 10.0 13.0 87.0 17.0 73.0 87.0 84.0 68.0 17.0 78.0 26.0 33.0 72.0 68.0 74.0 92.0 5.0 3.0 40.0 14.0 68.0 93.0 39.0 63.0 99.0 52.0 69.0 79.0 12.0 56.0 66.0 99.0 45.0 74.0 97.0 59.0 53.0 17.0 68.0 74.0 41.0 20.0 3.0 4.0 38.0 39.0 40.0 32.0 15.0 15.0 78.0 78.0 1.0 62.0 59.0 45.0 79.0 50.0 19.0 41.0 43.0 60.0 31.0 70.0 14.0 79.0 36.0 28.0 15.0 0.0 56.0 80.0 63.0 20.0 
(105 : 92)
(160 : 142)
(55 : 56)
(97 : 98)
(50 : 35)
(46 : 31)
(168 : 167)
(142 : 126)
(167 : 149)
(92 : 82)
(92 : 91)
(82 : 81)
(81 : 91)
(91 : 90)
(126 : 127)
(156 : 139)
(167 : 166)
(166 : 148)
(168 : 150)
(150 : 149)
(168 : 183)
(149 : 133)
(98 : 86)
(56 : 57)
(56 : 41)
(35 : 23)
(160 : 161)
(105 : 104)
(147 : 131)
(41 : 42)
(82 : 71)
(35 : 34)
(147 : 146)
(127 : 111)
(133 : 132)
(132 : 148)
(7 : 6)
(147 : 165)
(35 : 36)
(36 : 24)
(150 : 151)
(31 : 19)
(142 : 143)
(143 : 127)
(151 : 135)
(105 : 122)
(81 : 80)
(80 : 90)
(122 : 121)
(143 : 144)
(183 : 182)
(151 : 169)
(132 : 116)
(90 : 89)
(166 : 181)
(7 : 8)
(182 : 196)
(134 : 133)
(31 : 30)
(156 : 157)
(183 : 184)
(184 : 169)
(90 : 103)
(103 : 104)
(157 : 173)
(122 : 138)
(111 : 94)
(36 : 51)
(173 : 174)
(86 : 87)
(7 : 1)
(81 : 70)
(34 : 33)
(131 : 115)
(41 : 28)
(57 : 58)
(161 : 177)
(196 : 197)
(50 : 49)
(139 : 123)
(111 : 110)
(42 : 29)
(29 : 28)
(165 : 164)
(164 : 146)
(34 : 22)
(22 : 23)
(41 : 40)
(156 : 155)
(89 : 79)
(34 : 49)
(50 : 65)
(134 : 118)
(55 : 54)
(143 : 161)
(197 : 202)
(202 : 207)
(135 : 119)
(166 : 165)
(49 : 48)
(97 : 85)
(58 : 43)
(43 : 42)
(126 : 125)
(165 : 180)
(180 : 181)
(7 : 16)
(54 : 39)
(50 : 51)
(31 : 32)
(32 : 47)
(172 : 171)
(171 : 155)
(121 : 137)
(137 : 138)
(173 : 189)
(180 : 179)
(51 : 66)
(66 : 65)
(145 : 129)
(142 : 141)
(141 : 125)
(71 : 59)
(164 : 163)
(163 : 145)
(135 : 136)
(54 : 53)
(130 : 146)
(57 : 69)
(47 : 62)
(49 : 64)
(64 : 65)
(125 : 109)
(197 : 198)
(144 : 128)
(128 : 129)
(115 : 114)
(114 : 97)
(207 : 206)
(129 : 113)
(113 : 114)
(51 : 52)
(189 : 188)
(196 : 195)
(148 : 147)
(148 : 149)
(198 : 199)
(189 : 190)
(132 : 131)
(135 : 134)
(28 : 27)
(27 : 16)
(171 : 187)
(29 : 18)
(52 : 37)
(37 : 36)
(130 : 114)
(30 : 45)
(62 : 61)
(61 : 46)
(190 : 201)
(56 : 68)
(68 : 69)
(23 : 12)
(174 : 158)
(138 : 154)
(123 : 106)
(154 : 153)
(12 : 11)
(62 : 63)
(174 : 175)
(160 : 159)
(159 : 175)
(177 : 176)
(176 : 160)
(176 : 175)
(16 : 17)
(17 : 18)
(11 : 3)
(80 : 69)
(181 : 182)
(136 : 120)
(120 : 121)
(164 : 179)
(183 : 197)
(175 : 191)
(191 : 190)
(117 : 118)
(199 : 204)
(190 : 174)
(103 : 102)
(102 : 89)
(158 : 140)
(169 : 170)
(191 : 192)
(184 : 185)
(98 : 99)
(99 : 116)
(97 : 96)
(24 : 13)
(125 : 124)
(61 : 60)
(61 : 73)
(136 : 152)
(152 : 151)
(152 : 170)
(128 : 112)
(112 : 111)
(60 : 72)
(32 : 20)
(33 : 21)
(66 : 67)
(177 : 193)
(94 : 83)
(59 : 44)
(24 : 25)
(25 : 37)
(16 : 15)
(99 : 100)
(120 : 103)
(70 : 69)
(163 : 162)
(12 : 4)
(64 : 74)
(87 : 88)
(88 : 100)
(94 : 93)
(189 : 200)
(200 : 201)
(185 : 186)
(6 : 5)
(141 : 140)
(46 : 47)
(86 : 78)
(162 : 178)
(207 : 208)
(203 : 204)
(85 : 84)
(130 : 131)
(83 : 76)
(8 : 2)
(2 : 1)
(15 : 14)
(5 : 0)
(84 : 77)
(32 : 33)
(100 : 101)
(208 : 209)
(15 : 26)
(26 : 27)
(8 : 9)
(9 : 18)
(109 : 108)
(108 : 107)
(9 : 10)
(208 : 203)
(144 : 162)
(206 : 205)
(37 : 38)
(94 : 95)
(95 : 112)
(76 : 75)
(75 : 74)
(96 : 95)
(179 : 194)
(4 : 11)
(7 : 15)
(16 : 8)
(9 : 17)
(12 : 22)
(17 : 27)
(18 : 28)
(22 : 33)
(24 : 35)
(45 : 31)
(51 : 37)
(41 : 55)
(56 : 42)
(43 : 57)
(61 : 47)
(52 : 66)
(71 : 81)
(89 : 80)
(88 : 99)
(92 : 104)
(94 : 110)
(97 : 113)
(103 : 121)
(111 : 126)
(129 : 114)
(114 : 131)
(116 : 131)
(117 : 132)
(133 : 118)
(119 : 136)
(121 : 136)
(128 : 143)
(145 : 130)
(147 : 132)
(132 : 149)
(133 : 150)
(138 : 153)
(142 : 159)
(144 : 161)
(163 : 146)
(166 : 149)
(155 : 172)
(175 : 160)
(179 : 165)
(167 : 181)
(168 : 182)
(169 : 183)
(170 : 184)
(174 : 191)
(182 : 195)
(184 : 197)
(200 : 190)
(199 : 203)
(202 : 208)
(203 : 209)
