4235.0
9
20
290 407 141 346 204 285 355 349 213 207 296 275 493 37 411 147 82 446 501 41 
22.0 52.0 38.0 2.0 38.0 30.0 16.0 76.0 46.0 6.0 92.0 99.0 64.0 58.0 34.0 47.0 23.0 7.0 45.0 12.0 76.0 30.0 41.0 54.0 1.0 80.0 60.0 41.0 95.0 23.0 19.0 54.0 30.0 30.0 73.0 40.0 18.0 99.0 62.0 98.0 95.0 72.0 45.0 41.0 90.0 63.0 54.0 6.0 71.0 24.0 67.0 58.0 35.0 86.0 29.0 27.0 79.0 30.0 4.0 77.0 70.0 3.0 41.0 69.0 62.0 9.0 64.0 59.0 95.0 58.0 9.0 57.0 6.0 32.0 4.0 91.0 43.0 58.0 3.0 41.0 79.0 79.0 29.0 54.0 26.0 46.0 90.0 85.0 69.0 34.0 39.0 21.0 14.0 10.0 57.0 90.0 28.0 5.0 20.0 86.0 33.0 0.0 80.0 49.0 67.0 94.0 4.0 80.0 74.0 5.0 2.0 15.0 59.0 42.0 26.0 42.0 31.0 10.0 45.0 48.0 33.0 23.0 66.0 43.0 32.0 52.0 67.0 71.0 78.0 79.0 40.0 80.0 24.0 30.0 34.0 40.0 87.0 0.0 93.0 89.0 17.0 46.0 76.0 16.0 3.0 95.0 1.0 44.0 5.0 74.0 43.0 93.0 58.0 21.0 78.0 45.0 24.0 89.0 79.0 22.0 13.0 53.0 64.0 5.0 6.0 13.0 76.0 25.0 30.0 16.0 19.0 92.0 39.0 37.0 94.0 4.0 49.0 7.0 57.0 89.0 56.0 43.0 35.0 81.0 50.0 93.0 3.0 70.0 95.0 37.0 18.0 18.0 6.0 45.0 48.0 23.0 7.0 54.0 4.0 13.0 73.0 52.0 33.0 39.0 17.0 4.0 46.0 74.0 73.0 36.0 1.0 75.0 53.0 71.0 77.0 97.0 57.0 29.0 72.0 47.0 94.0 81.0 62.0 22.0 64.0 28.0 59.0 12.0 20.0 99.0 68.0 38.0 97.0 6.0 20.0 51.0 40.0 31.0 37.0 48.0 4.0 45.0 97.0 48.0 58.0 28.0 62.0 29.0 19.0 50.0 12.0 47.0 82.0 25.0 99.0 44.0 1.0 23.0 8.0 13.0 92.0 60.0 63.0 91.0 95.0 26.0 54.0 47.0 35.0 60.0 9.0 92.0 70.0 60.0 61.0 11.0 85.0 85.0 69.0 63.0 38.0 32.0 67.0 74.0 14.0 64.0 11.0 16.0 49.0 2.0 93.0 98.0 50.0 73.0 47.0 81.0 6.0 9.0 82.0 97.0 18.0 35.0 88.0 54.0 62.0 37.0 69.0 52.0 83.0 32.0 42.0 4.0 82.0 71.0 38.0 81.0 59.0 75.0 87.0 96.0 81.0 31.0 76.0 63.0 41.0 68.0 77.0 23.0 77.0 15.0 27.0 92.0 68.0 51.0 57.0 36.0 25.0 66.0 93.0 6.0 40.0 17.0 93.0 26.0 1.0 52.0 52.0 1.0 35.0 44.0 51.0 99.0 69.0 29.0 83.0 48.0 3.0 76.0 76.0 43.0 52.0 11.0 21.0 50.0 33.0 41.0 48.0 79.0 79.0 92.0 68.0 30.0 20.0 8.0 29.0 43.0 81.0 65.0 58.0 17.0 76.0 5.0 26.0 48.0 63.0 53.0 28.0 82.0 64.0 51.0 24.0 16.0 75.0 38.0 58.0 40.0 54.0 86.0 68.0 82.0 54.0 63.0 77.0 16.0 18.0 88.0 6.0 5.0 12.0 28.0 44.0 46.0 16.0 17.0 15.0 53.0 95.0 12.0 64.0 52.0 56.0 31.0 73.0 25.0 34.0 5.0 79.0 31.0 15.0 47.0 46.0 42.0 66.0 7.0 59.0 20.0 41.0 64.0 7.0 24.0 93.0 42.0 79.0 52.0 7.0 57.0 13.0 15.0 9.0 2.0 55.0 97.0 66.0 3.0 86.0 44.0 16.0 5.0 76.0 67.0 19.0 20.0 99.0 22.0 0.0 29.0 54.0 19.0 19.0 9.0 43.0 17.0 46.0 78.0 84.0 85.0 57.0 39.0 36.0 57.0 14.0 69.0 79.0 27.0 99.0 17.0 6.0 54.0 95.0 57.0 21.0 70.0 93.0 25.0 36.0 42.0 34.0 35.0 60.0 91.0 
(501 : 500)
(275 : 248)
(248 : 247)
(493 : 492)
(147 : 148)
(275 : 276)
(501 : 486)
(141 : 124)
(446 : 445)
(41 : 42)
(486 : 487)
(493 : 494)
(411 : 396)
(247 : 223)
(492 : 478)
(247 : 246)
(285 : 259)
(213 : 187)
(148 : 169)
(207 : 208)
(493 : 508)
(169 : 168)
(37 : 38)
(411 : 410)
(492 : 507)
(349 : 350)
(446 : 447)
(169 : 196)
(259 : 260)
(486 : 485)
(296 : 271)
(223 : 224)
(124 : 106)
(213 : 212)
(494 : 509)
(204 : 178)
(446 : 460)
(273 : 298)
(168 : 167)
(487 : 502)
(207 : 181)
(493 : 479)
(204 : 203)
(275 : 300)
(411 : 424)
(42 : 28)
(274 : 299)
(299 : 298)
(477 : 478)
(203 : 177)
(445 : 444)
(502 : 516)
(396 : 377)
(299 : 321)
(124 : 125)
(224 : 199)
(476 : 477)
(296 : 297)
(285 : 284)
(246 : 222)
(222 : 223)
(147 : 146)
(424 : 425)
(350 : 351)
(429 : 430)
(516 : 517)
(24 : 5)
(82 : 64)
(300 : 322)
(213 : 214)
(425 : 412)
(107 : 106)
(106 : 105)
(416 : 402)
(259 : 234)
(125 : 126)
(350 : 368)
(516 : 515)
(141 : 161)
(161 : 187)
(126 : 142)
(82 : 99)
(214 : 188)
(188 : 187)
(259 : 258)
(42 : 43)
(181 : 182)
(297 : 319)
(407 : 408)
(98 : 81)
(199 : 172)
(187 : 186)
(57 : 58)
(188 : 162)
(285 : 309)
(168 : 195)
(222 : 197)
(37 : 36)
(182 : 158)
(276 : 277)
(355 : 354)
(494 : 480)
(480 : 479)
(64 : 48)
(160 : 140)
(38 : 52)
(167 : 166)
(172 : 171)
(171 : 150)
(48 : 33)
(150 : 132)
(290 : 265)
(258 : 257)
(290 : 289)
(494 : 495)
(214 : 215)
(208 : 209)
(178 : 179)
(29 : 43)
(64 : 65)
(214 : 238)
(323 : 322)
(290 : 291)
(459 : 460)
(63 : 62)
(321 : 320)
(257 : 256)
(439 : 440)
(440 : 424)
(509 : 510)
(172 : 151)
(151 : 150)
(257 : 233)
(62 : 46)
(495 : 481)
(52 : 72)
(82 : 83)
(83 : 65)
(151 : 133)
(500 : 514)
(514 : 515)
(256 : 255)
(355 : 333)
(407 : 406)
(333 : 312)
(212 : 211)
(166 : 193)
(459 : 458)
(312 : 288)
(107 : 92)
(92 : 91)
(480 : 468)
(309 : 310)
(514 : 513)
(444 : 443)
(150 : 149)
(402 : 382)
(503 : 518)
(207 : 206)
(63 : 47)
(47 : 46)
(47 : 48)
(209 : 210)
(210 : 211)
(33 : 32)
(212 : 236)
(195 : 194)
(194 : 167)
(318 : 294)
(294 : 295)
(107 : 108)
(108 : 126)
(476 : 475)
(475 : 491)
(232 : 233)
(186 : 185)
(185 : 160)
(185 : 211)
(423 : 422)
(408 : 420)
(346 : 347)
(408 : 393)
(171 : 170)
(170 : 149)
(170 : 197)
(368 : 367)
(232 : 231)
(513 : 512)
(323 : 324)
(225 : 226)
(488 : 487)
(65 : 49)
(193 : 192)
(140 : 123)
(29 : 13)
(349 : 348)
(348 : 347)
(323 : 344)
(339 : 340)
(177 : 154)
(182 : 183)
(289 : 314)
(177 : 176)
(495 : 496)
(410 : 409)
(409 : 423)
(285 : 286)
(311 : 312)
(260 : 235)
(235 : 211)
(286 : 287)
(351 : 369)
(346 : 327)
(314 : 313)
(313 : 312)
(318 : 317)
(478 : 466)
(466 : 467)
(105 : 104)
(374 : 373)
(99 : 119)
(313 : 334)
(151 : 152)
(72 : 71)
(396 : 397)
(397 : 412)
(98 : 117)
(193 : 219)
(402 : 401)
(104 : 103)
(183 : 184)
(184 : 210)
(184 : 185)
(354 : 332)
(332 : 311)
(62 : 61)
(368 : 387)
(192 : 191)
(191 : 165)
(23 : 36)
(295 : 270)
(270 : 271)
(24 : 25)
(126 : 127)
(466 : 450)
(88 : 103)
(467 : 451)
(293 : 292)
(293 : 294)
(397 : 378)
(260 : 261)
(261 : 236)
(261 : 287)
(485 : 471)
(33 : 18)
(369 : 370)
(206 : 205)
(118 : 117)
(329 : 351)
(189 : 215)
(132 : 115)
(430 : 431)
(443 : 427)
(427 : 428)
(440 : 456)
(440 : 441)
(441 : 425)
(347 : 328)
(328 : 327)
(327 : 326)
(213 : 237)
(173 : 174)
(160 : 159)
(159 : 184)
(297 : 272)
(32 : 17)
(261 : 262)
(262 : 237)
(262 : 288)
(192 : 218)
(218 : 219)
(329 : 308)
(308 : 307)
(334 : 356)
(356 : 374)
(117 : 116)
(116 : 115)
(206 : 180)
(81 : 80)
(71 : 70)
(512 : 511)
(346 : 364)
(370 : 352)
(352 : 351)
(23 : 22)
(25 : 6)
(6 : 5)
(129 : 111)
(475 : 465)
(32 : 31)
(57 : 56)
(56 : 41)
(370 : 371)
(428 : 415)
(326 : 303)
(191 : 217)
(511 : 497)
(50 : 34)
(65 : 66)
(66 : 84)
(166 : 145)
(277 : 278)
(70 : 87)
(87 : 88)
(472 : 487)
(367 : 386)
(338 : 317)
(23 : 4)
(4 : 5)
(306 : 281)
(88 : 89)
(34 : 20)
(31 : 16)
(518 : 519)
(205 : 230)
(230 : 231)
(332 : 331)
(331 : 310)
(145 : 144)
(56 : 55)
(396 : 395)
(395 : 410)
(406 : 405)
(334 : 335)
(130 : 113)
(322 : 343)
(401 : 381)
(348 : 366)
(366 : 367)
(89 : 90)
(488 : 473)
(400 : 380)
(294 : 269)
(111 : 94)
(255 : 254)
(406 : 391)
(374 : 375)
(56 : 77)
(116 : 97)
(91 : 74)
(158 : 138)
(328 : 305)
(291 : 266)
(317 : 316)
(316 : 292)
(316 : 337)
(92 : 75)
(304 : 327)
(378 : 360)
(132 : 131)
(66 : 67)
(218 : 241)
(165 : 164)
(293 : 268)
(329 : 330)
(330 : 309)
(176 : 202)
(202 : 203)
(74 : 73)
(73 : 90)
(427 : 414)
(135 : 118)
(143 : 127)
(195 : 220)
(454 : 453)
(152 : 134)
(134 : 117)
(134 : 133)
(454 : 455)
(272 : 245)
(420 : 421)
(43 : 44)
(307 : 283)
(283 : 257)
(283 : 284)
(140 : 139)
(443 : 442)
(406 : 418)
(137 : 120)
(41 : 40)
(40 : 27)
(400 : 399)
(399 : 414)
(217 : 240)
(250 : 227)
(250 : 251)
(254 : 253)
(67 : 68)
(347 : 365)
(365 : 364)
(451 : 434)
(13 : 14)
(112 : 111)
(112 : 113)
(497 : 483)
(301 : 302)
(131 : 114)
(87 : 102)
(40 : 39)
(381 : 363)
(460 : 461)
(44 : 30)
(30 : 14)
(174 : 200)
(196 : 221)
(221 : 220)
(292 : 267)
(267 : 240)
(319 : 341)
(341 : 360)
(506 : 505)
(505 : 491)
(340 : 359)
(359 : 360)
(100 : 84)
(500 : 499)
(491 : 490)
(113 : 95)
(220 : 244)
(244 : 245)
(4 : 3)
(443 : 457)
(115 : 96)
(96 : 97)
(379 : 380)
(137 : 136)
(390 : 371)
(390 : 391)
(28 : 12)
(12 : 13)
(331 : 353)
(353 : 352)
(34 : 35)
(139 : 122)
(281 : 280)
(244 : 243)
(370 : 389)
(20 : 2)
(414 : 413)
(266 : 239)
(239 : 240)
(366 : 385)
(490 : 489)
(420 : 419)
(419 : 407)
(61 : 60)
(70 : 69)
(122 : 121)
(121 : 102)
(464 : 465)
(434 : 433)
(433 : 450)
(485 : 484)
(484 : 499)
(227 : 201)
(201 : 202)
(157 : 158)
(55 : 54)
(375 : 394)
(18 : 1)
(20 : 21)
(180 : 156)
(156 : 155)
(156 : 157)
(427 : 426)
(315 : 336)
(50 : 51)
(483 : 469)
(15 : 16)
(97 : 98)
(228 : 227)
(228 : 229)
(339 : 358)
(358 : 359)
(176 : 175)
(175 : 174)
(175 : 201)
(266 : 265)
(266 : 267)
(375 : 376)
(27 : 10)
(60 : 59)
(453 : 436)
(430 : 448)
(448 : 447)
(72 : 89)
(50 : 66)
(11 : 10)
(11 : 12)
(25 : 38)
(223 : 198)
(343 : 342)
(342 : 321)
(471 : 470)
(470 : 484)
(45 : 60)
(299 : 300)
(269 : 242)
(242 : 219)
(242 : 241)
(242 : 243)
(108 : 109)
(281 : 282)
(471 : 453)
(301 : 277)
(483 : 482)
(6 : 7)
(326 : 325)
(439 : 438)
(438 : 423)
(438 : 455)
(518 : 517)
(464 : 463)
(407 : 392)
(392 : 373)
(392 : 391)
(392 : 393)
(306 : 305)
(369 : 388)
(388 : 387)
(153 : 175)
(377 : 378)
(67 : 85)
(85 : 84)
(49 : 50)
(209 : 183)
(109 : 93)
(453 : 452)
(452 : 470)
(358 : 357)
(280 : 279)
(279 : 253)
(279 : 304)
(256 : 232)
(256 : 282)
(206 : 231)
(1 : 0)
(0 : 17)
(109 : 110)
(236 : 237)
(177 : 178)
(233 : 208)
(129 : 128)
(128 : 145)
(216 : 190)
(190 : 189)
(343 : 362)
(362 : 379)
(68 : 86)
(86 : 85)
(382 : 383)
(129 : 146)
(18 : 19)
(19 : 20)
(437 : 454)
(479 : 467)
(291 : 315)
(291 : 292)
(416 : 417)
(417 : 429)
(468 : 467)
(479 : 478)
(436 : 435)
(249 : 225)
(249 : 276)
(85 : 101)
(101 : 100)
(101 : 120)
(248 : 224)
(248 : 249)
(371 : 372)
(372 : 354)
(372 : 391)
(372 : 373)
(365 : 384)
(384 : 385)
(503 : 504)
(504 : 519)
(465 : 449)
(168 : 147)
(76 : 93)
(499 : 498)
(498 : 497)
(342 : 361)
(361 : 362)
(320 : 298)
(289 : 264)
(264 : 263)
(455 : 472)
(413 : 398)
(398 : 399)
(226 : 227)
(229 : 252)
(252 : 251)
(252 : 253)
(10 : 9)
(80 : 61)
(142 : 163)
(163 : 162)
(163 : 189)
(333 : 332)
(371 : 353)
(388 : 403)
(389 : 404)
(404 : 403)
(404 : 405)
(308 : 284)
(345 : 326)
(79 : 59)
(9 : 8)
(74 : 53)
(461 : 462)
(462 : 448)
(462 : 463)
(198 : 197)
(461 : 474)
(515 : 501)
(301 : 324)
(8 : 26)
(414 : 415)
(449 : 432)
(309 : 308)
(58 : 78)
(78 : 94)
(1 : 17)
(4 : 22)
(23 : 5)
(12 : 29)
(14 : 29)
(17 : 31)
(24 : 38)
(29 : 42)
(30 : 43)
(33 : 47)
(41 : 55)
(41 : 57)
(65 : 50)
(65 : 84)
(87 : 71)
(72 : 88)
(73 : 89)
(75 : 91)
(88 : 102)
(91 : 107)
(124 : 107)
(126 : 109)
(115 : 131)
(118 : 134)
(142 : 127)
(129 : 145)
(151 : 134)
(147 : 167)
(170 : 150)
(157 : 182)
(184 : 160)
(162 : 187)
(171 : 197)
(175 : 200)
(181 : 206)
(182 : 207)
(186 : 211)
(187 : 212)
(188 : 215)
(190 : 215)
(197 : 223)
(199 : 223)
(227 : 202)
(207 : 231)
(214 : 237)
(223 : 248)
(224 : 249)
(227 : 251)
(231 : 256)
(232 : 257)
(235 : 259)
(248 : 276)
(258 : 283)
(259 : 284)
(264 : 290)
(290 : 266)
(266 : 292)
(268 : 292)
(269 : 293)
(270 : 294)
(295 : 271)
(272 : 296)
(273 : 299)
(274 : 300)
(292 : 315)
(316 : 293)
(326 : 304)
(331 : 311)
(332 : 312)
(314 : 334)
(317 : 337)
(323 : 343)
(326 : 346)
(330 : 351)
(332 : 355)
(341 : 359)
(348 : 365)
(349 : 366)
(350 : 367)
(354 : 371)
(354 : 373)
(377 : 360)
(367 : 385)
(368 : 386)
(369 : 387)
(369 : 389)
(372 : 392)
(392 : 374)
(399 : 380)
(382 : 401)
(405 : 391)
(414 : 400)
(412 : 424)
(437 : 423)
(427 : 442)
(428 : 443)
(430 : 447)
(435 : 453)
(436 : 454)
(437 : 455)
(445 : 460)
(446 : 461)
(448 : 461)
(467 : 480)
(484 : 471)
(485 : 499)
(486 : 500)
(494 : 508)
(497 : 512)
(499 : 512)
(513 : 500)
(501 : 516)
