816.0
4
20
69 89 46 76 55 67 79 77 58 56 71 63 106 24 92 49 31 94 109 27 
21.0 82.0 51.0 48.0 81.0 67.0 32.0 67.0 34.0 64.0 5.0 81.0 16.0 81.0 17.0 53.0 46.0 66.0 12.0 57.0 41.0 95.0 28.0 71.0 94.0 36.0 2.0 0.0 25.0 93.0 16.0 62.0 93.0 84.0 46.0 59.0 52.0 57.0 23.0 88.0 64.0 88.0 61.0 20.0 97.0 11.0 17.0 58.0 86.0 66.0 90.0 60.0 10.0 54.0 34.0 3.0 96.0 72.0 14.0 65.0 71.0 6.0 49.0 6.0 84.0 32.0 63.0 29.0 41.0 35.0 8.0 34.0 51.0 36.0 39.0 16.0 21.0 45.0 94.0 34.0 19.0 24.0 70.0 14.0 5.0 42.0 8.0 96.0 35.0 67.0 49.0 58.0 80.0 16.0 89.0 91.0 84.0 13.0 41.0 71.0 
(31 : 21)
(24 : 25)
(79 : 80)
(80 : 69)
(106 : 97)
(106 : 105)
(27 : 28)
(63 : 53)
(25 : 15)
(31 : 30)
(105 : 96)
(96 : 97)
(109 : 100)
(79 : 68)
(28 : 18)
(31 : 42)
(107 : 108)
(108 : 109)
(108 : 116)
(100 : 91)
(91 : 92)
(67 : 66)
(66 : 56)
(76 : 86)
(100 : 101)
(55 : 43)
(55 : 54)
(56 : 57)
(104 : 103)
(97 : 98)
(98 : 107)
(24 : 23)
(98 : 99)
(18 : 19)
(43 : 32)
(43 : 44)
(27 : 17)
(97 : 88)
(46 : 35)
(28 : 29)
(94 : 85)
(29 : 39)
(54 : 64)
(109 : 117)
(117 : 116)
(46 : 47)
(15 : 4)
(58 : 59)
(59 : 69)
(53 : 52)
(33 : 32)
(91 : 81)
(35 : 36)
(31 : 32)
(117 : 118)
(118 : 119)
(36 : 37)
(98 : 89)
(75 : 74)
(74 : 63)
(32 : 22)
(81 : 70)
(70 : 71)
(35 : 34)
(56 : 55)
(86 : 95)
(95 : 94)
(95 : 104)
(88 : 87)
(87 : 86)
(87 : 96)
(14 : 13)
(47 : 48)
(101 : 102)
(81 : 82)
(26 : 16)
(48 : 60)
(109 : 110)
(30 : 20)
(20 : 21)
(44 : 45)
(45 : 57)
(101 : 110)
(23 : 13)
(23 : 33)
(37 : 38)
(38 : 39)
(17 : 6)
(79 : 78)
(78 : 67)
(78 : 88)
(16 : 5)
(99 : 90)
(90 : 91)
(64 : 63)
(64 : 75)
(64 : 65)
(24 : 14)
(89 : 79)
(33 : 44)
(33 : 34)
(23 : 22)
(105 : 113)
(45 : 34)
(45 : 46)
(16 : 15)
(22 : 12)
(60 : 61)
(61 : 71)
(74 : 84)
(101 : 92)
(102 : 93)
(115 : 107)
(18 : 7)
(74 : 73)
(16 : 17)
(52 : 51)
(85 : 75)
(77 : 66)
(77 : 76)
(4 : 3)
(38 : 49)
(68 : 58)
(68 : 67)
(60 : 70)
(55 : 65)
(59 : 47)
(59 : 60)
(7 : 8)
(8 : 19)
(102 : 111)
(111 : 110)
(111 : 119)
(88 : 89)
(22 : 21)
(20 : 10)
(10 : 11)
(78 : 77)
(81 : 80)
(100 : 99)
(116 : 115)
(71 : 72)
(65 : 66)
(69 : 68)
(69 : 70)
(93 : 83)
(83 : 72)
(83 : 82)
(115 : 114)
(114 : 106)
(15 : 14)
(13 : 2)
(37 : 48)
(49 : 50)
(2 : 1)
(1 : 12)
(10 : 9)
(53 : 41)
(41 : 30)
(1 : 0)
(3 : 2)
(51 : 62)
(17 : 18)
(5 : 4)
(52 : 40)
(113 : 112)
(112 : 104)
(1 : 13)
(4 : 14)
(4 : 16)
(6 : 16)
(7 : 17)
(20 : 11)
(14 : 25)
(15 : 26)
(17 : 28)
(31 : 22)
(32 : 23)
(24 : 33)
(41 : 31)
(32 : 44)
(36 : 46)
(38 : 48)
(41 : 52)
(56 : 45)
(59 : 48)
(57 : 66)
(75 : 65)
(65 : 77)
(69 : 81)
(71 : 81)
(75 : 86)
(76 : 87)
(89 : 80)
(80 : 91)
(82 : 91)
(83 : 92)
(85 : 95)
(88 : 98)
(101 : 93)
(95 : 103)
(96 : 104)
(100 : 108)
(101 : 111)
(104 : 113)
(106 : 115)
(115 : 108)
(108 : 117)
(110 : 117)
(111 : 118)
