838.0
4
20
67 87 44 73 52 65 76 74 55 53 69 61 105 22 90 47 29 92 108 25 
9.0 5.0 64.0 71.0 86.0 71.0 14.0 86.0 90.0 39.0 94.0 12.0 74.0 78.0 89.0 26.0 63.0 63.0 27.0 43.0 67.0 15.0 59.0 80.0 52.0 82.0 99.0 56.0 0.0 19.0 84.0 56.0 6.0 69.0 29.0 27.0 87.0 99.0 83.0 62.0 46.0 20.0 23.0 46.0 64.0 6.0 15.0 32.0 22.0 3.0 5.0 78.0 10.0 94.0 38.0 77.0 13.0 25.0 72.0 54.0 86.0 57.0 9.0 86.0 76.0 56.0 81.0 98.0 9.0 25.0 95.0 96.0 30.0 59.0 12.0 45.0 69.0 49.0 5.0 98.0 37.0 21.0 72.0 8.0 44.0 35.0 60.0 37.0 0.0 99.0 24.0 90.0 72.0 80.0 61.0 45.0 1.0 3.0 59.0 66.0 
(52 : 51)
(47 : 46)
(67 : 68)
(68 : 57)
(25 : 24)
(25 : 15)
(47 : 48)
(48 : 59)
(90 : 89)
(46 : 45)
(45 : 44)
(24 : 23)
(22 : 12)
(87 : 86)
(53 : 42)
(53 : 64)
(55 : 56)
(56 : 57)
(68 : 78)
(78 : 89)
(57 : 58)
(58 : 47)
(44 : 43)
(44 : 33)
(45 : 34)
(87 : 96)
(87 : 88)
(88 : 89)
(74 : 75)
(47 : 36)
(65 : 54)
(54 : 43)
(67 : 66)
(66 : 76)
(58 : 69)
(58 : 59)
(54 : 53)
(69 : 79)
(79 : 78)
(86 : 85)
(85 : 74)
(66 : 65)
(76 : 77)
(53 : 52)
(87 : 76)
(73 : 63)
(24 : 14)
(85 : 94)
(88 : 97)
(97 : 107)
(107 : 108)
(36 : 35)
(90 : 99)
(41 : 42)
(69 : 70)
(70 : 59)
(67 : 56)
(85 : 84)
(96 : 95)
(95 : 86)
(48 : 37)
(14 : 4)
(73 : 72)
(52 : 41)
(105 : 106)
(106 : 107)
(55 : 44)
(36 : 37)
(98 : 97)
(108 : 117)
(65 : 64)
(65 : 75)
(57 : 46)
(26 : 16)
(16 : 15)
(84 : 93)
(33 : 32)
(32 : 22)
(37 : 27)
(27 : 26)
(29 : 19)
(27 : 17)
(70 : 80)
(80 : 79)
(63 : 62)
(64 : 74)
(16 : 6)
(92 : 83)
(83 : 84)
(78 : 77)
(106 : 115)
(64 : 63)
(62 : 61)
(62 : 72)
(73 : 84)
(54 : 55)
(107 : 116)
(116 : 117)
(25 : 35)
(25 : 26)
(19 : 20)
(51 : 40)
(40 : 29)
(40 : 41)
(96 : 106)
(117 : 118)
(77 : 67)
(31 : 21)
(19 : 10)
(40 : 39)
(36 : 26)
(108 : 109)
(109 : 99)
(98 : 89)
(98 : 108)
(98 : 99)
(72 : 71)
(71 : 61)
(43 : 32)
(33 : 23)
(42 : 31)
(42 : 43)
(73 : 74)
(45 : 56)
(39 : 38)
(17 : 7)
(7 : 6)
(105 : 104)
(80 : 91)
(19 : 18)
(12 : 2)
(6 : 5)
(5 : 4)
(5 : 15)
(21 : 11)
(11 : 12)
(93 : 103)
(103 : 104)
(21 : 20)
(94 : 93)
(14 : 13)
(13 : 23)
(61 : 50)
(50 : 51)
(2 : 3)
(3 : 13)
(61 : 60)
(41 : 30)
(30 : 29)
(95 : 94)
(2 : 1)
(16 : 17)
(18 : 9)
(35 : 34)
(15 : 14)
(90 : 91)
(103 : 102)
(102 : 92)
(50 : 49)
(49 : 38)
(49 : 60)
(72 : 83)
(29 : 28)
(28 : 39)
(91 : 100)
(62 : 51)
(83 : 82)
(79 : 90)
(100 : 110)
(102 : 101)
(115 : 114)
(68 : 69)
(114 : 113)
(113 : 104)
(9 : 0)
(75 : 76)
(34 : 33)
(82 : 81)
(102 : 111)
(52 : 63)
(32 : 31)
(9 : 8)
(111 : 112)
(112 : 103)
(55 : 66)
(22 : 21)
(22 : 23)
(110 : 119)
(119 : 118)
(2 : 11)
(3 : 12)
(4 : 13)
(4 : 15)
(28 : 19)
(20 : 29)
(32 : 23)
(24 : 33)
(25 : 34)
(25 : 36)
(26 : 37)
(31 : 43)
(45 : 35)
(35 : 47)
(39 : 49)
(41 : 53)
(44 : 56)
(46 : 58)
(47 : 59)
(52 : 64)
(54 : 66)
(56 : 68)
(68 : 58)
(72 : 63)
(73 : 64)
(65 : 76)
(77 : 68)
(78 : 69)
(72 : 82)
(73 : 85)
(76 : 86)
(76 : 88)
(79 : 91)
(83 : 93)
(84 : 94)
(85 : 95)
(88 : 96)
(97 : 89)
(91 : 99)
(93 : 104)
(95 : 106)
(97 : 106)
(107 : 98)
(98 : 109)
(104 : 112)
(105 : 113)
(109 : 117)
