912.0
4
20
65 87 40 73 49 63 76 74 52 50 67 59 105 19 90 43 25 93 108 22 
43.0 37.0 90.0 29.0 70.0 33.0 76.0 54.0 99.0 90.0 41.0 27.0 59.0 8.0 33.0 39.0 65.0 42.0 92.0 33.0 55.0 78.0 94.0 96.0 18.0 86.0 97.0 56.0 49.0 23.0 77.0 4.0 68.0 72.0 76.0 51.0 97.0 57.0 43.0 38.0 12.0 23.0 88.0 2.0 84.0 91.0 75.0 53.0 90.0 35.0 11.0 38.0 67.0 20.0 98.0 37.0 32.0 67.0 0.0 17.0 54.0 58.0 63.0 30.0 13.0 77.0 37.0 78.0 98.0 95.0 58.0 70.0 58.0 78.0 80.0 35.0 1.0 36.0 33.0 7.0 64.0 89.0 69.0 65.0 79.0 59.0 58.0 95.0 36.0 28.0 58.0 32.0 27.0 99.0 34.0 65.0 49.0 72.0 82.0 14.0 
(73 : 61)
(68 : 56)
(52 : 51)
(51 : 63)
(59 : 47)
(108 : 109)
(56 : 44)
(44 : 43)
(22 : 23)
(87 : 86)
(43 : 32)
(32 : 23)
(32 : 33)
(23 : 13)
(47 : 35)
(19 : 9)
(67 : 55)
(55 : 43)
(55 : 56)
(87 : 97)
(50 : 38)
(40 : 29)
(35 : 36)
(23 : 24)
(51 : 39)
(59 : 60)
(60 : 61)
(59 : 58)
(47 : 46)
(55 : 54)
(105 : 104)
(54 : 53)
(53 : 52)
(14 : 24)
(61 : 62)
(105 : 106)
(106 : 97)
(97 : 98)
(67 : 79)
(109 : 118)
(64 : 52)
(64 : 65)
(58 : 57)
(29 : 20)
(20 : 19)
(43 : 42)
(42 : 54)
(36 : 37)
(42 : 41)
(41 : 40)
(59 : 71)
(105 : 96)
(13 : 12)
(105 : 114)
(32 : 31)
(31 : 22)
(31 : 42)
(49 : 48)
(48 : 36)
(87 : 88)
(71 : 72)
(22 : 21)
(21 : 20)
(73 : 84)
(86 : 75)
(75 : 63)
(68 : 80)
(37 : 26)
(26 : 25)
(38 : 27)
(114 : 113)
(106 : 107)
(98 : 99)
(99 : 108)
(108 : 117)
(9 : 2)
(46 : 45)
(27 : 28)
(28 : 39)
(28 : 29)
(29 : 30)
(109 : 100)
(109 : 110)
(113 : 112)
(2 : 1)
(90 : 89)
(89 : 99)
(25 : 16)
(26 : 17)
(74 : 85)
(85 : 84)
(14 : 7)
(20 : 10)
(67 : 66)
(89 : 78)
(78 : 66)
(21 : 11)
(11 : 10)
(2 : 3)
(27 : 18)
(18 : 17)
(11 : 4)
(4 : 5)
(5 : 12)
(13 : 6)
(6 : 7)
(117 : 116)
(76 : 77)
(77 : 65)
(77 : 78)
(84 : 83)
(106 : 115)
(115 : 114)
(18 : 8)
(85 : 95)
(71 : 82)
(82 : 83)
(112 : 103)
(93 : 92)
(92 : 82)
(112 : 111)
(82 : 81)
(93 : 102)
(57 : 69)
(69 : 70)
(110 : 101)
(101 : 100)
(84 : 94)
(94 : 95)
(46 : 34)
(34 : 35)
(1 : 0)
(16 : 15)
(101 : 91)
(91 : 80)
(110 : 119)
(119 : 118)
(13 : 7)
(13 : 22)
(14 : 23)
(17 : 25)
(20 : 28)
(21 : 29)
(24 : 32)
(26 : 36)
(28 : 38)
(52 : 63)
(55 : 66)
(67 : 56)
(57 : 70)
(60 : 71)
(64 : 77)
(72 : 82)
(74 : 84)
(83 : 92)
(98 : 106)
(100 : 108)
(105 : 113)
