8649.0
8
10
297 497 27 407 141 285 422 413 159 147 
93.0 63.0 63.0 60.0 81.0 94.0 94.0 70.0 6.0 5.0 67.0 32.0 91.0 76.0 75.0 65.0 64.0 73.0 1.0 92.0 5.0 19.0 83.0 82.0 28.0 10.0 25.0 83.0 71.0 39.0 58.0 32.0 80.0 14.0 39.0 42.0 35.0 56.0 3.0 57.0 13.0 54.0 18.0 22.0 60.0 34.0 11.0 0.0 50.0 86.0 42.0 12.0 94.0 32.0 33.0 31.0 15.0 13.0 88.0 92.0 3.0 69.0 29.0 20.0 65.0 75.0 4.0 80.0 15.0 68.0 72.0 82.0 61.0 78.0 97.0 59.0 30.0 24.0 4.0 37.0 11.0 83.0 80.0 94.0 90.0 4.0 57.0 73.0 50.0 18.0 86.0 85.0 25.0 89.0 98.0 93.0 11.0 84.0 32.0 96.0 11.0 6.0 53.0 88.0 11.0 79.0 80.0 76.0 9.0 7.0 20.0 69.0 62.0 38.0 51.0 50.0 66.0 3.0 79.0 40.0 70.0 82.0 78.0 50.0 4.0 60.0 57.0 11.0 99.0 23.0 92.0 15.0 28.0 97.0 10.0 75.0 86.0 50.0 96.0 75.0 19.0 67.0 15.0 89.0 58.0 26.0 71.0 11.0 2.0 98.0 11.0 46.0 87.0 31.0 95.0 30.0 8.0 23.0 6.0 33.0 62.0 60.0 94.0 32.0 59.0 39.0 50.0 85.0 81.0 58.0 53.0 30.0 54.0 52.0 49.0 10.0 0.0 32.0 38.0 57.0 30.0 22.0 45.0 36.0 66.0 97.0 30.0 82.0 26.0 2.0 22.0 85.0 44.0 31.0 58.0 4.0 87.0 31.0 83.0 5.0 8.0 41.0 79.0 4.0 60.0 45.0 19.0 3.0 48.0 84.0 61.0 76.0 88.0 82.0 76.0 51.0 28.0 83.0 44.0 64.0 11.0 33.0 64.0 69.0 84.0 24.0 98.0 66.0 6.0 42.0 96.0 3.0 53.0 40.0 3.0 0.0 37.0 52.0 28.0 55.0 70.0 16.0 16.0 38.0 13.0 79.0 40.0 25.0 76.0 56.0 3.0 44.0 46.0 26.0 0.0 85.0 24.0 10.0 42.0 74.0 69.0 91.0 70.0 87.0 74.0 53.0 42.0 34.0 73.0 28.0 68.0 65.0 14.0 48.0 21.0 0.0 47.0 56.0 90.0 6.0 48.0 62.0 37.0 36.0 35.0 39.0 51.0 84.0 40.0 88.0 77.0 71.0 67.0 66.0 3.0 82.0 10.0 6.0 35.0 35.0 97.0 13.0 37.0 55.0 2.0 97.0 43.0 40.0 75.0 78.0 87.0 1.0 93.0 63.0 25.0 61.0 27.0 89.0 74.0 41.0 4.0 51.0 6.0 80.0 22.0 56.0 70.0 42.0 20.0 66.0 81.0 65.0 60.0 8.0 73.0 8.0 50.0 9.0 23.0 4.0 89.0 27.0 17.0 44.0 75.0 6.0 5.0 34.0 51.0 82.0 58.0 63.0 65.0 90.0 47.0 20.0 15.0 19.0 8.0 80.0 52.0 58.0 14.0 67.0 39.0 62.0 23.0 31.0 15.0 23.0 33.0 93.0 71.0 28.0 41.0 93.0 98.0 12.0 10.0 73.0 90.0 65.0 49.0 7.0 56.0 9.0 47.0 46.0 33.0 61.0 17.0 30.0 30.0 27.0 3.0 42.0 68.0 93.0 22.0 47.0 68.0 48.0 54.0 62.0 6.0 1.0 58.0 49.0 57.0 91.0 24.0 35.0 70.0 12.0 4.0 39.0 32.0 78.0 19.0 22.0 44.0 56.0 96.0 22.0 67.0 9.0 73.0 43.0 94.0 32.0 14.0 7.0 85.0 80.0 77.0 51.0 20.0 32.0 3.0 2.0 20.0 84.0 72.0 74.0 77.0 30.0 63.0 3.0 22.0 99.0 16.0 4.0 95.0 79.0 96.0 96.0 8.0 39.0 50.0 1.0 56.0 90.0 89.0 26.0 73.0 28.0 34.0 42.0 36.0 74.0 67.0 0.0 25.0 26.0 26.0 34.0 4.0 83.0 53.0 29.0 20.0 6.0 13.0 65.0 35.0 70.0 6.0 33.0 92.0 75.0 35.0 70.0 91.0 54.0 40.0 53.0 9.0 80.0 53.0 33.0 
(159 : 133)
(141 : 115)
(413 : 414)
(115 : 116)
(27 : 12)
(12 : 2)
(158 : 132)
(266 : 246)
(147 : 146)
(413 : 394)
(497 : 488)
(132 : 107)
(245 : 244)
(266 : 265)
(265 : 245)
(297 : 296)
(146 : 120)
(407 : 388)
(497 : 498)
(132 : 131)
(497 : 496)
(296 : 277)
(394 : 395)
(413 : 412)
(266 : 267)
(265 : 264)
(414 : 415)
(115 : 114)
(2 : 3)
(244 : 243)
(266 : 285)
(243 : 222)
(120 : 119)
(243 : 242)
(147 : 121)
(133 : 108)
(107 : 106)
(106 : 131)
(120 : 96)
(131 : 130)
(496 : 495)
(414 : 434)
(496 : 487)
(2 : 1)
(130 : 129)
(415 : 416)
(3 : 13)
(13 : 12)
(264 : 263)
(486 : 495)
(106 : 105)
(245 : 224)
(159 : 184)
(422 : 421)
(130 : 156)
(158 : 183)
(412 : 411)
(158 : 157)
(434 : 435)
(245 : 246)
(246 : 225)
(296 : 295)
(105 : 104)
(435 : 451)
(411 : 410)
(412 : 432)
(160 : 185)
(160 : 134)
(134 : 133)
(132 : 133)
(488 : 489)
(222 : 221)
(221 : 242)
(104 : 103)
(92 : 68)
(432 : 431)
(498 : 499)
(106 : 82)
(246 : 247)
(107 : 83)
(184 : 206)
(434 : 450)
(388 : 364)
(134 : 135)
(183 : 182)
(119 : 95)
(95 : 96)
(115 : 91)
(91 : 92)
(184 : 185)
(131 : 157)
(3 : 4)
(147 : 148)
(121 : 122)
(414 : 395)
(496 : 504)
(277 : 276)
(276 : 295)
(489 : 482)
(158 : 159)
(91 : 67)
(277 : 278)
(278 : 297)
(134 : 109)
(262 : 242)
(60 : 61)
(297 : 316)
(92 : 93)
(264 : 283)
(435 : 436)
(436 : 416)
(297 : 298)
(119 : 145)
(157 : 182)
(129 : 155)
(285 : 286)
(504 : 505)
(505 : 497)
(182 : 181)
(206 : 207)
(207 : 185)
(295 : 294)
(148 : 149)
(388 : 387)
(263 : 282)
(415 : 396)
(207 : 208)
(394 : 370)
(276 : 275)
(108 : 84)
(84 : 83)
(61 : 42)
(159 : 160)
(451 : 464)
(431 : 430)
(430 : 410)
(464 : 465)
(120 : 121)
(387 : 386)
(182 : 204)
(364 : 363)
(286 : 306)
(407 : 408)
(488 : 481)
(481 : 482)
(149 : 123)
(123 : 122)
(84 : 85)
(85 : 109)
(61 : 62)
(181 : 180)
(180 : 155)
(206 : 231)
(95 : 71)
(81 : 80)
(80 : 104)
(408 : 428)
(495 : 494)
(67 : 48)
(285 : 284)
(135 : 136)
(495 : 503)
(93 : 69)
(265 : 284)
(204 : 203)
(408 : 389)
(160 : 161)
(123 : 99)
(494 : 493)
(4 : 14)
(505 : 506)
(4 : 5)
(68 : 49)
(49 : 48)
(109 : 110)
(110 : 135)
(422 : 401)
(148 : 173)
(67 : 66)
(136 : 137)
(108 : 107)
(49 : 34)
(296 : 315)
(315 : 316)
(406 : 387)
(136 : 111)
(111 : 110)
(481 : 469)
(66 : 65)
(410 : 391)
(486 : 479)
(80 : 57)
(114 : 90)
(90 : 66)
(61 : 84)
(286 : 287)
(90 : 89)
(488 : 487)
(504 : 503)
(406 : 405)
(405 : 386)
(93 : 117)
(13 : 28)
(436 : 452)
(183 : 205)
(34 : 35)
(95 : 94)
(499 : 490)
(401 : 402)
(225 : 200)
(431 : 447)
(482 : 470)
(200 : 201)
(180 : 179)
(452 : 453)
(294 : 313)
(66 : 47)
(60 : 59)
(59 : 82)
(479 : 480)
(480 : 481)
(487 : 480)
(489 : 498)
(489 : 490)
(244 : 223)
(487 : 486)
(161 : 162)
(141 : 167)
(185 : 186)
(99 : 100)
(65 : 46)
(432 : 448)
(287 : 268)
(223 : 198)
(34 : 33)
(285 : 305)
(279 : 298)
(203 : 228)
(294 : 293)
(12 : 11)
(11 : 1)
(94 : 70)
(70 : 71)
(223 : 224)
(114 : 113)
(113 : 89)
(433 : 434)
(412 : 393)
(407 : 427)
(149 : 174)
(174 : 173)
(68 : 67)
(123 : 124)
(124 : 100)
(124 : 150)
(119 : 118)
(118 : 117)
(162 : 187)
(370 : 348)
(242 : 241)
(298 : 317)
(370 : 371)
(35 : 20)
(108 : 109)
(433 : 449)
(449 : 450)
(28 : 43)
(205 : 230)
(230 : 231)
(316 : 339)
(35 : 50)
(50 : 49)
(186 : 161)
(137 : 112)
(315 : 338)
(295 : 314)
(314 : 315)
(287 : 288)
(503 : 502)
(410 : 409)
(294 : 275)
(406 : 426)
(50 : 51)
(51 : 70)
(228 : 227)
(427 : 443)
(262 : 261)
(261 : 241)
(122 : 98)
(91 : 90)
(389 : 365)
(365 : 364)
(293 : 274)
(433 : 432)
(494 : 485)
(485 : 486)
(34 : 19)
(221 : 220)
(220 : 241)
(409 : 390)
(154 : 128)
(128 : 103)
(13 : 14)
(421 : 400)
(464 : 463)
(407 : 406)
(449 : 462)
(179 : 178)
(178 : 200)
(401 : 379)
(421 : 420)
(156 : 157)
(390 : 366)
(68 : 69)
(268 : 248)
(146 : 171)
(59 : 58)
(58 : 81)
(5 : 15)
(283 : 303)
(98 : 97)
(97 : 96)
(201 : 226)
(226 : 247)
(83 : 60)
(114 : 140)
(366 : 344)
(207 : 232)
(232 : 231)
(433 : 413)
(100 : 101)
(421 : 439)
(46 : 31)
(393 : 392)
(409 : 429)
(429 : 430)
(480 : 468)
(430 : 446)
(145 : 144)
(490 : 483)
(317 : 340)
(340 : 339)
(282 : 281)
(227 : 202)
(128 : 127)
(379 : 357)
(463 : 474)
(223 : 222)
(167 : 166)
(205 : 204)
(205 : 206)
(59 : 40)
(447 : 460)
(416 : 397)
(397 : 396)
(339 : 361)
(361 : 360)
(104 : 129)
(284 : 304)
(392 : 368)
(342 : 318)
(85 : 86)
(460 : 459)
(173 : 195)
(195 : 220)
(228 : 249)
(249 : 248)
(137 : 163)
(163 : 162)
(396 : 372)
(400 : 378)
(357 : 336)
(65 : 89)
(200 : 199)
(199 : 198)
(198 : 176)
(224 : 199)
(224 : 225)
(283 : 282)
(264 : 244)
(225 : 226)
(101 : 125)
(125 : 124)
(281 : 301)
(173 : 172)
(172 : 171)
(86 : 63)
(63 : 62)
(58 : 39)
(340 : 362)
(485 : 484)
(484 : 493)
(394 : 393)
(243 : 263)
(117 : 143)
(143 : 144)
(393 : 369)
(369 : 368)
(369 : 370)
(422 : 440)
(144 : 169)
(11 : 10)
(306 : 331)
(447 : 448)
(149 : 150)
(490 : 491)
(435 : 415)
(198 : 197)
(453 : 437)
(437 : 436)
(166 : 165)
(400 : 399)
(479 : 467)
(467 : 468)
(28 : 29)
(29 : 14)
(222 : 197)
(127 : 126)
(126 : 125)
(113 : 139)
(462 : 461)
(176 : 151)
(139 : 165)
(342 : 343)
(343 : 344)
(446 : 445)
(390 : 391)
(448 : 449)
(277 : 257)
(267 : 247)
(267 : 268)
(348 : 347)
(178 : 153)
(39 : 24)
(468 : 456)
(456 : 439)
(437 : 417)
(230 : 229)
(319 : 318)
(284 : 283)
(279 : 259)
(259 : 258)
(368 : 367)
(357 : 358)
(161 : 135)
(186 : 208)
(42 : 41)
(416 : 417)
(379 : 380)
(405 : 425)
(331 : 330)
(281 : 280)
(280 : 261)
(344 : 345)
(344 : 320)
(320 : 319)
(248 : 227)
(75 : 74)
(467 : 455)
(141 : 140)
(301 : 326)
(326 : 325)
(426 : 442)
(188 : 210)
(232 : 233)
(361 : 384)
(379 : 378)
(48 : 47)
(288 : 289)
(463 : 462)
(422 : 423)
(368 : 346)
(346 : 345)
(346 : 347)
(72 : 53)
(274 : 254)
(122 : 148)
(137 : 138)
(53 : 37)
(439 : 438)
(464 : 475)
(475 : 474)
(150 : 175)
(175 : 197)
(1 : 0)
(0 : 10)
(378 : 356)
(197 : 196)
(196 : 195)
(196 : 221)
(231 : 252)
(241 : 240)
(48 : 33)
(276 : 256)
(63 : 44)
(44 : 29)
(199 : 177)
(202 : 180)
(202 : 203)
(233 : 234)
(392 : 391)
(319 : 299)
(397 : 373)
(274 : 273)
(391 : 367)
(153 : 152)
(152 : 151)
(357 : 356)
(46 : 47)
(364 : 342)
(485 : 478)
(287 : 307)
(35 : 36)
(141 : 142)
(268 : 269)
(269 : 288)
(498 : 506)
(380 : 381)
(252 : 253)
(331 : 332)
(153 : 154)
(29 : 30)
(467 : 466)
(466 : 478)
(121 : 97)
(85 : 62)
(228 : 229)
(101 : 77)
(343 : 365)
(506 : 507)
(227 : 226)
(326 : 350)
(5 : 6)
(336 : 310)
(166 : 191)
(450 : 463)
(450 : 451)
(451 : 452)
(289 : 290)
(360 : 359)
(151 : 125)
(151 : 150)
(343 : 319)
(281 : 262)
(302 : 327)
(10 : 25)
(25 : 40)
(79 : 103)
(330 : 329)
(491 : 492)
(145 : 170)
(170 : 171)
(491 : 500)
(177 : 176)
(210 : 211)
(453 : 454)
(53 : 52)
(191 : 190)
(459 : 458)
(399 : 377)
(74 : 55)
(377 : 376)
(400 : 401)
(290 : 291)
(291 : 310)
(94 : 118)
(376 : 354)
(177 : 152)
(53 : 54)
(54 : 55)
(30 : 45)
(45 : 44)
(45 : 64)
(112 : 88)
(289 : 309)
(459 : 472)
(41 : 26)
(26 : 11)
(458 : 457)
(249 : 250)
(395 : 371)
(427 : 428)
(75 : 76)
(76 : 100)
(339 : 338)
(420 : 419)
(165 : 190)
(6 : 16)
(310 : 311)
(69 : 70)
(163 : 164)
(164 : 138)
(354 : 333)
(333 : 332)
(313 : 312)
(312 : 293)
(500 : 508)
(508 : 507)
(247 : 248)
(6 : 7)
(37 : 22)
(62 : 43)
(71 : 72)
(426 : 425)
(426 : 427)
(292 : 291)
(292 : 311)
(111 : 87)
(286 : 267)
(41 : 40)
(220 : 219)
(219 : 194)
(103 : 102)
(97 : 73)
(346 : 322)
(20 : 9)
(325 : 349)
(349 : 348)
(190 : 214)
(269 : 270)
(54 : 38)
(333 : 334)
(291 : 272)
(369 : 347)
(305 : 304)
(305 : 330)
(211 : 212)
(508 : 509)
(282 : 302)
(254 : 255)
(330 : 353)
(385 : 362)
(105 : 81)
(443 : 444)
(444 : 445)
(478 : 477)
(36 : 21)
(334 : 355)
(355 : 377)
(509 : 501)
(501 : 492)
(22 : 23)
(23 : 38)
(232 : 253)
(254 : 233)
(293 : 292)
(7 : 8)
(327 : 328)
(328 : 303)
(477 : 476)
(333 : 308)
(308 : 309)
(345 : 321)
(387 : 363)
(419 : 418)
(301 : 300)
(7 : 17)
(233 : 208)
(259 : 236)
(155 : 154)
(155 : 156)
(270 : 271)
(187 : 209)
(209 : 208)
(166 : 140)
(384 : 383)
(33 : 18)
(191 : 192)
(192 : 167)
(313 : 337)
(219 : 218)
(202 : 201)
(195 : 194)
(327 : 351)
(351 : 350)
(361 : 362)
(218 : 217)
(33 : 32)
(32 : 31)
(261 : 260)
(255 : 256)
(348 : 324)
(99 : 98)
(273 : 272)
(444 : 428)
(167 : 168)
(168 : 142)
(383 : 404)
(117 : 116)
(27 : 28)
(458 : 471)
(471 : 472)
(289 : 270)
(402 : 403)
(403 : 381)
(79 : 78)
(196 : 174)
(356 : 335)
(47 : 32)
(278 : 258)
(403 : 424)
(83 : 82)
(234 : 235)
(392 : 411)
(373 : 374)
(236 : 213)
(272 : 252)
(272 : 271)
(447 : 446)
(194 : 193)
(193 : 171)
(193 : 218)
(347 : 323)
(323 : 324)
(214 : 237)
(383 : 382)
(382 : 359)
(191 : 215)
(215 : 214)
(376 : 375)
(342 : 341)
(209 : 234)
(237 : 238)
(238 : 215)
(462 : 473)
(181 : 156)
(77 : 56)
(424 : 441)
(164 : 189)
(189 : 188)
(189 : 211)
(271 : 251)
(251 : 252)
(215 : 216)
(329 : 352)
(240 : 239)
(397 : 398)
(11 : 2)
(13 : 4)
(6 : 15)
(28 : 14)
(19 : 33)
(20 : 36)
(23 : 37)
(26 : 40)
(31 : 47)
(32 : 48)
(33 : 49)
(44 : 62)
(63 : 45)
(48 : 68)
(50 : 68)
(51 : 69)
(52 : 72)
(58 : 80)
(58 : 82)
(82 : 60)
(61 : 85)
(71 : 96)
(99 : 76)
(77 : 100)
(79 : 104)
(105 : 82)
(106 : 83)
(86 : 109)
(115 : 92)
(92 : 117)
(94 : 117)
(98 : 123)
(103 : 127)
(105 : 129)
(132 : 108)
(116 : 141)
(143 : 118)
(118 : 145)
(119 : 146)
(146 : 121)
(148 : 123)
(149 : 124)
(126 : 151)
(127 : 154)
(128 : 155)
(156 : 131)
(131 : 158)
(132 : 159)
(133 : 160)
(160 : 135)
(136 : 161)
(137 : 162)
(165 : 140)
(141 : 168)
(146 : 170)
(146 : 172)
(148 : 172)
(175 : 151)
(151 : 177)
(177 : 153)
(179 : 155)
(156 : 182)
(184 : 160)
(163 : 187)
(163 : 189)
(166 : 192)
(193 : 172)
(195 : 174)
(175 : 196)
(197 : 176)
(179 : 202)
(181 : 202)
(184 : 205)
(197 : 223)
(226 : 202)
(227 : 203)
(204 : 228)
(205 : 229)
(205 : 231)
(207 : 233)
(208 : 234)
(220 : 240)
(232 : 254)
(241 : 260)
(242 : 263)
(265 : 246)
(266 : 247)
(255 : 274)
(275 : 256)
(258 : 279)
(280 : 262)
(263 : 281)
(265 : 285)
(266 : 286)
(291 : 273)
(274 : 292)
(275 : 293)
(297 : 279)
(301 : 282)
(284 : 303)
(287 : 306)
(312 : 294)
(298 : 316)
(303 : 327)
(306 : 330)
(309 : 333)
(342 : 319)
(343 : 320)
(322 : 345)
(323 : 348)
(324 : 349)
(336 : 356)
(339 : 360)
(363 : 342)
(342 : 365)
(370 : 349)
(360 : 382)
(384 : 362)
(363 : 388)
(365 : 388)
(367 : 390)
(373 : 398)
(378 : 399)
(405 : 387)
(406 : 388)
(409 : 391)
(391 : 411)
(411 : 393)
(397 : 417)
(409 : 430)
(411 : 430)
(412 : 431)
(412 : 433)
(413 : 434)
(416 : 437)
(421 : 438)
(422 : 439)
(426 : 443)
(429 : 444)
(429 : 446)
(451 : 436)
(458 : 446)
(459 : 447)
(448 : 462)
(450 : 464)
(463 : 473)
(467 : 478)
(479 : 468)
(481 : 489)
(482 : 490)
(495 : 487)
(495 : 502)
(496 : 505)
(499 : 506)
(501 : 508)
