1651.0
6
20
124 172 66 143 91 120 149 145 97 93 127 114 212 14 177 71 36 188 217 19 
89.0 47.0 62.0 74.0 45.0 74.0 89.0 42.0 83.0 70.0 36.0 49.0 11.0 31.0 74.0 24.0 72.0 28.0 39.0 92.0 42.0 43.0 95.0 77.0 12.0 59.0 32.0 39.0 14.0 90.0 78.0 14.0 74.0 38.0 14.0 91.0 32.0 82.0 73.0 61.0 12.0 63.0 19.0 85.0 38.0 50.0 82.0 51.0 46.0 78.0 91.0 23.0 97.0 9.0 37.0 55.0 54.0 81.0 30.0 95.0 40.0 21.0 79.0 13.0 79.0 31.0 80.0 80.0 22.0 12.0 69.0 30.0 85.0 42.0 97.0 3.0 2.0 12.0 31.0 75.0 41.0 20.0 17.0 95.0 57.0 27.0 28.0 81.0 85.0 7.0 11.0 62.0 93.0 74.0 90.0 37.0 20.0 11.0 9.0 83.0 24.0 15.0 62.0 34.0 47.0 46.0 16.0 84.0 0.0 86.0 47.0 75.0 8.0 21.0 56.0 54.0 44.0 9.0 46.0 98.0 30.0 34.0 22.0 97.0 1.0 21.0 35.0 49.0 76.0 72.0 7.0 58.0 17.0 69.0 19.0 6.0 31.0 23.0 60.0 42.0 15.0 50.0 56.0 45.0 7.0 41.0 79.0 16.0 9.0 96.0 54.0 2.0 25.0 35.0 39.0 88.0 95.0 32.0 63.0 68.0 11.0 61.0 18.0 71.0 1.0 60.0 24.0 18.0 27.0 38.0 63.0 96.0 90.0 42.0 62.0 64.0 98.0 26.0 25.0 27.0 40.0 91.0 3.0 92.0 32.0 33.0 36.0 88.0 54.0 86.0 80.0 4.0 36.0 35.0 17.0 14.0 60.0 77.0 53.0 86.0 
(66 : 65)
(217 : 218)
(145 : 144)
(177 : 176)
(149 : 137)
(218 : 219)
(219 : 207)
(51 : 39)
(51 : 52)
(177 : 166)
(145 : 146)
(93 : 92)
(217 : 216)
(114 : 102)
(114 : 113)
(65 : 64)
(66 : 67)
(93 : 107)
(71 : 58)
(144 : 157)
(66 : 82)
(14 : 15)
(212 : 213)
(52 : 40)
(40 : 39)
(172 : 160)
(145 : 158)
(19 : 20)
(144 : 132)
(216 : 215)
(149 : 150)
(158 : 159)
(176 : 165)
(176 : 175)
(216 : 205)
(146 : 134)
(146 : 147)
(205 : 204)
(204 : 215)
(212 : 211)
(65 : 81)
(218 : 206)
(206 : 207)
(188 : 189)
(91 : 77)
(102 : 87)
(14 : 4)
(114 : 129)
(19 : 18)
(58 : 57)
(175 : 174)
(65 : 51)
(8 : 9)
(102 : 101)
(134 : 119)
(205 : 195)
(67 : 68)
(165 : 153)
(212 : 201)
(62 : 61)
(61 : 48)
(61 : 78)
(101 : 86)
(143 : 142)
(150 : 161)
(40 : 28)
(153 : 139)
(82 : 83)
(213 : 214)
(83 : 98)
(28 : 29)
(211 : 200)
(200 : 201)
(102 : 103)
(150 : 138)
(19 : 8)
(36 : 23)
(172 : 173)
(120 : 108)
(40 : 41)
(200 : 199)
(23 : 10)
(204 : 203)
(120 : 135)
(135 : 134)
(68 : 69)
(86 : 72)
(93 : 94)
(145 : 133)
(58 : 46)
(186 : 176)
(67 : 53)
(53 : 41)
(62 : 63)
(86 : 87)
(165 : 164)
(68 : 54)
(54 : 53)
(83 : 67)
(87 : 88)
(10 : 1)
(210 : 199)
(57 : 45)
(124 : 125)
(188 : 187)
(186 : 185)
(1 : 2)
(69 : 70)
(29 : 17)
(129 : 128)
(82 : 81)
(82 : 97)
(79 : 63)
(79 : 94)
(54 : 42)
(42 : 41)
(87 : 73)
(51 : 50)
(149 : 148)
(53 : 52)
(189 : 180)
(150 : 151)
(23 : 24)
(69 : 55)
(42 : 30)
(30 : 29)
(61 : 60)
(28 : 16)
(189 : 190)
(175 : 164)
(70 : 56)
(56 : 57)
(199 : 198)
(15 : 27)
(27 : 28)
(156 : 142)
(132 : 117)
(94 : 95)
(36 : 37)
(37 : 24)
(201 : 192)
(17 : 6)
(24 : 11)
(127 : 126)
(126 : 139)
(124 : 111)
(164 : 163)
(129 : 130)
(42 : 43)
(43 : 55)
(30 : 31)
(79 : 80)
(80 : 64)
(80 : 95)
(69 : 84)
(107 : 118)
(118 : 117)
(109 : 108)
(210 : 209)
(45 : 44)
(44 : 56)
(60 : 59)
(200 : 191)
(130 : 141)
(106 : 105)
(138 : 123)
(26 : 25)
(88 : 74)
(74 : 73)
(56 : 55)
(36 : 35)
(35 : 22)
(20 : 21)
(135 : 136)
(136 : 121)
(132 : 131)
(180 : 179)
(4 : 3)
(46 : 33)
(136 : 137)
(13 : 12)
(12 : 25)
(166 : 154)
(188 : 197)
(103 : 104)
(33 : 21)
(33 : 32)
(117 : 116)
(116 : 131)
(1 : 0)
(26 : 38)
(137 : 122)
(137 : 138)
(104 : 115)
(136 : 148)
(97 : 96)
(96 : 95)
(96 : 109)
(99 : 100)
(105 : 90)
(26 : 13)
(172 : 171)
(15 : 5)
(5 : 4)
(52 : 66)
(185 : 184)
(184 : 195)
(50 : 49)
(49 : 63)
(39 : 27)
(118 : 133)
(118 : 119)
(13 : 3)
(89 : 88)
(89 : 90)
(64 : 63)
(143 : 144)
(43 : 31)
(122 : 121)
(75 : 89)
(203 : 202)
(202 : 194)
(202 : 214)
(188 : 179)
(8 : 7)
(7 : 18)
(37 : 47)
(47 : 59)
(169 : 170)
(170 : 159)
(156 : 167)
(167 : 180)
(167 : 168)
(119 : 120)
(131 : 143)
(92 : 91)
(70 : 85)
(85 : 84)
(35 : 34)
(121 : 109)
(126 : 112)
(182 : 183)
(183 : 184)
(161 : 162)
(162 : 151)
(162 : 163)
(156 : 155)
(172 : 181)
(181 : 194)
(181 : 182)
(84 : 100)
(129 : 140)
(140 : 141)
(163 : 152)
(152 : 151)
(59 : 76)
(76 : 75)
(76 : 77)
(88 : 103)
(209 : 208)
(132 : 133)
(194 : 193)
(193 : 192)
(187 : 178)
(178 : 179)
(196 : 195)
(20 : 9)
(110 : 98)
(110 : 123)
(110 : 111)
(13 : 4)
(4 : 15)
(8 : 20)
(11 : 23)
(12 : 26)
(21 : 32)
(35 : 23)
(39 : 28)
(29 : 40)
(30 : 41)
(40 : 53)
(46 : 57)
(50 : 63)
(51 : 64)
(51 : 66)
(66 : 53)
(65 : 80)
(81 : 66)
(69 : 85)
(73 : 86)
(74 : 89)
(75 : 90)
(82 : 96)
(83 : 97)
(88 : 104)
(96 : 108)
(108 : 121)
(111 : 123)
(114 : 128)
(131 : 117)
(119 : 133)
(134 : 120)
(135 : 121)
(136 : 122)
(169 : 159)
(164 : 174)
(181 : 173)
(176 : 185)
(195 : 185)
(192 : 200)
(199 : 211)
